cluster_id,t_Myr,RA_deg,Dec_deg,distance_kpc,l_deg,b_deg,X_kpc,Y_kpc,Z_kpc,R_gc_kpc,r_gc_kpc,v_x_kms,v_y_kms,v_z_kms,pm_ra_cosdec_masyr,pm_dec_masyr,RV_kms,in_bdbs_sky,in_bdbs_inner_bulge
NGC 6624,0,275.918793,-30.361029,8.02,2.78832432,-7.91346236,-0.190603151,0.386421755,-1.10367531,0.430872758,1.18479979,61.1049064,13.9848675,-122.579435,0.127,-6.956,54.79,True,True
NGC 6624,-0.1,275.828349,-30.3306295,8.01199403,2.78004034,-7.83010174,-0.196840772,0.384967413,-1.09101012,0.432372754,1.17356265,60.8760198,14.4569447,-125.100823,0.188575512,-6.98260319,54.7893591,True,True
NGC 6624,-0.2,275.735681,-30.2995829,8.00399088,2.77138465,-7.74472111,-0.203054668,0.383464506,-1.07808653,0.433908085,1.16213028,60.6409166,14.934599,-127.632768,0.250500249,-7.00937796,54.7736393,True,True
NGC 6624,-0.3,275.640775,-30.267883,7.99599225,2.76235203,-7.65730596,-0.209244197,0.381912459,-1.06490344,0.435477049,1.15050406,60.3994941,15.4179621,-130.175476,0.312779523,-7.03632683,54.7424216,True,True
NGC 6624,-0.4,275.543616,-30.2355231,7.98799987,2.75293717,-7.56784164,-0.215408708,0.38031068,-1.05145975,0.437077939,1.13868552,60.1516451,15.9071697,-132.729145,0.375418439,-7.06345208,54.6952753,True,True
NGC 6624,-0.5,275.444192,-30.2024966,7.98001553,2.74313463,-7.47631332,-0.221547538,0.378658564,-1.03775432,0.438709037,1.12667637,59.897258,16.4023622,-135.293969,0.438421856,-7.09075583,54.6317571,True,True
NGC 6624,-0.6,275.342487,-30.1687968,7.97204106,2.73293886,-7.38270605,-0.227660012,0.376955492,-1.023786,0.440368623,1.11447849,59.6362164,16.9036843,-137.870129,0.501794353,-7.11823995,54.5514113,True,True
NGC 6624,-0.7,275.238487,-30.1344168,7.96407835,2.72234419,-7.28700471,-0.233745444,0.375200829,-1.00955363,0.442054968,1.10209398,59.3683989,17.4112853,-140.457798,0.565540188,-7.14590604,54.4537686,True,True
NGC 6624,-0.8,275.132177,-30.0993496,7.95612934,2.71134482,-7.18919411,-0.239803134,0.373393926,-0.995056024,0.443766343,1.08952515,59.0936792,17.9253193,-143.057137,0.629663247,-7.17375544,54.3383467,True,True
NGC 6624,-0.9,275.023544,-30.0635882,7.94819601,2.69993484,-7.08925892,-0.245832369,0.371534116,-0.980291975,0.445501013,1.07677459,58.8119257,18.4459451,-145.668293,0.694166995,-7.20178915,54.2046489,True,True
NGC 6624,-1,274.912572,-30.0271255,7.9402804,2.68810819,-6.98718375,-0.251832424,0.369620717,-0.96526027,0.447257246,1.06384512,58.5230016,18.9733264,-148.291396,0.759054415,-7.23000782,54.0521644,True,True
NGC 6624,-1.1,274.799248,-29.9899541,7.93238461,2.67585869,-6.8829531,-0.257802557,0.367653029,-0.949959681,0.449033304,1.05073988,58.2267641,19.5076319,-150.926557,0.824327938,-7.25841171,53.8803675,True,True
NGC 6624,-1.2,274.683556,-29.9520669,7.92451081,2.66318,-6.77655147,-0.263742013,0.365630336,-0.934388971,0.450827453,1.03746236,57.923065,20.049035,-153.573868,0.889989369,-7.28700063,53.6887174,True,True
NGC 6624,-1.3,274.565482,-29.9134564,7.91666119,2.65006566,-6.66796331,-0.269650022,0.363551903,-0.918546892,0.452637957,1.02401636,57.61175,20.5977144,-156.233392,0.956039798,-7.31577389,53.4766575,True,True
NGC 6624,-1.4,274.445012,-29.8741153,7.90883806,2.63650905,-6.55717307,-0.275525796,0.361416976,-0.902432195,0.454463084,1.01040614,57.2926586,21.1538535,-158.905167,1.0224795,-7.34473027,53.2436156,True,True
NGC 6624,-1.5,274.322131,-29.8340362,7.90104373,2.62250342,-6.44416524,-0.281368531,0.359224782,-0.886043625,0.4563011,0.996636343,56.965624,21.7176406,-161.589195,1.08930784,-7.37386792,52.9890027,True,True
NGC 6624,-1.6,274.196825,-29.7932115,7.89328061,2.60804184,-6.32892439,-0.287177407,0.356974529,-0.869379931,0.458150278,0.982712136,56.6304729,22.289269,-164.285442,1.15652311,-7.40318429,52.7122134,True,True
NGC 6624,-1.7,274.069079,-29.7516339,7.88555119,2.59311724,-6.21143517,-0.292951583,0.354665406,-0.852439867,0.460008892,0.968639204,56.2870254,22.8689363,-166.993829,1.22412243,-7.43267609,52.4126253,True,True
NGC 6624,-1.8,273.938881,-29.709296,7.87785798,2.57772239,-6.09168242,-0.298690202,0.35229658,-0.835222197,0.461875219,0.954423824,55.9350948,23.4568447,-169.71423,1.29210154,-7.46233915,52.0895985,True,True
NGC 6624,-1.9,273.806217,-29.6661904,7.8702036,2.5618499,-5.96965113,-0.304392388,0.349867198,-0.817725702,0.463747541,0.940072926,55.5744873,24.0532004,-172.446459,1.36045466,-7.49216834,51.7424759,True,True
NGC 6624,-2,273.671073,-29.6223098,7.86259074,2.54549221,-5.84532659,-0.310057241,0.347376385,-0.799949185,0.465624146,0.925594157,55.2050022,24.6582132,-175.190266,1.42917424,-7.52215747,51.3705825,True,True
NGC 6624,-2.1,273.533436,-29.5776471,7.85502214,2.52864159,-5.71869438,-0.315683843,0.344823245,-0.781891475,0.467503325,0.91099596,54.8264318,25.2720961,-177.945327,1.49825074,-7.55229911,50.9732261,True,True
NGC 6624,-2.2,273.393294,-29.5321953,7.84750063,2.51129013,-5.58974049,-0.321271255,0.342206859,-0.763551445,0.469383376,0.896287656,54.4385612,25.8950645,-180.711231,1.56767234,-7.58258449,50.5496966,True,True
NGC 6624,-2.3,273.250634,-29.4859474,7.84002912,2.49342978,-5.45845137,-0.326818514,0.339526288,-0.744928008,0.471262604,0.88147954,54.0411685,26.5273356,-183.487471,1.63742462,-7.6130033,50.0992667,True,True
NGC 6624,-2.4,273.105447,-29.4388969,7.8326106,2.4750523,-5.32481404,-0.332324635,0.336780569,-0.72602014,0.473139319,0.866582978,53.634025,27.1691269,-186.273426,1.70749025,-7.64354354,49.6211926,True,True
NGC 6624,-2.5,272.95772,-29.3910374,7.82524813,2.45614927,-5.18881619,-0.337788608,0.333968717,-0.706826882,0.475011839,0.851610527,53.2168951,27.8206556,-189.068349,1.7778485,-7.67419124,49.1147138,True,True
NGC 6624,-2.6,272.807445,-29.3423629,7.81794487,2.43671211,-5.05044629,-0.3432094,0.331089725,-0.687347364,0.476878494,0.836576055,52.7895373,28.4821365,-191.871344,1.84847481,-7.70493026,48.5790551,True,True
NGC 6624,-2.7,272.654611,-29.2928678,7.81070404,2.41673209,-4.90969374,-0.348585951,0.328142565,-0.667580812,0.47873762,0.821494886,52.351704,29.1537805,-194.681347,1.91934026,-7.73574202,48.013427,True,True
NGC 6624,-2.8,272.499213,-29.2425468,7.80352897,2.39620029,-4.76654902,-0.353917179,0.325126187,-0.647526571,0.480587564,0.806383945,51.9031425,29.8357923,-197.497104,1.99041092,-7.76660511,47.417028,True,True
NGC 6624,-2.9,272.341243,-29.1913955,7.79642306,2.37510766,-4.62100383,-0.359201972,0.322039519,-0.627184128,0.482426687,0.791261928,51.4435961,30.5283677,-200.317135,2.06164715,-7.79749502,46.7890464,True,True
NGC 6624,-3,272.180697,-29.1394097,7.78938982,2.35344499,-4.47305134,-0.364439194,0.318881474,-0.60655313,0.484253364,0.776149483,50.9728049,31.2316904,-203.139711,2.13300277,-7.82838364,46.1286637,True,True
NGC 6624,-3.1,272.017571,-29.0865862,7.78243282,2.33120292,-4.32268639,-0.369627681,0.315650941,-0.585633419,0.486065983,0.761069406,50.4905074,31.9459285,-205.96281,2.20442415,-7.85923882,45.4350575,True,True
NGC 6624,-3.2,271.851864,-29.0329228,7.77555574,2.30837202,-4.16990576,-0.374766244,0.312346798,-0.564425058,0.487862952,0.746046852,49.9964428,32.6712298,-208.784077,2.27584909,-7.89002383,44.7074065,True,True
NGC 6624,-3.3,271.683577,-28.9784179,7.76876234,2.28494269,-4.01470842,-0.379853665,0.308967907,-0.542928371,0.489642701,0.731109561,49.4903528,33.407717,-211.600773,2.34720562,-7.92069672,43.9448957,True,True
NGC 6624,-3.4,271.512714,-28.9230713,7.76205647,2.26090532,-3.85709594,-0.384888702,0.305513118,-0.521143984,0.491403682,0.716288092,48.9719846,34.1554811,-214.40972,2.41841057,-7.95120958,43.1467239,True,True
NGC 6624,-3.5,271.339282,-28.8668842,7.75544206,2.2362502,-3.69707282,-0.389870087,0.301981276,-0.499072874,0.493144376,0.70161607,48.441095,34.9145748,-217.207238,2.48936795,-7.98150779,42.312111,True,True
NGC 6624,-3.6,271.163291,-28.8098592,7.74892314,2.21096764,-3.53464693,-0.394796527,0.29837122,-0.476716422,0.494863297,0.687130431,47.897454,35.6850042,-219.989066,2.5599671,-8.01152902,41.4403095,True,True
NGC 6624,-3.7,270.984755,-28.7520006,7.7425038,2.18504793,-3.36983002,-0.399666707,0.294681793,-0.454076477,0.496558995,0.672871669,47.3408506,36.4667194,-222.750281,2.63008061,-8.04120217,40.5306159,True,True
NGC 6624,-3.8,270.803692,-28.693315,7.73618822,2.1584815,-3.20263831,-0.404479292,0.290911847,-0.431155432,0.498230068,0.658884062,46.7710984,37.2596041,-225.485206,2.69956195,-8.0704462,39.5823861,True,True
NGC 6624,-3.9,270.620125,-28.6338109,7.72998064,2.13125885,-3.0330931,-0.409232928,0.287060249,-0.407956303,0.49987516,0.645215871,46.1880438,38.0634633,-228.187292,2.76824273,-8.09916869,38.5950533,True,True
NGC 6624,-4,270.434085,-28.5734999,7.72388534,2.10337072,-2.86122153,-0.413926249,0.283125889,-0.384482823,0.50149298,0.631919497,45.5915736,38.87801,-230.849007,2.83592984,-8.12726436,37.5681496,True,True
NGC 6624,-4.1,270.245607,-28.5123963,7.71790669,2.07480811,-2.68705741,-0.41855788,0.279107695,-0.360739555,0.503082303,0.619051557,44.9816258,39.7028509,-233.4617,2.9024021,-8.15461331,36.5013308,True,True
NGC 6624,-4.2,270.054736,-28.4505181,7.71204906,2.04556242,-2.51064219,-0.423126441,0.275004638,-0.336732007,0.504641988,0.606672878,44.3582004,40.5374701,-236.015453,2.96740671,-8.18107912,35.3944066,True,True
NGC 6624,-4.3,269.861523,-28.3878872,7.70631684,2.0156255,-2.33202596,-0.427630557,0.270815751,-0.312466774,0.506170983,0.594848341,43.7213724,41.3812125,-238.498929,3.03065556,-8.20650686,34.2473754,True,True
NGC 6624,-4.4,269.666031,-28.32453,7.70071441,1.9849898,-2.15126868,-0.432068865,0.266540141,-0.28795169,0.507668347,0.583646577,43.071306,42.2332672,-240.899218,3.09182149,-8.23072101,33.0604642,True,True
NGC 6624,-4.5,269.468333,-28.2604781,7.69524615,1.9536485,-1.96844148,-0.436440024,0.262177006,-0.263195994,0.509133261,0.573139432,42.4082693,43.09265,-243.201689,3.15053477,-8.25352341,31.8341748,False,False
NGC 6624,-4.6,269.268515,-28.1957689,7.68991633,1.92159565,-1.78362802,-0.440742727,0.257725655,-0.238210518,0.510565044,0.563401203,41.7326502,43.9581884,-245.38987,3.20638034,-8.27469162,30.5693349,False,False
NGC 6624,-4.7,269.066676,-28.1304462,7.68472914,1.88882634,-1.596926,-0.444975711,0.253185528,-0.213007874,0.511963177,0.554507574,41.0449725,44.8285082,-247.445383,3.25889642,-8.29397792,29.2671546,False,False
NGC 6624,-4.8,268.862932,-28.0645612,7.67968865,1.85533682,-1.40844862,-0.449137777,0.248556214,-0.187602649,0.513327317,0.546534251,40.3459103,45.7020244,-249.347984,3.30757556,-8.31110954,27.9292867,False,False
NGC 6624,-4.9,268.657414,-27.9981729,7.67479872,1.82112472,-1.21832598,-0.453227802,0.243837477,-0.16201159,0.514657318,0.53955529,39.6363005,46.5769375,-251.075745,3.35186957,-8.32579108,26.5578867,False,False
NGC 6624,-5,268.450272,-27.9313488,7.67006294,1.78618922,-1.02670628,-0.457244757,0.239029274,-0.136253755,0.515953255,0.533641122,38.9171521,47.4512376,-252.605485,3.39119993,-8.33770996,25.1556701,False,False
NGC 6624,-5.1,268.241673,-27.8641654,7.66548464,1.75053118,-0.833756503,-0.461187726,0.234131781,-0.110350609,0.517215438,0.528856376,38.1896487,48.3227177,-253.913485,3.42497561,-8.34654612,23.7259566,False,False
NGC 6624,-5.2,268.031805,-27.7967079,7.66106676,1.71415328,-0.639662455,-0.465055922,0.229145405,-0.084326024,0.51844443,0.525257561,37.4551437,49.1889975,-254.976576,3.45261938,-8.3519867,22.2726924,False,False
NGC 6624,-5.3,267.820869,-27.7290702,7.65681179,1.67706023,-0.444627827,-0.468848705,0.224070807,-0.0582061554,0.519641063,0.522890802,36.715146,50.0475593,-255.773561,3.47360239,-8.3537457,20.8004383,False,False
NGC 6624,-5.4,267.609086,-27.6613535,7.65272175,1.63925875,-0.248872021,-0.472565595,0.218908908,-0.0320191542,0.520806444,0.521789783,35.9712935,50.8957952,-256.28687,3.48748409,-8.35158712,19.3143094,False,False
NGC 6624,-5.5,267.396685,-27.5936647,7.64879811,1.60075772,-0.0526266973,-0.476206288,0.213660899,-0.00579471312,0.521941959,0.521974125,35.2253167,51.7310637,-256.504197,3.49395164,-8.34534803,17.8198615,False,False
NGC 6624,-5.6,267.183905,-27.5261144,7.64504173,1.56156812,0.143868848,-0.479770656,0.208328241,0.0204365437,0.523049269,0.523448365,34.478992,52.5507533,-256.419785,3.4928509,-8.33495707,16.3229254,False,False
NGC 6624,-5.7,266.970985,-27.4588137,7.6414529,1.52170302,0.340373074,-0.483258753,0.202912657,0.0466437674,0.524130298,0.526201682,33.7340892,53.3523469,-256.03505,3.48420139,-8.32044368,14.8294056,False,False
NGC 6624,-5.8,266.758162,-27.391872,7.63803128,1.48117745,0.536647774,-0.486670815,0.19741612,0.0727966162,0.525187211,0.530208406,32.992319,54.1334848,-255.358368,3.46819139,-8.30193567,13.3450689,False,False
NGC 6624,-5.9,266.545664,-27.3253939,7.63477597,1.44000829,0.732463183,-0.490007244,0.191840833,0.0988659211,0.526222391,0.535429244,32.2552846,54.8920171,-254.4041,3.44515479,-8.27964564,11.8753524,False,False
NGC 6624,-6,266.333705,-27.2594775,7.63168552,1.39821408,0.927602151,-0.493268601,0.186189209,0.124824226,0.527238403,0.541813087,31.5244427,55.6260465,-253.191108,3.41553573,-8.25385015,10.4252143,False,False
NGC 6624,-6.1,266.122486,-27.1942127,7.628758,1.35581479,1.12186307,-0.496455586,0.180463837,0.150646165,0.528237962,0.549299201,30.8010761,56.3339557,-251.741098,3.37984929,-8.22486603,8.99903737,False,False
NGC 6624,-6.2,265.91219,-27.1296808,7.62599106,1.31283159,1.31506156,-0.49956902,0.17466746,0.176308668,0.529223892,0.557819571,30.0862789,57.0144214,-250.077097,3.33864499,-8.19302845,7.60058441,False,False
NGC 6624,-6.3,265.702984,-27.0659537,7.62338199,1.26928666,1.50703111,-0.502609829,0.16880294,0.201791037,0.530199088,0.567301239,29.380952,57.6664159,-248.222214,3.29247735,-8.15867298,6.23299705,False,False
NGC 6624,-6.4,265.495014,-27.0030944,7.62092776,1.22520291,1.69762283,-0.505579019,0.162873228,0.227074899,0.531166483,0.577668454,28.685809,58.2891971,-246.198761,3.2418847,-8.12212267,4.8988246,False,False
NGC 6624,-6.5,265.288414,-26.9411574,7.61862512,1.18060378,1.8867047,-0.50847766,0.156881338,0.2521441,0.532129012,0.588844574,28.0013871,58.8822907,-244.027693,3.18737561,-8.08367989,3.60007184,False,False
NGC 6624,-6.6,265.083301,-26.8801894,7.61647063,1.13551305,2.07416044,-0.511306869,0.150830321,0.276984544,0.53308958,0.600753642,27.3280632,59.445467,-241.728304,3.12942143,-8.04362186,2.33825603,False,False
NGC 6624,-6.7,264.879776,-26.8202298,7.61446069,1.08995461,2.25988826,-0.514067795,0.144723238,0.30158402,0.53405104,0.61332164,26.6660725,59.9787138,-239.318113,3.06845309,-8.00219889,1.11446697,False,False
NGC 6624,-6.8,264.67793,-26.7613117,7.61259163,1.04395236,2.44379947,-0.516761603,0.138563143,0.325932015,0.535016167,0.626477436,26.0155271,60.4822081,-236.812861,3.00486084,-7.95963449,-0.070574458,False,False
NGC 6624,-6.9,264.477841,-26.7034625,7.61085966,0.99753002,2.6258172,-0.519389465,0.132353063,0.350019539,0.535987639,0.64015344,25.3764347,60.9562873,-234.22659,2.93899571,-7.91612658,-1.21646138,False,False
NGC 6624,-7,264.279577,-26.6467046,7.60926101,0.950711042,2.80587516,-0.521952549,0.126095983,0.373838956,0.536968025,0.654286042,24.7487165,61.4014226,-231.571755,2.8711719,-7.87184926,-2.3230511,False,False
NGC 6624,-7.1,264.083196,-26.591056,7.60779186,0.903518494,2.98391645,-0.52445201,0.119794834,0.397383828,0.537959769,0.668815834,24.1322227,61.8181932,-228.859361,2.8016697,-7.82695495,-3.39042071,False,False
NGC 6624,-7.2,263.888748,-26.5365307,7.6064484,0.855974988,3.15989253,-0.526888988,0.113452483,0.420648775,0.538965186,0.683687695,23.5267476,62.2072632,-226.099099,2.73073849,-7.78157654,-4.41882816,False,False
NGC 6624,-7.3,263.696278,-26.4831397,7.60522685,0.808102624,3.33376226,-0.529264596,0.107071728,0.443629348,0.539986451,0.698850746,22.9320412,62.5693619,-223.299485,2.65859978,-7.73582954,-5.40867857,False,False
NGC 6624,-7.4,263.50582,-26.4308909,7.60412348,0.759922935,3.50549101,-0.531579921,0.100655287,0.466321909,0.541025599,0.714258232,22.3478207,62.9052653,-220.467982,2.58545001,-7.68981402,-6.36049533,False,False
NGC 6624,-7.5,263.317407,-26.3797898,7.60313459,0.71145686,3.67504996,-0.53383602,0.0942057977,0.488723542,0.542084522,0.729867337,21.7737791,63.2157811,-217.611125,2.51146322,-7.64361652,-7.2748955,False,False
NGC 6624,-7.6,263.131063,-26.3298398,7.60225654,0.662724721,3.84241534,-0.536033919,0.0877258146,0.510831949,0.543164966,0.745638961,21.2095931,63.5017362,-214.734621,2.43679346,-7.59731167,-8.15256907,False,False
NGC 6624,-7.7,262.946811,-26.2810424,7.60148575,0.613746208,4.00756788,-0.538174607,0.0812178069,0.532645384,0.544268536,0.761537487,20.6549293,63.7639654,-211.843452,2.361577,-7.55096373,-8.99426154,False,False
NGC 6624,-7.8,262.764667,-26.2333976,7.60081874,0.564540375,4.17049225,-0.540259041,0.0746841584,0.554162573,0.545396695,0.777530522,20.1094489,64.0033032,-208.941958,2.2859343,-7.50462785,-9.80075937,False,False
NGC 6624,-7.9,262.584645,-26.186904,7.60025206,0.515125643,4.33117659,-0.542288144,0.0681271677,0.575382658,0.546550768,0.79358865,19.5728124,64.2205765,-206.033915,2.20997176,-7.45835132,-10.572878,False,False
NGC 6624,-8,262.406755,-26.1415592,7.59978236,0.465519803,4.48961208,-0.544262802,0.0615490498,0.59630514,0.547731944,0.809685188,19.0446825,64.4165987,-203.122603,2.13378334,-7.41217455,-11.3114519,False,False
NGC 6624,-8.1,262.231007,-26.0973597,7.59940636,0.415740032,4.6457926,-0.546183868,0.0549519371,0.616929835,0.548941284,0.825795952,18.5247266,64.5921658,-200.210866,2.05745193,-7.36613199,-12.0173264,False,False
NGC 6624,-8.2,262.057405,-26.0543013,7.59912087,0.365802901,4.79971438,-0.548052162,0.0483378819,0.637256828,0.550179719,0.841899036,18.0126189,64.7480529,-197.301165,1.9810506,-7.32025292,-12.6913512,False,False
NGC 6624,-8.3,261.885952,-26.012379,7.59892276,0.315724392,4.9513757,-0.54986847,0.0417088582,0.657286438,0.55144806,0.857974606,17.5080416,64.8850116,-194.395626,1.90464372,-7.27456216,-13.3343749,False,False
NGC 6624,-8.4,261.716651,-25.9715873,7.59880901,0.265519918,5.10077665,-0.551633546,0.0350667643,0.677019187,0.552747001,0.874004706,17.0106864,65.0037687,-191.496078,1.82828795,-7.22908061,-13.9472407,False,False
NGC 6624,-8.5,261.549502,-25.9319204,7.59877663,0.215204341,5.24791892,-0.553348113,0.0284134258,0.69645577,0.554077122,0.889973087,16.5202547,65.1050244,-188.604092,1.75203306,-7.18382582,-14.530783,False,False
NGC 6624,-8.6,261.384503,-25.8933719,7.59882275,0.164791988,5.39280558,-0.555012865,0.0217505978,0.71559703,0.555438897,0.905865044,16.0364583,65.1894524,-185.721012,1.67592273,-7.13881246,-15.085825,False,False
NGC 6624,-8.7,261.22165,-25.8559351,7.59894457,0.114296678,5.53544091,-0.556628466,0.0150799682,0.73444394,0.556832699,0.921667269,15.5590197,65.2576992,-182.847982,1.59999524,-7.09405263,-15.613176,False,False
NGC 6624,-8.8,261.060942,-25.8196031,7.59913934,0.0637317346,5.67583023,-0.558195552,0.00840315973,0.752997577,0.5582588,0.937367718,15.0876722,65.3103842,-179.985971,1.52428405,-7.04955628,-16.1136307,False,False
NGC 6624,-8.9,260.902372,-25.7843688,7.59940442,0.0131100113,5.81397979,-0.559714734,0.00172173352,0.771259112,0.559717382,0.95295549,14.6221596,65.3481003,-177.135793,1.44881833,-7.00533148,-16.5879671,False,False
NGC 6624,-9,260.745935,-25.7502251,7.5997372,-0.0375560905,5.94989663,-0.561186595,-0.00496280875,0.78922979,0.561208539,0.968420717,14.1622364,65.371414,-174.298127,1.37362342,-6.96138467,-17.0369466,False,False
NGC 6624,-9.1,260.591625,-25.7171644,7.60013519,-0.0882546026,6.08358849,-0.562611695,-0.011649022,0.806910921,0.56273228,0.983754468,13.7076672,65.3808663,-171.473537,1.29872129,-6.91772086,-17.4613128,False,False
NGC 6624,-9.2,260.439435,-25.6851795,7.60059594,-0.13897397,6.21506367,-0.563990569,-0.0183355153,0.824303866,0.564288537,0.998948656,13.2582268,65.3769733,-168.662477,1.22413086,-6.87434387,-17.8617913,False,False
NGC 6624,-9.3,260.289357,-25.6542628,7.60111706,-0.189703034,6.34433101,-0.565323732,-0.0250209491,0.841410028,0.565877169,1.01399596,12.8136996,65.3602272,-165.865314,1.14986836,-6.83125648,-18.23909,False,False
NGC 6624,-9.4,260.141384,-25.6244068,7.60169625,-0.240431011,6.47139976,-0.566611675,-0.031704033,0.858230844,0.567497961,1.02888975,12.3738795,65.3310968,-163.082334,1.07594761,-6.78846054,-18.5938984,False,False
NGC 6624,-9.5,259.995507,-25.5956041,7.60233126,-0.29114748,6.59627954,-0.567854869,-0.0383835236,0.874767776,0.569150637,1.04362403,11.9385693,65.2900289,-160.31375,1.00238025,-6.74595715,-18.9268884,False,False
NGC 6624,-9.6,259.851718,-25.5678471,7.6030199,-0.341842362,6.71898028,-0.569053766,-0.045058222,0.891022305,0.570834856,1.05819336,11.5075803,65.2374486,-157.559716,0.92917603,-6.70374673,-19.2387142,False,False
NGC 6624,-9.7,259.710008,-25.5411284,7.60376005,-0.392505908,6.83951214,-0.570208799,-0.0517269715,0.906995923,0.57255022,1.07259282,11.0807323,65.1737609,-154.820331,0.856342956,-6.66182913,-19.5300125,False,False
NGC 6624,-9.8,259.570366,-25.5154406,7.60454966,-0.443128681,6.95788552,-0.571320382,-0.0583886561,0.922690133,0.574296277,1.08681797,10.6578528,65.0993509,-152.095646,0.783887505,-6.6202037,-19.8014031,False,False
NGC 6624,-9.9,259.432786,-25.4907764,7.60538671,-0.49370154,7.07411096,-0.572388912,-0.0650421981,0.938106438,0.576072525,1.10086477,10.2387769,65.0145852,-149.385672,0.711814773,-6.57886939,-20.0534891,False,False
NGC 6624,-10,259.297256,-25.4671285,7.60626926,-0.544215632,7.18819913,-0.57341477,-0.0716865564,0.953246343,0.577878414,1.11472959,9.82334668,64.9198126,-146.690381,0.640128622,-6.53782477,-20.2868573,False,False
NGC 6624,-10.1,259.163767,-25.4444896,7.60719541,-0.594662373,7.30016079,-0.574398322,-0.0783207247,0.968111345,0.57971335,1.12840912,9.4114112,64.8153647,-144.009715,0.568831811,-6.49706812,-20.502079,False,False
NGC 6624,-10.2,259.03231,-25.4228528,7.60816332,-0.645033439,7.41000677,-0.575339917,-0.0849437297,0.982702936,0.5815767,1.1419004,9.00282584,64.7015571,-141.343589,0.497926108,-6.45659747,-20.69971,False,False
NGC 6624,-10.3,258.902875,-25.4022108,7.60917121,-0.695320751,7.51774793,-0.576239891,-0.0915546298,0.997022598,0.583467791,1.15520073,8.59745212,64.57869,-138.691891,0.427412397,-6.41641063,-20.8802912,False,False
NGC 6624,-10.4,258.775452,-25.3825568,7.61021734,-0.745516466,7.62339515,-0.577098566,-0.098152513,1.0110718,0.585385916,1.16830769,8.19515736,64.4470489,-136.054492,0.357290765,-6.37650521,-21.0443494,False,False
NGC 6624,-10.5,258.650032,-25.363884,7.61130002,-0.795612967,7.7269593,-0.57791625,-0.104736496,1.024852,0.587330337,1.18121909,7.79581439,64.3069052,-133.431241,0.287560586,-6.3368787,-21.1923972,False,False
NGC 6624,-10.6,258.526605,-25.3461855,7.61241761,-0.845602847,7.82845122,-0.578693237,-0.111305723,1.03836463,0.589300286,1.19393297,7.39930123,64.1585173,-130.821974,0.218220598,-6.29752845,-21.324934,False,False
NGC 6624,-10.7,258.405162,-25.3294548,7.61356852,-0.895478908,7.92788172,-0.579429813,-0.117859363,1.05161111,0.591294967,1.20644754,7.00550085,64.0021309,-128.226512,0.149268966,-6.25845171,-21.442446,False,False
NGC 6624,-10.8,258.285692,-25.3136852,7.61475121,-0.945234142,8.02526154,-0.580126248,-0.12439661,1.06459285,0.59331356,1.21876123,6.61430087,63.8379795,-125.644666,0.0807033414,-6.21964567,-21.5454072,False,False
NGC 6624,-10.9,258.168187,-25.2988703,7.61596417,-0.994861731,8.12060135,-0.580782803,-0.130916681,1.07731124,0.595355223,1.23087259,6.22559336,63.6662854,-123.076234,0.0125209184,-6.18110743,-21.6342792,False,False
NGC 6624,-11,258.052637,-25.2850037,7.61720595,-1.04435503,8.21391175,-0.581399728,-0.137418817,1.08976762,0.597419095,1.24278036,5.83927454,63.4872601,-120.521008,-0.055281521,-6.14283407,-21.7095122,False,False
NGC 6624,-11.1,257.939034,-25.2720792,7.61847513,-1.09370757,8.30520323,-0.581977261,-0.143902277,1.10196334,0.599504293,1.2544834,5.45524463,63.3011045,-117.978773,-0.122707562,-6.10482262,-21.7715452,False,False
NGC 6624,-11.2,257.827367,-25.2600907,7.61977034,-1.14291304,8.3944862,-0.582515631,-0.150366342,1.11389972,0.601609922,1.26598068,5.07340757,63.1080099,-115.449308,-0.189761118,-6.0670701,-21.8208062,False,False
NGC 6624,-11.3,257.717628,-25.2490321,7.62109023,-1.19196527,8.48177094,-0.583015059,-0.156810312,1.12557805,0.603735069,1.2772713,4.69367085,62.9081581,-112.932385,-0.256446399,-6.02957351,-21.8577129,False,False
NGC 6624,-11.4,257.609807,-25.2388974,7.62243353,-1.24085826,8.56706762,-0.583475755,-0.163233505,1.1369996,0.605878811,1.28835447,4.31594535,62.7017222,-110.427776,-0.322767873,-5.99232985,-21.8826731,False,False
NGC 6624,-11.5,257.503897,-25.2296808,7.62379898,-1.28958615,8.65038629,-0.583897919,-0.169635256,1.14816563,0.608040212,1.29922947,3.94014507,62.4888666,-107.935245,-0.388730244,-5.95533612,-21.8960848,False,False
NGC 6624,-11.6,257.399889,-25.2213765,7.62518534,-1.33814318,8.73173687,-0.584281744,-0.176014917,1.15907734,0.610218328,1.30989568,3.56618707,62.2697477,-105.454559,-0.454338424,-5.91858935,-21.8983368,False,False
NGC 6624,-11.7,257.297774,-25.2139789,7.62659146,-1.38652377,8.81112914,-0.584627416,-0.182371854,1.16973595,0.612412204,1.32035257,3.19399122,62.0445142,-102.985477,-0.51959751,-5.88208657,-21.8898091,False,False
NGC 6624,-11.8,257.197543,-25.2074824,7.62801618,-1.43472242,8.88857275,-0.584935109,-0.188705449,1.18014263,0.614620881,1.33059966,2.82348009,61.8133075,-100.527763,-0.58451276,-5.84582484,-21.8708729,False,False
NGC 6624,-11.9,257.09919,-25.2018815,7.62945838,-1.48273376,8.9640772,-0.585204992,-0.195015099,1.19029853,0.616843393,1.34063655,2.45457879,61.5762618,-98.0811752,-0.64908958,-5.80980124,-21.8418914,False,False
NGC 6624,-12,257.002705,-25.197171,7.63091701,-1.53055254,9.03765184,-0.585437227,-0.201300213,1.20020476,0.619078769,1.35046288,2.08721483,61.3335049,-95.6454745,-0.713333502,-5.77401287,-21.8032196,False,False
NGC 6624,-12.1,256.908081,-25.1933454,7.632391,-1.57817361,9.10930588,-0.585631966,-0.207560213,1.20986245,0.621326035,1.36007837,1.72131802,61.085158,-93.2204205,-0.777250172,-5.73845689,-21.755205,False,False
NGC 6624,-12.2,256.815311,-25.1903996,7.63387937,-1.62559193,9.17904837,-0.585789357,-0.213794533,1.21927265,0.623584215,1.36948277,1.3568203,60.8313363,-90.8057734,-0.840845331,-5.70313047,-21.698188,False,False
NGC 6624,-12.3,256.724387,-25.1883286,7.63538112,-1.67280254,9.24688822,-0.585909539,-0.220002619,1.22843643,0.625852331,1.37867589,0.993655654,60.5721492,-88.401294,-0.90412481,-5.66803084,-21.6325015,False,False
NGC 6624,-12.4,256.635301,-25.1871273,7.63689532,-1.71980059,9.31283417,-0.585992645,-0.226183928,1.23735481,0.628129405,1.38765755,0.631759993,60.3077003,-86.0067439,-0.96709451,-5.63315525,-21.558472,False,False
NGC 6624,-12.5,256.548047,-25.1867907,7.63842106,-1.76658131,9.37689481,-0.586038802,-0.232337927,1.24602879,0.630414458,1.39642763,0.271071044,60.0380881,-83.6218858,-1.0297604,-5.59850099,-21.4764194,False,False
NGC 6624,-12.6,256.462618,-25.1873141,7.63995744,-1.81314002,9.43907856,-0.586048129,-0.238464092,1.25445935,0.632706514,1.40498605,-0.0884717448,59.763406,-81.2464834,-1.0921285,-5.56406541,-21.3866572,False,False
NGC 6624,-12.7,256.379007,-25.1886927,7.64150362,-1.85947212,9.4993937,-0.586020742,-0.24456191,1.26264745,0.635004597,1.41333274,-0.4469273,59.4837423,-78.8803022,-1.15420488,-5.5298459,-21.2894933,False,False
NGC 6624,-12.8,256.297208,-25.1909218,7.64305877,-1.90557308,9.55784833,-0.585956749,-0.250630874,1.27059403,0.637307733,1.42146767,-0.804353013,59.1991808,-76.5231087,-1.21599564,-5.49583987,-21.1852294,False,False
NGC 6624,-12.9,256.217214,-25.1939968,7.6446221,-1.95143846,9.61445039,-0.585856251,-0.25667049,1.27829998,0.639614953,1.42939082,-1.16080483,58.9098007,-74.1746713,-1.27750693,-5.46204481,-21.074162,False,False
NGC 6624,-13,256.139019,-25.1979132,7.64619284,-1.99706387,9.66920768,-0.585719346,-0.262680267,1.28576619,0.641925288,1.43710221,-1.51633732,58.6156769,-71.8347601,-1.33874491,-5.42845824,-20.956582,False,False
NGC 6624,-13.1,256.062617,-25.2026665,7.64777026,-2.042445,9.72212781,-0.585546126,-0.268659724,1.29299352,0.644237776,1.44460186,-1.87100377,58.3168802,-69.5031466,-1.39971576,-5.39507772,-20.8327756,False,False
NGC 6624,-13.2,255.988003,-25.2082524,7.64935363,-2.0875776,9.77321823,-0.585336675,-0.274608386,1.2999828,0.646551458,1.45188983,-2.22485626,58.0134772,-67.1796046,-1.46042569,-5.36190086,-20.7030239,False,False
NGC 6624,-13.3,255.91517,-25.2146666,7.65094229,-2.13245749,9.82248625,-0.585091074,-0.280525787,1.30673486,0.64886538,1.45896617,-2.5779457,57.705531,-64.8639093,-1.52088089,-5.32892533,-20.5676034,False,False
NGC 6624,-13.4,255.844115,-25.2219048,7.65253556,-2.17708055,9.86993898,-0.5848094,-0.286411463,1.31325048,0.651178593,1.46583096,-2.93032193,57.3931008,-62.5558379,-1.5810876,-5.29614884,-20.426786,False,False
NGC 6624,-13.5,255.774831,-25.229963,7.65413281,-2.22144268,9.91558341,-0.584491721,-0.29226496,1.31953044,0.653490152,1.47248428,-3.2820338,57.0762422,-60.2551697,-1.64105203,-5.26356914,-20.2808396,False,False
NGC 6624,-13.6,255.707313,-25.2388369,7.65573345,-2.26553988,9.95942634,-0.584138105,-0.298085827,1.32557547,0.655799121,1.47892624,-3.63312917,56.7550075,-57.9616857,-1.7007804,-5.23118405,-20.1300278,False,False
NGC 6624,-13.7,255.641557,-25.2485227,7.65733688,-2.30936818,10.0014744,-0.583748612,-0.30387362,1.3313863,0.658104565,1.48515693,-3.98365504,56.4294455,-55.6751686,-1.76027893,-5.1989914,-19.9746103,False,False
NGC 6624,-13.8,255.577558,-25.2590163,7.65894255,-2.35292365,10.0417341,-0.583323297,-0.309627897,1.33696363,0.66040556,1.49117647,-4.33365754,56.0996021,-53.3954034,-1.81955382,-5.16698911,-19.8148431,False,False
NGC 6624,-13.9,255.515312,-25.2703138,7.66054993,-2.39620242,10.0802117,-0.582862211,-0.315348224,1.34230815,0.662701185,1.49698498,-4.68318204,55.7655197,-51.1221766,-1.87861128,-5.13517513,-19.6509787,False,False
NGC 6624,-14,255.454815,-25.2824115,7.66215852,-2.43920064,10.1169133,-0.582365402,-0.321034169,1.3474205,0.664990526,1.50258258,-5.03227315,55.4272382,-48.8552769,-1.93745751,-5.10354745,-19.4832662,False,False
NGC 6624,-14.1,255.396062,-25.2953054,7.66376782,-2.48191454,10.1518451,-0.581832911,-0.326685305,1.35230133,0.667272677,1.5079694,-5.38097484,55.0847941,-46.5944944,-1.99609869,-5.07210413,-19.3119514,False,False
NGC 6624,-14.2,255.33905,-25.308992,7.66537738,-2.52434035,10.1850127,-0.581264776,-0.332301207,1.35695126,0.669546736,1.51314558,-5.7293304,54.7382215,-44.3396213,-2.05454098,-5.04084327,-19.137277,False,False
NGC 6624,-14.3,255.283776,-25.3234676,7.66698675,-2.56647435,10.216422,-0.58066103,-0.337881454,1.36137086,0.671811811,1.51811124,-6.07738256,54.3875515,-42.0904514,-2.11279053,-5.00976301,-18.9594828,False,False
NGC 6624,-14.4,255.230236,-25.3387285,7.66859553,-2.60831286,10.2460783,-0.580021702,-0.34342563,1.36556073,0.674067013,1.52286652,-6.42517349,54.0328128,-39.8467804,-2.17085349,-4.97886154,-18.7788058,False,False
NGC 6624,-14.5,255.178426,-25.3547712,7.67020333,-2.64985224,10.273987,-0.579346817,-0.348933319,1.3695214,0.676311464,1.52741156,-6.77274486,53.6740313,-37.6084055,-2.22873597,-4.94813712,-18.5954805,False,False
NGC 6624,-14.6,255.128344,-25.3715922,7.67180977,-2.69108885,10.3001534,-0.578636395,-0.35440411,1.37325342,0.678544288,1.53174648,-7.12013789,53.3112305,-35.3751256,-2.28644408,-4.91758803,-18.4097387,False,False
NGC 6624,-14.7,255.079988,-25.389188,7.67341451,-2.73201911,10.3245824,-0.577890452,-0.359837592,1.37675728,0.680764619,1.53587144,-7.46739335,52.9444314,-33.1467411,-2.34398391,-4.88721264,-18.22181,False,False
NGC 6624,-14.8,255.033353,-25.4075553,7.67501722,-2.77263944,10.3472789,-0.577108999,-0.365233357,1.38003349,0.682971597,1.53978656,-7.81455167,52.5736528,-30.9230541,-2.40136151,-4.85700932,-18.0319217,False,False
NGC 6624,-14.9,254.988439,-25.4266907,7.67661761,-2.81294632,10.3682476,-0.576292046,-0.370591,1.38308251,0.685164368,1.54349197,-8.1616529,52.1989111,-28.7038681,-2.45858293,-4.82697653,-17.840299,False,False
NGC 6624,-15,254.945243,-25.4465909,7.67821538,-2.85293622,10.3874932,-0.575439596,-0.375910115,1.3859048,0.687342086,1.5469878,-8.5087368,51.8202203,-26.488988,-2.51565421,-4.79711276,-17.6471653,False,False
NGC 6624,-15.1,254.903763,-25.4672527,7.67981029,-2.89260564,10.4050199,-0.574551648,-0.381190299,1.38850077,0.689503909,1.55027418,-8.85584285,51.4375923,-24.2782201,-2.57258134,-4.76741656,-17.4527419,False,False
NGC 6624,-15.2,254.863998,-25.4886727,7.68140208,-2.93195112,10.4208321,-0.573628198,-0.386431151,1.39087086,0.691649003,1.55335124,-9.20301028,51.0510369,-22.071372,-2.62937032,-4.73788653,-17.2572487,False,False
NGC 6624,-15.3,254.825945,-25.5108478,7.68299055,-2.97096918,10.4349338,-0.572669238,-0.391632269,1.39301543,0.693776542,1.5562191,-9.55027814,50.6605617,-19.8682528,-2.6860271,-4.70852131,-17.0609037,False,False
NGC 6624,-15.4,254.789603,-25.5337749,7.6845755,-3.00965639,10.447329,-0.571674756,-0.396793252,1.39493488,0.695885703,1.55887787,-9.8976853,50.2661721,-17.6686725,-2.74255763,-4.6793196,-16.8639237,False,False
NGC 6624,-15.5,254.754972,-25.5574509,7.68615675,-3.04800932,10.4580214,-0.570644735,-0.401913701,1.39662954,0.697975671,1.56132768,-10.2452705,49.8678717,-15.4724424,-2.79896785,-4.65028017,-16.6665241,False,False
NGC 6624,-15.6,254.72205,-25.5818727,7.68773415,-3.08602457,10.4670147,-0.569579156,-0.406993215,1.39809976,0.700045635,1.56356862,-10.5930723,49.465662,-13.2793749,-2.85526364,-4.62140181,-16.4689189,False,False
NGC 6624,-15.7,254.690836,-25.6070372,7.68930757,-3.12369872,10.4743123,-0.568477994,-0.412031394,1.39934584,0.702094794,1.5656008,-10.9411293,49.0595423,-11.0892835,-2.9114509,-4.59268337,-16.2713212,False,False
NGC 6624,-15.8,254.66133,-25.6329415,7.69087688,-3.16102839,10.4799176,-0.567341221,-0.417027839,1.40036808,0.704122347,1.56742433,-11.2894801,48.6495103,-8.90198254,-2.9675355,-4.56412378,-16.0739431,False,False
NGC 6624,-15.9,254.633532,-25.6595825,7.692442,-3.1980102,10.4838338,-0.566168805,-0.42198215,1.40116676,0.706127503,1.5690393,-11.638163,48.2355615,-6.71728747,-3.02352326,-4.535722,-15.8769955,False,False
NGC 6624,-16,254.607442,-25.6869574,7.69400285,-3.23464077,10.4860638,-0.56496071,-0.426893925,1.40174213,0.708109474,1.57044581,-11.9872166,47.8176895,-4.5350145,-3.07942003,-4.50747704,-15.680689,False,False
NGC 6624,-16.1,254.583058,-25.7150633,7.69555939,-3.27091673,10.4866106,-0.563716896,-0.431762762,1.40209444,0.710067477,1.57164393,-12.3366794,47.3958863,-2.35498068,-3.1352316,-4.47938798,-15.4852332,False,False
NGC 6624,-16.2,254.560383,-25.7438971,7.69711157,-3.30683473,10.4854768,-0.56243732,-0.43658826,1.4022239,0.712000736,1.57263375,-12.6865901,46.9701416,-0.177003813,-3.19096377,-4.45145395,-15.2908373,False,False
NGC 6624,-16.3,254.539416,-25.7734561,7.69865939,-3.3423914,10.4826651,-0.561121934,-0.441370015,1.40213071,0.713908478,1.57341534,-13.0369873,46.5404435,1.99909761,-3.24662229,-4.42367415,-15.0977099,False,False
NGC 6624,-16.4,254.520158,-25.8037374,7.70020285,-3.37758338,10.4781778,-0.559770685,-0.446107621,1.40181505,0.715789934,1.57398878,-13.38791,46.1067784,4.17350444,-3.30221293,-4.3960478,-14.9060595,False,False
NGC 6624,-16.5,254.50261,-25.8347382,7.70174199,-3.41240732,10.4720173,-0.558383519,-0.450800672,1.4012771,0.717644341,1.57435413,-13.7393972,45.6691304,6.34639695,-3.35774141,-4.36857422,-14.7160941,False,False
NGC 6624,-16.6,254.486773,-25.8664557,7.70327684,-3.44685986,10.4641856,-0.556960375,-0.455448759,1.40051699,0.719470939,1.57451144,-14.0914881,45.2274823,8.51795491,-3.41321345,-4.34125276,-14.5280219,False,False
NGC 6624,-16.7,254.472648,-25.8988871,7.70480748,-3.48093763,10.4546848,-0.55550119,-0.460051474,1.39953486,0.721268972,1.57446078,-14.4442221,44.7818148,10.6883576,-3.46863475,-4.31408285,-14.3420507,False,False
NGC 6624,-16.8,254.460237,-25.9320297,7.706334,-3.51463729,10.4435166,-0.554005895,-0.464608403,1.3983308,0.723037689,1.57420219,-14.7976389,44.3321067,12.8577839,-3.52401099,-4.28706396,-14.1583887,False,False
NGC 6624,-16.9,254.449542,-25.9658806,7.7078565,-3.54795545,10.4306829,-0.55247442,-0.469119132,1.39690492,0.724776342,1.57373572,-15.1517785,43.8783352,15.0264123,-3.57934784,-4.26019565,-13.9772441,False,False
NGC 6624,-17,254.440564,-26.0004371,7.70937511,-3.58088874,10.416185,-0.550906688,-0.473583245,1.39525729,0.726484183,1.5730614,-15.5066811,43.4204755,17.1944211,-3.63465094,-4.23347751,-13.7988255,False,False
NGC 6624,-17.1,254.433305,-26.0356965,7.71088998,-3.61343378,10.4000245,-0.549302619,-0.478000322,1.39338795,0.728160473,1.57217927,-15.8623874,42.9585012,19.3619882,-3.68992594,-4.20690922,-13.6233419,False,False
NGC 6624,-17.2,254.427768,-26.071656,7.71240127,-3.64558718,10.3822026,-0.547662128,-0.48236994,1.39129695,0.729804471,1.57108935,-16.2189384,42.4923839,21.5292913,-3.74517844,-4.18049051,-13.4510029,False,False
NGC 6624,-17.3,254.423956,-26.108313,7.71390918,-3.67734554,10.3627204,-0.545985127,-0.486691675,1.3889843,0.73141544,1.56979168,-16.5763754,42.0220933,23.6965083,-3.80041406,-4.15422118,-13.2820184,False,False
NGC 6624,-17.4,254.421872,-26.1456647,7.71541391,-3.70870544,10.3415788,-0.544271524,-0.490965098,1.38645,0.732992646,1.56828627,-16.9347402,41.5475975,25.8638165,-3.85563839,-4.1281011,-13.1165995,False,False
NGC 6624,-17.5,254.421517,-26.1837083,7.7169157,-3.73966346,10.3187788,-0.542521221,-0.495189777,1.38369404,0.734535357,1.56657314,-17.2940752,41.0688626,28.0313936,-3.91085701,-4.10213022,-12.9549576,False,False
NGC 6624,-17.6,254.422896,-26.2224413,7.71841478,-3.77021616,10.2943209,-0.540734117,-0.499365277,1.38071638,0.736042842,1.56465229,-17.654423,40.5858528,30.1994171,-3.96607548,-4.07630854,-12.7973055,False,False
NGC 6624,-17.7,254.426012,-26.2618608,7.71991144,-3.80036009,10.2682058,-0.538910106,-0.503491159,1.37751696,0.737514373,1.56252373,-18.015827,40.0985305,32.3680646,-4.02129935,-4.05063614,-12.6438568,False,False
NGC 6624,-17.8,254.430869,-26.3019642,7.72140596,-3.83009176,10.2404339,-0.537049078,-0.50756698,1.37409571,0.738949221,1.56018748,-18.378331,39.6068561,34.5375138,-4.07653417,-4.02511317,-12.4948262,False,False
NGC 6624,-17.9,254.43747,-26.3427486,7.72289865,-3.8594077,10.2110054,-0.535150919,-0.511592292,1.37045254,0.740346661,1.55764352,-18.7419794,39.1107883,36.7079427,-4.13178545,-3.99973987,-12.35043,False,False
NGC 6624,-18,254.445819,-26.3842114,7.72438984,-3.88830438,10.1799204,-0.533215508,-0.515566645,1.36658734,0.741705968,1.55489186,-19.1068173,38.6102835,38.8795292,-4.18705871,-3.97451655,-12.2108856,False,False
NGC 6624,-18.1,254.455921,-26.4263498,7.72587988,-3.91677828,10.147179,-0.531242721,-0.519489581,1.36249998,0.743026415,1.55193249,-19.4728905,38.1052965,41.0524519,-4.24235945,-3.94944359,-12.0764118,False,False
NGC 6624,-18.2,254.467781,-26.4691611,7.72736916,-3.94482585,10.112781,-0.529232431,-0.52336064,1.35819032,0.744307279,1.5487654,-19.8402452,37.5957799,43.2268893,-4.29769316,-3.92452146,-11.9472294,False,False
NGC 6624,-18.3,254.481402,-26.5126424,7.72885806,-3.97244349,10.0767261,-0.527184504,-0.527179357,1.35365819,0.745547836,1.54539059,-20.2089287,37.0816843,45.4030203,-4.35306533,-3.89975072,-11.8235605,False,False
NGC 6624,-18.4,254.496791,-26.5567911,7.730347,-3.99962761,10.0390139,-0.525098801,-0.53094526,1.34890341,0.74674736,1.54180804,-20.5789888,36.5629583,47.5810244,-4.4084814,-3.87513199,-11.7056293,False,False
NGC 6624,-18.5,254.513952,-26.6016041,7.73183641,-4.02637458,9.99964386,-0.522975179,-0.534657874,1.34392578,0.747905128,1.53801774,-20.9504743,36.0395483,49.7610813,-4.46394684,-3.85066601,-11.5936618,False,False
NGC 6624,-18.6,254.53289,-26.6470788,7.73332677,-4.05268074,9.95861526,-0.52081349,-0.538316716,1.33872508,0.749020412,1.53401969,-21.3234347,35.5113987,51.9433712,-4.51946709,-3.82635359,-11.4878863,False,False
NGC 6624,-18.7,254.553612,-26.6932122,7.73481854,-4.0785424,9.9159273,-0.51861358,-0.541921298,1.33330107,0.750092487,1.52981387,-21.6979204,34.9784517,54.1280747,-4.57504757,-3.80219564,-11.388533,False,False
NGC 6624,-18.8,254.576123,-26.7400015,7.73631223,-4.10395583,9.87157899,-0.516375291,-0.545471128,1.3276535,0.751120624,1.52540028,-22.0739828,34.4406472,56.315373,-4.6306937,-3.77819317,-11.2958346,False,False
NGC 6624,-18.9,254.600429,-26.7874436,7.73780837,-4.12891728,9.82556927,-0.514098459,-0.548965704,1.32178209,0.752104095,1.5207789,-22.4516742,33.897923,58.5054477,-4.68641088,-3.75434727,-11.2100264,False,False
NGC 6624,-19,254.626536,-26.8355357,7.73930751,-4.15342296,9.7778969,-0.511782914,-0.552404521,1.31568655,0.753042167,1.51594974,-22.8310479,33.3502146,60.6984811,-4.74220449,-3.73065915,-11.1313458,False,False
NGC 6624,-19.1,254.654452,-26.8842748,7.74081021,-4.17746905,9.72856053,-0.509428481,-0.555787066,1.30936657,0.753934109,1.51091279,-23.2121582,32.797455,62.894656,-4.79807992,-3.70713012,-11.0600335,False,False
NGC 6624,-19.2,254.684182,-26.9336578,7.74231707,-4.20105168,9.67755867,-0.507034981,-0.559112818,1.30282182,0.754779183,1.50566806,-23.5950608,32.239575,65.0941555,-4.85404251,-3.6837616,-10.9963325,False,False
NGC 6624,-19.3,254.715734,-26.9836816,7.74382872,-4.22416695,9.6248897,-0.504602227,-0.56238125,1.29605194,0.755576653,1.50021555,-23.9798122,31.6765029,67.2971637,-4.9100976,-3.66055511,-10.9404893,False,False
NGC 6624,-19.4,254.749116,-27.0343431,7.74534579,-4.24681091,9.57055189,-0.502130027,-0.565591827,1.28905656,0.756325776,1.49455529,-24.3664701,31.1081643,69.5038649,-4.96625052,-3.63751229,-10.8927529,False,False
NGC 6624,-19.5,254.784334,-27.0856391,7.74686894,-4.26897957,9.51454336,-0.499618183,-0.568744008,1.28183531,0.757025809,1.48868729,-24.7550938,30.5344826,71.7144441,-5.02250656,-3.61463491,-10.8533762,False,False
NGC 6624,-19.6,254.821396,-27.1375663,7.74839887,-4.2906689,9.45686211,-0.497066491,-0.57183724,1.27438778,0.757676003,1.48261159,-25.1457434,29.9553784,73.929087,-5.07887102,-3.59192486,-10.8226151,False,False
NGC 6624,-19.7,254.860311,-27.1901215,7.74993629,-4.31187482,9.39750602,-0.49447474,-0.574870966,1.26671353,0.758275607,1.47632824,-25.5384808,29.3707694,76.1479794,-5.13534915,-3.56938413,-10.8007291,False,False
NGC 6624,-19.8,254.901086,-27.2433013,7.75148194,-4.3325932,9.33647284,-0.491842715,-0.577844618,1.25881214,0.758823865,1.46983729,-25.933369,28.7805709,78.371308,-5.19194617,-3.54701489,-10.7879815,False,False
NGC 6624,-19.9,254.94373,-27.2971023,7.75303658,-4.35281986,9.27376021,-0.489170191,-0.58075762,1.25068312,0.759320017,1.4631388,-26.3304727,28.1846952,80.5992596,-5.24866731,-3.52481941,-10.7846393,False,False
NGC 6624,-20,254.988252,-27.351521,7.75460101,-4.37255057,9.20936562,-0.486456938,-0.583609388,1.242326,0.759763298,1.45623287,-26.7298578,27.5830518,82.8320217,-5.30551774,-3.5028001,-10.7909739,False,False
NGC 6624,-20.1,255.03466,-27.4065538,7.75617604,-4.39178104,9.14328648,-0.48370272,-0.586399325,1.23374028,0.760152939,1.44911959,-27.1315921,26.975547,85.0697818,-5.3625026,-3.48095955,-10.8072603,False,False
NGC 6624,-20.2,255.082964,-27.4621971,7.75776251,-4.41050691,9.07552006,-0.480907294,-0.589126828,1.22492544,0.760488162,1.44179908,-27.5357449,26.3620842,87.3127279,-5.419627,-3.45930047,-10.8337783,False,False
NGC 6624,-20.3,255.133173,-27.5184471,7.7593613,-4.42872381,9.0060635,-0.478070407,-0.591791283,1.21588094,0.760768189,1.43427149,-27.9423872,25.7425637,89.561048,-5.47689601,-3.43782575,-10.870812,False,False
NGC 6624,-20.4,255.185297,-27.5753,7.7609733,-4.44642724,8.93491386,-0.475191802,-0.594392065,1.20660622,0.760992231,1.42653698,-28.3515917,25.1168826,91.8149302,-5.53431465,-3.41653843,-10.9186501,False,False
NGC 6624,-20.5,255.239346,-27.6327519,7.76259944,-4.4636127,8.86206807,-0.472271213,-0.596928538,1.1971007,0.761159496,1.41859573,-28.7634331,24.4849345,94.0745624,-5.5918879,-3.39544174,-10.9775865,False,False
NGC 6624,-20.6,255.295329,-27.6907989,7.76424066,-4.48027558,8.78752295,-0.469308367,-0.599400056,1.18736378,0.761269184,1.41044798,-29.1779879,23.8466097,96.3401322,-5.64962069,-3.37453906,-11.0479198,False,False
NGC 6624,-20.7,255.353258,-27.7494367,7.76589796,-4.49641122,8.71127521,-0.466302981,-0.60180596,1.17739484,0.761320487,1.40209397,-29.5953346,23.2017951,98.6118269,-5.70751786,-3.353834,-11.1299539,False,False
NGC 6624,-20.8,255.413143,-27.8086612,7.76757233,-4.5120149,8.63332148,-0.463254767,-0.604145582,1.16719326,0.761312593,1.39353399,-30.0155537,22.5503737,100.889833,-5.76558423,-3.33333033,-11.2239982,False,False
NGC 6624,-20.9,255.474994,-27.868468,7.76926483,-4.5270818,8.55365824,-0.460163427,-0.606418239,1.15675837,0.761244678,1.38476835,-30.438728,21.892225,103.174337,-5.8238245,-3.31303203,-11.3303677,False,False
NGC 6624,-21,255.538823,-27.9288527,7.77097653,-4.54160705,8.47228193,-0.457028652,-0.608623238,1.1460895,0.761115914,1.37579744,-30.8649424,21.2272248,105.465522,-5.88224332,-3.29294332,-11.449383,False,False
NGC 6624,-21.1,255.604641,-27.9898107,7.77270852,-4.55558569,8.38918885,-0.45385013,-0.61075987,1.13518596,0.760925462,1.36662165,-31.294284,20.5552445,107.763572,-5.94084523,-3.27306861,-11.581371,False,False
NGC 6624,-21.2,255.67246,-28.0513372,7.77446193,-4.56901268,8.30437524,-0.450627534,-0.612827415,1.12404704,0.760672475,1.35724145,-31.7268423,19.8761521,110.068669,-5.99963468,-3.25341256,-11.7266646,False,False
NGC 6624,-21.3,255.742292,-28.1134275,7.77623795,-4.58188289,8.21783725,-0.447360531,-0.614825139,1.112672,0.760356099,1.34765737,-32.1627093,19.1898109,112.380991,-6.058616,-3.23398008,-11.8856031,False,False
NGC 6624,-21.4,255.814148,-28.1760764,7.77803775,-4.59419112,8.12957093,-0.444048779,-0.616752294,1.10106011,0.759975467,1.33786997,-32.6019796,18.4960802,114.700715,-6.1177934,-3.21477633,-12.0585326,False,False
NGC 6624,-21.5,255.888041,-28.2392789,7.77986258,-4.60593208,8.03957228,-0.440691924,-0.618608115,1.08921058,0.759529705,1.32787991,-33.0447502,17.7948149,117.028014,-6.17717094,-3.19580674,-12.2458058,False,False
NGC 6624,-21.6,255.963984,-28.3030295,7.7817137,-4.61710037,7.94783721,-0.437289603,-0.620391826,1.07712265,0.759017928,1.3176879,-33.4911209,17.0858653,119.363059,-6.23675254,-3.17707705,-12.4477826,False,False
NGC 6624,-21.7,256.04199,-28.3673229,7.78359241,-4.6276905,7.85436158,-0.433841442,-0.622102633,1.0647955,0.758439241,1.30729474,-33.9411945,16.3690771,121.706014,-6.29654194,-3.15859326,-12.6648301,False,False
NGC 6624,-21.8,256.12207,-28.4321533,7.78550004,-4.6376969,7.75914119,-0.430347058,-0.623739725,1.05222833,0.757792739,1.29670131,-34.3950762,15.6442912,124.057041,-6.35654267,-3.14036173,-12.8973229,False,False
NGC 6624,-21.9,256.20424,-28.4975147,7.78743797,-4.64711388,7.66217178,-0.426806056,-0.625302276,1.03942029,0.757077503,1.28590858,-34.8528746,14.9113437,126.416293,-6.41675807,-3.12238911,-13.1456434,False,False
NGC 6624,-22,256.288511,-28.5634013,7.78940761,-4.65593565,7.56344908,-0.423218029,-0.626789443,1.02637055,0.756292606,1.27491765,-35.3147011,14.1700657,128.783919,-6.47719124,-3.10468246,-13.4101817,False,False
NGC 6624,-22.1,256.374898,-28.6298066,7.79141039,-4.66415631,7.46296875,-0.41958256,-0.628200366,1.01307823,0.755437108,1.26372968,-35.7806703,13.420283,131.160059,-6.537845,-3.08724916,-13.6913362,False,False
NGC 6624,-22.2,256.463415,-28.6967241,7.79344781,-4.67176986,7.36072646,-0.415899219,-0.629534164,0.999542453,0.754510056,1.25234601,-36.2508999,12.6618163,133.544843,-6.59872188,-3.07009703,-13.9895135,False,False
NGC 6624,-22.3,256.554076,-28.7641471,7.79552139,-4.67877017,7.25671785,-0.412167563,-0.630789942,0.985762339,0.753510485,1.24076808,-36.725511,11.894481,135.938394,-6.65982409,-3.05323429,-14.3051289,False,False
NGC 6624,-22.4,256.646894,-28.8320686,7.79763269,-4.68515101,7.15093857,-0.40838714,-0.631966782,0.971736981,0.752437419,1.22899749,-37.2046279,11.1180868,138.340819,-6.72115345,-3.03666961,-14.6386064,False,False
NGC 6624,-22.5,256.741885,-28.9004813,7.79978332,-4.69090602,7.0433843,-0.40455748,-0.633063747,0.957465466,0.751289866,1.21703598,-37.6883783,10.3324381,140.752216,-6.78271139,-3.02041214,-14.9903789,False,False
NGC 6624,-22.6,256.839062,-28.9693776,7.80197492,-4.69602869,6.93405072,-0.400678105,-0.634079881,0.942946872,0.750066823,1.20488549,-38.1768936,9.53733357,143.172666,-6.84449887,-3.00447156,-15.3608884,False,False
NGC 6624,-22.7,256.938442,-29.0387498,7.80420918,-4.70051243,6.82293359,-0.396748519,-0.635014207,0.92818027,0.748767274,1.19254813,-38.6703083,8.73256603,145.602231,-6.90651634,-2.98885806,-15.7505861,False,False
NGC 6624,-22.8,257.040037,-29.1085897,7.80648783,-4.70435048,6.71002872,-0.392768214,-0.635865725,0.913164725,0.747390186,1.18002623,-39.1687608,7.91792265,148.040956,-6.96876369,-2.97358244,-16.1599327,False,False
NGC 6624,-22.9,257.143865,-29.1788888,7.80881266,-4.70753596,6.59533201,-0.388736668,-0.636633414,0.897899299,0.745934515,1.16732234,-39.6723927,7.09318473,150.488863,-7.03124015,-2.9586561,-16.5893985,False,False
NGC 6624,-23,257.249939,-29.2496383,7.81118547,-4.71006184,6.47883947,-0.384653345,-0.63731623,0.882383054,0.744399203,1.15443927,-40.1813493,6.25812777,152.945948,-7.09394426,-2.94409113,-17.0394631,False,False
NGC 6624,-23.1,257.358274,-29.320829,7.81360814,-4.71192097,6.36054725,-0.380517691,-0.637913107,0.866615051,0.742783175,1.14138008,-40.6957794,5.41252144,155.412178,-7.15687373,-2.92990032,-17.5106159,False,False
NGC 6624,-23.2,257.468887,-29.3924514,7.81608259,-4.71310602,6.24045166,-0.376329139,-0.638422953,0.850594359,0.741085345,1.12814815,-41.215835,4.55612968,157.88749,-7.2200254,-2.91609724,-18.003356,False,False
NGC 6624,-23.3,257.581792,-29.4644954,7.81861077,-4.71360954,6.11854921,-0.372087107,-0.638844653,0.834320053,0.739304609,1.11474717,-41.7416718,3.68871078,160.371781,-7.28339509,-2.90269631,-18.5181917,False,False
NGC 6624,-23.4,257.697004,-29.5369507,7.8211947,-4.71342392,5.99483663,-0.367790994,-0.639177067,0.817791223,0.737439853,1.10118119,-42.2734482,2.81001753,162.864908,-7.3469775,-2.88971283,-19.0556412,False,False
NGC 6624,-23.5,257.814539,-29.6098064,7.82383645,-4.71254138,5.86931093,-0.363440185,-0.639419028,0.801006974,0.735489946,1.08745466,-42.8113261,1.91979747,165.36668,-7.41076606,-2.87716308,-19.6162316,False,False
NGC 6624,-23.6,257.934412,-29.6830511,7.82653811,-4.71095401,5.74196943,-0.359034047,-0.639569345,0.783966434,0.733453744,1.07357243,-43.3554698,1.01779317,167.876851,-7.47475276,-2.86506441,-20.2004987,False,False
NGC 6624,-23.7,258.056637,-29.756673,7.82930186,-4.7086537,5.61280981,-0.354571932,-0.639626799,0.766668759,0.731330088,1.05953984,-43.906046,0.103742574,170.395117,-7.53892802,-2.85343531,-20.8089873,False,False
NGC 6624,-23.8,258.181229,-29.8306595,7.83212992,-4.70563222,5.48183018,-0.350053173,-0.639590145,0.749113139,0.729117808,1.04536275,-44.4632237,-0.822620411,172.921101,-7.60328043,-2.84229551,-21.4422495,False,False
NGC 6624,-23.9,258.308202,-29.9049976,7.83502455,-4.70188115,5.34902912,-0.345477085,-0.639458109,0.731298808,0.72681572,1.03104754,-45.0271732,-1.76156538,175.454349,-7.66779656,-2.83166613,-22.100845,False,False
NGC 6624,-24,258.437572,-29.9796737,7.83798807,-4.69739191,5.21440574,-0.340842969,-0.639229392,0.713225051,0.724422628,1.01660126,-45.5980658,-2.71336464,177.994319,-7.73246067,-2.82156978,-22.7853394,False,False
NGC 6624,-24.1,258.569351,-30.0546733,7.84102286,-4.69215576,5.07795981,-0.336150103,-0.638902664,0.69489121,0.721937328,1.00203159,-46.176073,-3.67829225,180.540365,-7.79725443,-2.8120307,-23.4963038,False,False
NGC 6624,-24.2,258.703552,-30.1299814,7.84413135,-4.68616379,4.93969178,-0.331397754,-0.638476568,0.676296704,0.719358603,0.987346966,-46.7613656,-4.65662293,183.091727,-7.8621566,-2.80307492,-24.2343126,False,False
NGC 6624,-24.3,258.840189,-30.2055821,7.84731603,-4.67940694,4.79960294,-0.326585166,-0.63794972,0.657441032,0.716685228,0.972556644,-47.3541126,-5.64863065,185.647511,-7.92714259,-2.79473046,-24.9999424,False,False
NGC 6624,-24.4,258.979273,-30.2814586,7.85057943,-4.67187599,4.65769549,-0.321711569,-0.637320708,0.638323794,0.713915974,0.95767076,-47.9544799,-6.65458699,188.206677,-7.99218405,-2.78702752,-25.7937696,False,False
NGC 6624,-24.5,259.120814,-30.3575933,7.85392416,-4.66356154,4.51397268,-0.316776175,-0.63658809,0.618944706,0.711049606,0.942700425,-48.5626289,-7.67475913,190.76801,-8.05724839,-2.77999872,-26.6163677,False,False
NGC 6624,-24.6,259.264824,-30.4339676,7.85735285,-4.65445408,4.36843894,-0.31177818,-0.635750401,0.599303615,0.708084886,0.927657819,-49.1787146,-8.70940762,193.330104,-8.12229814,-2.77367933,-27.468305,False,False
NGC 6624,-24.7,259.41131,-30.5105617,7.86086822,-4.64454393,4.22110006,-0.306716765,-0.634806145,0.579400526,0.705020578,0.912556291,-49.8028836,-9.75878347,195.891328,-8.18729034,-2.7681076,-28.3501399,False,False
NGC 6624,-24.8,259.56028,-30.5873548,7.864473,-4.63382131,4.07196336,-0.301591097,-0.633753805,0.55923562,0.701855452,0.897410471,-50.4352714,-10.823125,198.449797,-8.25217574,-2.76332508,-29.2624174,False,False
NGC 6624,-24.9,259.71174,-30.6643249,7.86817002,-4.62227629,3.92103792,-0.296400328,-0.632591839,0.538809289,0.698588283,0.882236385,-51.0759996,-11.9026538,201.003338,-8.31689796,-2.75937699,-30.2056635,False,False
NGC 6624,-25,259.865694,-30.7414484,7.87196211,-4.60989888,3.76833477,-0.291143599,-0.631318683,0.518122162,0.695217861,0.867051584,-51.7251727,-12.9975706,203.549442,-8.38139247,-2.75631266,-31.1803795,False,False
NGC 6624,-25.1,260.022143,-30.8187004,7.87585217,-4.59667898,3.6138672,-0.285820044,-0.629932754,0.497175142,0.691742995,0.851875281,-52.3828737,-14.1080496,206.085224,-8.44558547,-2.75418603,-32.1870341,False,False
NGC 6624,-25.2,260.181087,-30.8960542,7.87984314,-4.58260646,3.45765105,-0.280428786,-0.628432452,0.475969453,0.688162518,0.836728493,-53.0491603,-15.2342327,208.607359,-8.50939253,-2.75305618,-33.2260554,False,False
NGC 6624,-25.3,260.342521,-30.9734816,7.883938,-4.56767116,3.29970504,-0.274968946,-0.626816168,0.45450668,0.684475295,0.821634196,-53.7240587,-16.3762223,211.112027,-8.57271718,-2.75298796,-34.2978208,False,False
NGC 6624,-25.4,260.50644,-31.0509522,7.88813974,-4.55186294,3.14005121,-0.269439643,-0.625082279,0.43278883,0.680680231,0.806617473,-54.4075585,-17.5340733,213.594838,-8.63544909,-2.75405273,-35.4026452,False,False
NGC 6624,-25.5,260.672831,-31.1284336,7.89245139,-4.5351717,2.97871532,-0.26384,-0.623229165,0.410818389,0.676776283,0.791705682,-55.0996056,-18.7077839,216.050747,-8.69746223,-2.75632915,-36.5407673,False,False
NGC 6624,-25.6,260.841681,-31.2058908,7.89687599,-4.51758746,2.8157274,-0.258169148,-0.621255205,0.388598398,0.672762469,0.776928603,-55.8000946,-19.897285,218.473965,-8.75861265,-2.75990406,-37.7123335,False,False
NGC 6624,-25.7,261.012968,-31.2832864,7.9014166,-4.49910041,2.65112233,-0.252426231,-0.619158792,0.366132532,0.668637878,0.762318597,-56.5088604,-21.1024285,220.857854,-8.81873599,-2.76487352,-38.9173797,False,False
NGC 6624,-25.8,261.186666,-31.3605801,7.90607624,-4.47970097,2.48494046,-0.246610414,-0.616938338,0.343425193,0.664401693,0.747910738,-57.2256686,-22.3229741,223.194811,-8.87764486,-2.77134383,-40.1558097,False,False
NGC 6624,-25.9,261.362743,-31.4377283,7.91085794,-4.45937987,2.31722842,-0.24072089,-0.614592284,0.320481617,0.660053196,0.733742931,-57.9502061,-23.5585745,225.476143,-8.93512584,-2.77943273,-41.4273711,False,False
NGC 6624,-26,261.541159,-31.514684,7.91576467,-4.43812823,2.14803991,-0.234756888,-0.612119112,0.297307988,0.655591797,0.719855988,-58.6820693,-24.8087601,227.691931,-8.9909364,-2.78927054,-42.7316267,False,False
NGC 6624,-26.1,261.721864,-31.591396,7.92079934,-4.41593771,1.97743665,-0.228717684,-0.609517363,0.273911574,0.651017046,0.706293668,-59.4207536,-26.0729213,229.830898,-9.04480173,-2.8010013,-44.0679241,False,False
NGC 6624,-26.2,261.904799,-31.6678091,7.92596479,-4.39280055,1.80548936,-0.222602611,-0.606785643,0.250300869,0.646328662,0.693102636,-60.1656414,-27.3502914,231.880285,-9.0964119,-2.81478359,-45.4353599,False,False
NGC 6624,-26.3,262.089896,-31.7438633,7.93126373,-4.36870976,1.63227894,-0.216411071,-0.603922649,0.226485756,0.641526553,0.680332357,-60.9159913,-28.6399282,233.825745,-9.14541944,-2.83079105,-46.8327414,False,False
NGC 6624,-26.4,262.277071,-31.8194934,7.93669875,-4.34365923,1.45789754,-0.210142549,-0.600927183,0.202477668,0.636610847,0.668034861,-61.6709276,-29.9406964,235.651296,-9.19143825,-2.84921198,-48.2585461,False,False
NGC 6624,-26.5,262.466228,-31.8946286,7.94227225,-4.31764389,1.28244973,-0.203796628,-0.597798173,0.178289752,0.631581919,0.656264395,-62.4294318,-31.2512518,237.339363,-9.23404443,-2.87024772,-49.710879,False,False
NGC 6624,-26.6,262.657258,-31.9691923,7.94798641,-4.29065988,1.10605355,-0.197372999,-0.594534695,0.15393703,0.626440424,0.645076906,-63.1903367,-32.5700279,238.870946,-9.27278024,-2.89410909,-51.1874322,False,False
NGC 6624,-26.7,262.850032,-32.0431017,7.95384314,-4.26270471,0.92884135,-0.190871485,-0.591136001,0.129436525,0.621187327,0.63452936,-63.9523239,-33.8952273,240.225992,-9.30716248,-2.92101024,-52.6854487,False,False
NGC 6624,-26.8,263.044408,-32.1162683,7.95984406,-4.23377743,0.750960278,-0.184292048,-0.587601533,0.104807339,0.615823937,0.624678877,-64.7139263,-35.2248199,241.384011,-9.33669657,-2.95115913,-54.2016984,False,False
NGC 6624,-26.9,263.240224,-32.1885975,7.96599043,-4.2038788,0.572572173,-0.177634809,-0.583930957,0.0800706538,0.610351938,0.615581674,-65.4735369,-36.5565497,242.324976,-9.36089695,-2.98474449,-55.7324713,False,False
NGC 6624,-27,263.437304,-32.2599899,7.97228308,-4.17301148,0.393852707,-0.170900059,-0.580124178,0.0552496288,0.604773422,0.607291869,-66.2294231,-37.8879522,243.030479,-9.37931359,-3.02191959,-57.273598,False,False
NGC 6624,-27.1,263.635455,-32.3303424,7.97872244,-4.1411801,0.214989605,-0.164088271,-0.576181364,0.0303691669,0.599090916,0.59986016,-66.9797494,-39.2163842,243.485053,-9.39156219,-3.06278453,-58.8205037,False,False
NGC 6624,-27.2,263.834474,-32.3995497,7.9853084,-4.10839144,0.0361798894,-0.157200113,-0.57210296,0.00545554678,0.593307401,0.593332483,-67.7226053,-40.5390654,243.677468,-9.39735394,-3.10736984,-60.3682985,False,False
NGC 6624,-27.3,264.034147,-32.4675069,7.99204038,-4.07465443,-0.142373756,-0.150236446,-0.567889699,-0.0194640675,0.587426336,0.587748713,-68.4560393,-41.8531309,243.601747,-9.39651928,-3.15562468,-61.911901,False,False
NGC 6624,-27.4,264.234258,-32.5341112,7.99891726,-4.03998025,-0.32046713,-0.143198336,-0.563542611,-0.0443621929,0.581451664,0.583141528,-69.1780959,-43.1556905,243.257686,-9.3890205,-3.20741291,-63.4461831,False,False
NGC 6624,-27.5,264.434589,-32.5992647,8.00593742,-4.00438225,-0.497898841,-0.136087043,-0.559063019,-0.0692116192,0.575387819,0.579535495,-69.8868534,-44.4438908,242.650752,-9.37495046,-3.2625182,-64.9661192,False,False
NGC 6624,-27.6,264.634926,-32.6628764,8.01309871,-3.96787592,-0.674474287,-0.128904025,-0.554452533,-0.0939859584,0.56923972,0.576946461,-70.5804601,-45.7149753,241.791391,-9.35451801,-3.32065733,-66.4669214,False,False
NGC 6624,-27.7,264.835063,-32.7248635,8.02039854,-3.93047876,-0.850008947,-0.121650921,-0.549713039,-0.118660099,0.563012763,0.575381257,-71.2571667,-46.9663377,240.693936,-9.32802417,-3.38149876,-67.9441473,False,False
NGC 6624,-27.8,265.034804,-32.785153,8.02783389,-3.89221013,-1.02433078,-0.114329542,-0.544846679,-0.143210541,0.556712805,0.574837722,-71.915354,-48.195566,239.375343,-9.29583446,-3.44468288,-69.3937733,False,False
NGC 6624,-27.9,265.233964,-32.8436818,8.03540135,-3.8530911,-1.19728168,-0.106941861,-0.53985583,-0.167615601,0.550346144,0.575305022,-72.5535535,-49.400475,237.85399,-9.25835205,-3.50984069,-70.8122347,False,False
NGC 6624,-28,265.432372,-32.900397,8.04309717,-3.81314421,-1.36871813,-0.0994899881,-0.534743081,-0.191855504,0.543919498,0.57676421,-73.1704622,-50.5791295,236.148665,-9.21599526,-3.57660897,-72.196438,False,False
NGC 6624,-28.1,265.629869,-32.9552554,8.05091734,-3.7723933,-1.53851113,-0.0919761609,-0.529511204,-0.215912382,0.537439977,0.57918899,-73.7649518,-51.7298555,234.277817,-9.16918048,-3.64464133,-73.5437521,False,False
NGC 6624,-28.2,265.826309,-33.0082232,8.05885759,-3.73086329,-1.70654578,-0.0844027223,-0.524163131,-0.239770217,0.530915066,0.58254662,-74.3360711,-52.8512441,232.259049,-9.11831063,-3.71361518,-74.8519866,False,False
NGC 6624,-28.3,266.02156,-33.059275,8.06691348,-3.68857996,-1.87272044,-0.0767721034,-0.518701922,-0.263414733,0.524352591,0.58679891,-74.8830449,-53.9421477,230.108826,-9.06376806,-3.78323557,-76.1193616,False,False
NGC 6624,-28.4,266.215499,-33.1083931,8.07508039,-3.64556976,-2.03694583,-0.0690868061,-0.513130743,-0.286833274,0.517760703,0.591903263,-75.4052676,-55.0016702,227.842334,-9.00591082,-3.85323661,-77.3444734,True,True
NGC 6624,-28.5,266.408017,-33.1555672,8.08335362,-3.6018596,-2.19914399,-0.0613493856,-0.507452839,-0.310014669,0.511147856,0.597813705,-75.9022951,-56.0291534,225.473434,-8.94507135,-3.92338123,-78.5262591,True,True
NGC 6624,-28.6,266.599012,-33.2007927,8.09172835,-3.55747668,-2.35924734,-0.053562435,-0.501671511,-0.332949098,0.504522783,0.604481878,-76.3738329,-57.0241594,223.014698,-8.88155649,-3.99346005,-79.6639608,True,True
NGC 6624,-28.7,266.788393,-33.2440707,8.10019974,-3.51244833,-2.51719764,-0.0457285705,-0.495790094,-0.355627964,0.497894486,0.611857964,-76.8197236,-57.9864519,220.477476,-8.81564848,-4.06328956,-80.7570917,True,True
NGC 6624,-28.8,266.97608,-33.2854071,8.10876291,-3.46680184,-2.67294512,-0.0378504175,-0.489811938,-0.378043771,0.491272214,0.619891508,-77.2399334,-58.9159755,217.871974,-8.74760631,-4.13271008,-81.8054032,True,True
NGC 6624,-28.9,267.161996,-33.3248119,8.11741298,-3.42056438,-2.82644764,-0.0299305996,-0.48374039,-0.400190013,0.484665458,0.628532141,-77.6345379,-59.8128353,215.207356,-8.67766732,-4.20158363,-82.8088549,True,True
NGC 6624,-29,267.346075,-33.3622987,8.12614509,-3.37376281,-2.97766991,-0.0219717274,-0.47757878,-0.422061072,0.478083934,0.637730191,-78.0037085,-60.6772763,212.49183,-8.60604885,-4.26979181,-83.7675864,True,True
NGC 6624,-29.1,267.528258,-33.3978843,8.1349544,-3.32642364,-3.12658279,-0.0139763897,-0.471330405,-0.443652125,0.471537581,0.647437177,-78.3476989,-61.5096638,209.732746,-8.53294983,-4.3372338,-84.6818915,True,True
NGC 6624,-29.2,267.708489,-33.4315879,8.14383614,-3.27857294,-3.27316262,-0.00594714585,-0.464998521,-0.464959058,0.46503655,0.657606204,-78.6668325,-62.3104647,206.93667,-8.45855226,-4.40382445,-85.5521953,True,True
NGC 6624,-29.3,267.886721,-33.4634311,8.15278559,-3.23023623,-3.41739071,0.00211348119,-0.458586329,-0.485978395,0.4585912,0.668192254,-78.9614913,-63.0802304,204.109472,-8.38302266,-4.46949257,-86.3790328,True,True
NGC 6624,-29.4,268.062911,-33.4934373,8.1617981,-3.18143849,-3.55925275,0.0102030099,-0.452096974,-0.506707224,0.452212091,0.679152403,-79.2321044,-63.8195811,201.256388,-8.30651335,-4.53417931,-87.1630309,True,True
NGC 6624,-29.5,268.23702,-33.5216315,8.17086909,-3.13220404,-3.69873838,0.0183190048,-0.445533531,-0.527143143,0.445909983,0.690445948,-79.4791395,-64.5291916,198.382089,-8.22916363,-4.59783673,-87.9048912,True,True
NGC 6624,-29.6,268.409015,-33.5480398,8.17999409,-3.08255658,-3.83584075,0.0264590796,-0.438899006,-0.547284199,0.439695827,0.702034482,-79.7030933,-65.2097786,195.490739,-8.1511009,-4.66042651,-88.605376,True,True
NGC 6624,-29.7,268.578866,-33.5726894,8.1891687,-3.0325191,-3.97055616,0.0346209002,-0.432196328,-0.56712884,0.433580757,0.713881919,-79.9044849,-65.8620897,192.586044,-8.07244164,-4.72191879,-89.2652951,True,True
NGC 6624,-29.8,268.746546,-33.5956084,8.19838862,-2.98211392,-4.10288368,0.0428021864,-0.425428351,-0.586675875,0.427576086,0.725954469,-80.0838488,-66.4868936,189.671304,-7.99329233,-4.7822911,-89.8854953,True,True
NGC 6624,-29.9,268.912034,-33.6168255,8.20764966,-2.93136263,-4.23282487,0.0510007131,-0.418597848,-0.605924428,0.421693291,0.738220593,-80.2417294,-67.0849722,186.749451,-7.9137503,-4.84152746,-90.46685,True,True
NGC 6624,-30,269.075309,-33.6363695,8.21694771,-2.88028615,-4.36038349,0.0592143113,-0.411707512,-0.624873909,0.415943999,0.750650925,-80.3786764,-67.657113,183.823088,-7.83390447,-4.89961751,-91.0102518,True,True
NGC 6624,-30.1,269.236356,-33.6542699,8.22627877,-2.82890464,-4.48556524,0.0674408683,-0.404759955,-0.643523975,0.410339971,0.763218186,-80.4952403,-68.2041036,180.894525,-7.75383608,-4.95655585,-91.516605,True,True
NGC 6624,-30.2,269.39516,-33.6705561,8.23563895,-2.77723761,-4.60837757,0.0756783275,-0.39775771,-0.66187451,0.404893078,0.775897075,-80.5919692,-68.7267262,177.965807,-7.67361928,-5.01234131,-91.9868195,True,True
NGC 6624,-30.3,269.55171,-33.6852577,8.24502445,-2.72530385,-4.72882944,0.0839246881,-0.390703228,-0.679925591,0.399615272,0.788664171,-80.669406,-69.2257542,175.038743,-7.59332177,-5.06697642,-92.4218059,True,True
NGC 6624,-30.4,269.705996,-33.6984041,8.25443158,-2.67312147,-4.84693114,0.0921780046,-0.383598884,-0.697677471,0.394518552,0.801497812,-80.728086,-69.701948,172.11493,-7.51300531,-5.12046689,-92.8224715,True,True
NGC 6624,-30.5,269.858012,-33.7100248,8.26385674,-2.62070792,-4.96269416,0.100436386,-0.376446975,-0.715130557,0.389614928,0.814377987,-80.7685349,-70.1560533,169.195774,-7.43272619,-5.17282118,-93.1897162,True,True
NGC 6624,-30.6,270.007752,-33.7201488,8.27329644,-2.56808002,-5.07613101,0.108697993,-0.369249722,-0.732285388,0.384916369,0.827286226,-80.7912676,-70.5887979,166.282512,-7.35253573,-5.22405006,-93.5244299,True,True
NGC 6624,-30.7,270.155212,-33.7288052,8.28274728,-2.51525391,-5.18725508,0.116961041,-0.362009274,-0.749142624,0.380434751,0.840205493,-80.7967865,-71.0008913,163.376228,-7.27248061,-5.2741663,-93.8274899,True,True
NGC 6624,-30.8,270.300392,-33.7360225,8.29220597,-2.46224517,-5.29608056,0.125223794,-0.354727708,-0.765703029,0.376181798,0.853120082,-80.785581,-71.3930223,160.477869,-7.19260333,-5.32318437,-94.0997593,True,True
NGC 6624,-30.9,270.443289,-33.7418289,8.30166928,-2.40906874,-5.40262229,0.133484567,-0.347407029,-0.781967456,0.372169012,0.866015517,-80.7581267,-71.7658592,157.588258,-7.11294248,-5.37112014,-94.3420849,True,True
NGC 6624,-31,270.583905,-33.7462524,8.31113413,-2.35573902,-5.50689569,0.14174172,-0.34004918,-0.797936838,0.3684076,0.878878465,-80.7148849,-72.1200486,154.708111,-7.03353311,-5.41799065,-94.5552965,True,True
NGC 6624,-31.1,270.722242,-33.7493203,8.32059747,-2.30226982,-5.60891667,0.149993663,-0.332656034,-0.813612173,0.364908393,0.891696644,-80.6563024,-72.4562155,151.838042,-6.95440698,-5.46381395,-94.7402054,True,True
NGC 6624,-31.2,270.858304,-33.7510596,8.33005637,-2.24867443,-5.70870154,0.158238848,-0.325229403,-0.828994522,0.361681763,0.904458741,-80.5828113,-72.7749628,148.978578,-6.87559284,-5.50860884,-94.8976045,True,True
NGC 6624,-31.3,270.992093,-33.7514969,8.339508,-2.19496563,-5.80626693,0.166475773,-0.31777104,-0.844084991,0.358737532,0.917154343,-80.4948288,-73.0768719,146.130168,-6.79711665,-5.55239477,-95.0282669,True,True
NGC 6624,-31.4,271.123616,-33.7506583,8.34894957,-2.14115568,-5.90162978,0.174702976,-0.310282637,-0.858884732,0.356084884,0.929773858,-80.3927574,-73.3625024,143.293188,-6.71900184,-5.59519169,-95.1329462,True,True
NGC 6624,-31.5,271.252879,-33.7485692,8.3583784,-2.08725639,-5.9948072,0.182919036,-0.302765831,-0.873394929,0.353732275,0.942308455,-80.2769852,-73.6323929,140.467952,-6.64126947,-5.63701992,-95.2123762,True,True
NGC 6624,-31.6,271.379888,-33.7452547,8.3677919,-2.03327908,-6.0858165,0.191122572,-0.295222207,-0.887616797,0.351687345,0.954750003,-80.1478858,-73.8870612,137.654714,-6.56393843,-5.67790004,-95.2672709,True,True
NGC 6624,-31.7,271.50465,-33.7407393,8.37718753,-1.97923464,-6.17467509,0.199312238,-0.287653294,-0.901551575,0.349956834,0.967091013,-80.0058186,-74.1270045,134.853679,-6.48702564,-5.7178528,-95.2983242,True,True
NGC 6624,-31.8,271.627174,-33.7350471,8.38656284,-1.92513354,-6.26140044,0.207486726,-0.280060575,-0.915200518,0.348546506,0.979324592,-79.8511294,-74.3527004,132.065007,-6.41054614,-5.75689906,-95.3062106,True,True
NGC 6624,-31.9,271.747469,-33.7282015,8.39591545,-1.87098583,-6.34601009,0.215644763,-0.272445482,-0.928564898,0.347461083,0.991444388,-79.6841502,-74.5646074,129.288814,-6.33451331,-5.79505971,-95.2915851,True,True
NGC 6624,-32,271.865543,-33.7202255,8.40524306,-1.81680118,-6.42852156,0.223785108,-0.264809404,-0.941645995,0.346704189,1.00344456,-79.5052002,-74.7631652,126.525182,-6.25893894,-5.83235558,-95.2550835,True,True
NGC 6624,-32.1,271.981407,-33.7111416,8.4145434,-1.76258887,-6.50895236,0.231906552,-0.257153683,-0.954445097,0.346278307,1.01531971,-79.3145854,-74.9487955,123.774159,-6.18383338,-5.86880743,-95.1973227,True,True
NGC 6624,-32.2,272.09507,-33.7009716,8.42381433,-1.70835783,-6.58731993,0.240007919,-0.249479621,-0.966963493,0.346184752,1.02706489,-79.1125996,-75.1219027,121.035762,-6.10920565,-5.90443589,-95.1189014,True,True
NGC 6624,-32.3,272.206543,-33.689737,8.43305371,-1.65411664,-6.66364165,0.248088058,-0.24178848,-0.979202476,0.346423662,1.03867552,-78.8995245,-75.2828743,118.309984,-6.03506354,-5.93926142,-95.0203998,True,True
NGC 6624,-32.4,272.315837,-33.6774587,8.4422595,-1.59987356,-6.73793479,0.25614585,-0.23408148,-0.991163335,0.346994,1.05014741,-78.6756303,-75.4320817,115.596794,-5.96141371,-5.97330427,-94.9023807,True,True
NGC 6624,-32.5,272.422963,-33.6641571,8.45142972,-1.54563652,-6.8102165,0.264180203,-0.226359807,-1.00284735,0.347893578,1.06147669,-78.4411755,-75.569881,112.896139,-5.88826175,-6.00658448,-94.7653896,True,True
NGC 6624,-32.6,272.527932,-33.649852,8.46056243,-1.49141315,-6.8805038,0.272190048,-0.21862461,-1.01425581,0.349119095,1.07265977,-78.1964081,-75.696613,110.207948,-5.81561229,-6.03912181,-94.6099551,True,True
NGC 6624,-32.7,272.630756,-33.6345629,8.46965576,-1.43721078,-6.94881356,0.280174343,-0.210877004,-1.02538998,0.350666185,1.0836934,-77.9415653,-75.8126044,107.532132,-5.74346907,-6.07093577,-94.4365894,True,True
NGC 6624,-32.8,272.731447,-33.6183087,8.47870789,-1.38303648,-7.01516248,0.288132069,-0.203118071,-1.03625111,0.352529489,1.09457453,-77.6768741,-75.918168,104.86859,-5.67183501,-6.10204557,-94.2457889,True,True
NGC 6624,-32.9,272.830017,-33.6011077,8.48771705,-1.32889704,-7.07956709,0.296062231,-0.195348862,-1.04684047,0.354702725,1.10530041,-77.402552,-76.0136036,102.217206,-5.60071223,-6.13247013,-94.0380344,True,True
NGC 6624,-33,272.926478,-33.582978,8.49668152,-1.27479899,-7.14204371,0.303963855,-0.187570399,-1.05715928,0.357178778,1.11586846,-77.1188066,-76.099198,99.5778506,-5.53010218,-6.16222804,-93.8137917,True,True
NGC 6624,-33.1,273.020842,-33.563937,8.50559965,-1.22074862,-7.20260849,0.311835985,-0.179783673,-1.06720877,0.35994979,1.12627635,-76.8258366,-76.1752263,96.9503876,-5.46000564,-6.19133759,-93.573512,True,True
NGC 6624,-33.2,273.113122,-33.5440018,8.51446981,-1.16675199,-7.26127737,0.31967769,-0.17198965,-1.07699015,0.363007252,1.13652191,-76.5238318,-76.2419516,94.3346696,-5.39042279,-6.21981673,-93.3176323,True,True
NGC 6624,-33.3,273.20333,-33.5231889,8.52329044,-1.11281493,-7.31806605,0.327488054,-0.164189268,-1.08650461,0.36634211,1.14660316,-76.2129736,-76.299626,91.7305415,-5.32135325,-6.24768308,-93.0465758,True,True
NGC 6624,-33.4,273.291479,-33.5015144,8.53206,-1.05894305,-7.37299003,0.335266181,-0.156383439,-1.09575333,0.36994485,1.15651828,-75.8934351,-76.348491,89.1378413,-5.25279612,-6.27495395,-92.7607526,True,True
NGC 6624,-33.5,273.377581,-33.478994,8.54077702,-1.00514175,-7.4260646,0.343011192,-0.148573054,-1.10473746,0.373805605,1.16626562,-75.5653816,-76.3887777,86.5564008,-5.18475004,-6.30164628,-92.4605596,True,True
NGC 6624,-33.6,273.461649,-33.4556431,8.54944005,-0.951416242,-7.47730478,0.350722223,-0.140758978,-1.11345816,0.377914233,1.17584363,-75.2289706,-76.4207075,83.9860465,-5.1172132,-6.32777668,-92.1463815,True,True
NGC 6624,-33.7,273.543696,-33.4314764,8.5580477,-0.897771547,-7.52672538,0.358398429,-0.132942054,-1.12191654,0.382260413,1.18525093,-74.8843524,-76.4444924,81.4266002,-5.05018338,-6.35336146,-91.8185906,True,True
NGC 6624,-33.8,273.623734,-33.4065085,8.56659861,-0.8442125,-7.57434098,0.366038976,-0.125123106,-1.13011372,0.386833716,1.19448623,-74.5316702,-76.4603354,78.8778799,-4.983658,-6.37841656,-91.4775476,True,True
NGC 6624,-33.9,273.701775,-33.3807532,8.57509145,-0.79074376,-7.62016589,0.373643048,-0.117302935,-1.13805078,0.391623679,1.20354837,-74.1710603,-76.468431,76.3396999,-4.91763411,-6.40295759,-91.1236018,True,True
NGC 6624,-34,273.777833,-33.3542244,8.58352494,-0.737369824,-7.66421419,0.381209839,-0.109482325,-1.14572878,0.39661987,1.21243629,-73.8026526,-76.4689652,73.811872,-4.85210847,-6.42699986,-90.7570916,True,True
NGC 6624,-34.1,273.85192,-33.3269352,8.59189784,-0.684095024,-7.70649973,0.38873856,-0.101662039,-1.15314878,0.401811944,1.22114903,-73.4265702,-76.4621162,71.2942052,-4.78707752,-6.45055833,-90.3783446,True,True
NGC 6624,-34.2,273.924049,-33.2988985,8.60020892,-0.630923541,-7.74703608,0.396228431,-0.0938428235,-1.16031181,0.407189692,1.22968571,-73.0429306,-76.4480548,68.7865069,-4.72253746,-6.47364765,-89.9876782,True,True
NGC 6624,-34.3,273.99423,-33.2701269,8.60845701,-0.577859409,-7.78583659,0.403678685,-0.086025408,-1.16721888,0.412743082,1.23804554,-72.6518448,-76.4269442,66.2885826,-4.6584842,-6.49628215,-89.5853997,True,True
NGC 6624,-34.4,274.062479,-33.2406325,8.61664097,-0.524906521,-7.82291435,0.411088566,-0.0782105053,-1.17387097,0.418462295,1.2462278,-72.2534185,-76.398941,63.8002366,-4.59491346,-6.51847584,-89.1718069,True,True
NGC 6624,-34.5,274.128805,-33.2104271,8.62475967,-0.472068633,-7.85828218,0.418457328,-0.0703988126,-1.18026905,0.424337753,1.25423186,-71.8477516,-76.3641947,61.3212725,-4.53182074,-6.54024245,-88.7471879,True,True
NGC 6624,-34.6,274.193222,-33.1795221,8.63281203,-0.419349374,-7.89195268,0.425784236,-0.0625910121,-1.18641408,0.430360141,1.26205714,-71.4349387,-76.3228488,58.8514928,-4.46920132,-6.56159539,-88.3118223,True,True
NGC 6624,-34.7,274.255741,-33.1479287,8.64079699,-0.366752247,-7.92393818,0.433068564,-0.0547877717,-1.19230699,0.436520424,1.26970313,-71.0150691,-76.2750403,56.3906998,-4.40705033,-6.58254777,-87.8659803,True,True
NGC 6624,-34.8,274.316375,-33.1156577,8.64871354,-0.314280638,-7.95425076,0.440309594,-0.0469897456,-1.19794867,0.442809863,1.27716937,-70.5882273,-76.2209005,53.9386957,-4.34536273,-6.60311241,-87.4099239,True,True
NGC 6624,-34.9,274.375135,-33.0827195,8.65656066,-0.261937817,-7.98290226,0.447506617,-0.0391975748,-1.20334003,0.449220015,1.28445547,-70.1544926,-76.160555,51.4952822,-4.28413334,-6.62330187,-86.943907,True,True
NGC 6624,-35,274.432034,-33.0491242,8.66433739,-0.209726947,-8.00990426,0.454658932,-0.0314118878,-1.20848193,0.455742746,1.29156108,-69.7139398,-76.0941238,49.0602617,-4.22335683,-6.64312841,-86.4681753,True,True
NGC 6624,-35.1,274.487082,-33.0148818,8.67204277,-0.157651083,-8.0352681,0.461765845,-0.0236333011,-1.21337521,0.462370229,1.2984859,-69.266639,-76.0217219,46.6334365,-4.16302774,-6.66260401,-85.9829669,True,True
NGC 6624,-35.2,274.540291,-32.9800016,8.6796759,-0.105713184,-8.05900486,0.468826671,-0.0158624197,-1.21802072,0.469094941,1.30522969,-68.8126559,-75.9434591,44.2146094,-4.10314052,-6.68174042,-85.4885122,True,True
NGC 6624,-35.3,274.591672,-32.9444931,8.68723586,-0.05391611,-8.08112538,0.475840728,-0.00809983748,-1.22241924,0.475909661,1.31179221,-68.3520517,-75.8594403,41.8035838,-4.04368949,-6.70054908,-84.9850346,True,True
NGC 6624,-35.4,274.641237,-32.908365,8.69472179,-0.00226262977,-8.10164025,0.482807342,-0.000346138004,-1.22657158,0.482807466,1.31817332,-67.8848836,-75.769766,39.4001636,-3.98466892,-6.71904122,-84.4727504,True,True
NGC 6624,-35.5,274.688997,-32.8716261,8.70213284,0.0492445759,-8.12055981,0.489725845,0.00739810528,-1.2304785,0.489781722,1.32437286,-67.4112046,-75.674532,37.0041536,-3.92607293,-6.73722779,-83.9518689,True,True
NGC 6624,-35.6,274.734962,-32.8342847,8.70946817,0.100602911,-8.13789417,0.496595574,0.0151323285,-1.23414075,0.496826077,1.33039075,-66.9310636,-75.5738298,34.6153593,-3.86789563,-6.75511952,-83.4225931,True,True
NGC 6624,-35.7,274.779144,-32.7963489,8.71672699,0.151809859,-8.15365318,0.503415869,0.0228559769,-1.23755905,0.503934453,1.3362269,-66.4445058,-75.4677468,32.233587,-3.81013102,-6.7727269,-82.8851193,True,True
NGC 6624,-35.8,274.821553,-32.7578267,8.72390849,0.202862983,-8.16784646,0.510186077,0.0305685044,-1.24073412,0.511101034,1.3418813,-65.9515725,-75.3563664,29.8586441,-3.75277304,-6.79006018,-82.3396377,True,True
NGC 6624,-35.9,274.862199,-32.7187255,8.73101193,0.253759918,-8.18048339,0.516905548,0.0382693735,-1.24366664,0.518320259,1.34735392,-65.4523012,-75.2397681,27.4903388,-3.6958156,-6.80712939,-81.7863326,True,True
NGC 6624,-36,274.901093,-32.6790527,8.73803655,0.304498371,-8.1915731,0.523573635,0.0459580543,-1.24635728,0.525586809,1.3526448,-64.9467259,-75.1180277,25.1284804,-3.63925254,-6.82394434,-81.2253821,True,True
NGC 6624,-36.1,274.938244,-32.6388153,8.74498161,0.355076118,-8.20112449,0.530189695,0.0536340248,-1.24880669,0.532895601,1.35775398,-64.434877,-74.9912174,22.7728792,-3.58307767,-6.84051463,-80.656959,True,True
NGC 6624,-36.2,274.973663,-32.5980203,8.75184642,0.405490996,-8.20914622,0.536753089,0.0612967699,-1.25101551,0.540241772,1.36268154,-63.9167815,-74.8594058,20.4233466,-3.52728473,-6.85684965,-80.0812303,True,True
NGC 6624,-36.3,275.00736,-32.5566741,8.75863028,0.455740909,-8.21564673,0.543263177,0.0689457816,-1.25298433,0.547620672,1.36742756,-63.3924628,-74.7226585,18.079695,-3.47186747,-6.87295859,-79.4983577,True,True
NGC 6624,-36.4,275.039344,-32.5147832,8.76533251,0.505823816,-8.22063421,0.549719326,0.0765805582,-1.25471376,0.555027854,1.37199218,-62.8619413,-74.5810373,15.7417381,-3.41681959,-6.88885045,-78.9084978,True,True
NGC 6624,-36.5,275.069625,-32.4723536,8.77195246,0.555737735,-8.22411662,0.556120901,0.0842006043,-1.25620437,0.562459063,1.37637554,-62.3252338,-74.4346014,13.4092905,-3.36213475,-6.90453402,-78.3118021,True,True
NGC 6624,-36.6,275.098211,-32.4293913,8.77848948,0.605480737,-8.2261017,0.56246727,0.0918054305,-1.25745671,0.569910227,1.3805778,-61.782354,-74.2834067,11.0821681,-3.30780662,-6.92001793,-77.7084171,True,True
NGC 6624,-36.7,275.125113,-32.385902,8.78494295,0.655050946,-8.22659696,0.568757804,0.0993945527,-1.25847132,0.577377447,1.38459914,-61.2333124,-74.1275061,8.76018769,-3.25382883,-6.93531061,-77.0984845,True,True
NGC 6624,-36.8,275.150338,-32.3418911,8.79131225,0.704446533,-8.22560967,0.574991871,0.106967492,-1.25924871,0.584856988,1.38843978,-60.6781166,-73.9669499,6.44316748,-3.200195,-6.95042032,-76.4821414,True,True
NGC 6624,-36.9,275.173896,-32.2973638,8.79759679,0.753665718,-8.22314688,0.581168844,0.114523775,-1.25978939,0.592345271,1.39209993,-60.1167707,-73.8017854,4.1309266,-3.14689875,-6.96535514,-75.8595204,True,True
NGC 6624,-37,275.195795,-32.2523253,8.80379597,0.802706765,-8.21921543,0.587288092,0.122062933,-1.26009382,0.599838864,1.39557984,-59.5492762,-73.6320573,1.82328538,-3.09393366,-6.98012302,-75.2307497,True,True
NGC 6624,-37.1,275.216044,-32.2067803,8.80990924,0.851567981,-8.21382192,0.593348988,0.129584501,-1.26016248,0.607334475,1.39887978,-58.9756313,-73.4578078,-0.479934776,-3.04129335,-6.9947317,-74.5959531,True,True
NGC 6624,-37.2,275.234651,-32.1607335,8.81593602,0.900247713,-8.20697273,0.599350901,0.137088019,-1.2599958,0.614828942,1.40200001,-58.3958313,-73.2790763,-2.77891133,-2.98897139,-7.00918881,-73.9552504,True,True
NGC 6624,-37.3,275.251624,-32.1141894,8.82187579,0.948744347,-8.19867404,0.605293203,0.14457303,-1.25959421,0.622319229,1.40494085,-57.8098688,-73.0959001,-5.07382066,-2.93696138,-7.02350178,-73.308757,True,True
NGC 6624,-37.4,275.266971,-32.0671522,8.827728,0.997056304,-8.18893179,0.611175262,0.152039082,-1.25895812,0.629802416,1.40770261,-57.2177331,-72.9083138,-7.36483805,-2.8852569,-7.03767795,-72.6565847,True,True
NGC 6624,-37.5,275.280699,-32.0196259,8.83349214,1.04518204,-8.17775172,0.616996447,0.159485725,-1.25808792,0.637275695,1.41028561,-56.619411,-72.71635,-9.65213774,-2.83385155,-7.05172446,-71.9988411,True,True
NGC 6624,-37.6,275.292816,-31.9716145,8.83916769,1.09312005,-8.16513933,0.622756123,0.166912513,-1.25698397,0.644736361,1.41269023,-56.014886,-72.5200387,-11.9358929,-2.7827389,-7.06564836,-71.3356304,True,True
NGC 6624,-37.7,275.303329,-31.9231216,8.84475416,1.14086886,-8.15109994,0.628453656,0.174319003,-1.25564663,0.652181809,1.41491681,-55.4041393,-72.3194079,-14.2162756,-2.73191258,-7.07945654,-70.6670527,True,True
NGC 6624,-37.8,275.312246,-31.8741508,8.85025106,1.188427,-8.13563862,0.634088407,0.181704754,-1.25407625,0.659609526,1.41696576,-54.7871487,-72.1144834,-16.4934568,-2.68136616,-7.09315576,-69.9932047,True,True
NGC 6624,-37.9,275.319573,-31.8247055,8.85565791,1.23579307,-8.11876026,0.639659739,0.189069329,-1.25227313,0.667017086,1.41883747,-54.1638897,-71.9052889,-18.7676068,-2.63109327,-7.10675266,-69.3141796,True,True
NGC 6624,-38,275.325317,-31.7747887,8.86097425,1.28296566,-8.10046952,0.645167007,0.196412292,-1.25023757,0.674402146,1.42053238,-53.5343345,-71.6918461,-21.0388943,-2.58108752,-7.12025376,-68.6300671,True,True
NGC 6624,-38.1,275.329485,-31.7244034,8.86619961,1.32994341,-8.08077087,0.650609566,0.20373321,-1.24796987,0.681762443,1.42205092,-52.8984528,-71.4741745,-23.3074875,-2.53134254,-7.13366547,-67.9409536,True,True
NGC 6624,-38.2,275.332084,-31.6735526,8.87133355,1.37672497,-8.05966855,0.655986768,0.21103165,-1.24547029,0.689095782,1.42339356,-52.2562115,-71.2522919,-25.5735534,-2.48185197,-7.14699405,-67.246922,True,True
NGC 6624,-38.3,275.333118,-31.622239,8.87637562,1.42330901,-8.0371666,0.661297961,0.218307184,-1.24273907,0.696400043,1.42456078,-51.6075744,-71.0262141,-27.8372578,-2.43260945,-7.1602457,-66.5480522,True,True
NGC 6624,-38.4,275.332596,-31.5704649,8.88132541,1.46969423,-8.01326887,0.666542488,0.225559382,-1.23977646,0.703673165,1.42555309,-50.9525028,-70.7959549,-30.0987659,-2.38360864,-7.17342648,-65.8444209,True,True
NGC 6624,-38.5,275.330521,-31.5182327,8.88618247,1.51587934,-7.98797898,0.671719689,0.232787819,-1.23658267,0.710913151,1.42637099,-50.290955,-70.5615264,-32.3582417,-2.33484322,-7.18654235,-65.1361017,True,True
NGC 6624,-38.6,275.3269,-31.4655448,8.8909464,1.56186307,-7.96130037,0.676828899,0.239992067,-1.23315789,0.718118062,1.42701505,-49.6228866,-70.3229388,-34.6158481,-2.28630687,-7.19959917,-64.423165,True,True
NGC 6624,-38.7,275.321739,-31.412403,8.89561679,1.60764417,-7.93323627,0.681869451,0.247171702,-1.22950232,0.725286011,1.42748581,-48.9482502,-70.0802006,-36.8717472,-2.23799329,-7.21260272,-63.7056784,True,True
NGC 6624,-38.8,275.315043,-31.3588094,8.90019324,1.65322141,-7.90378971,0.686840668,0.254326301,-1.22561611,0.732415162,1.42778388,-48.2669956,-69.8333186,-39.1260999,-2.18989619,-7.22555865,-62.9837066,True,True
NGC 6624,-38.9,275.306817,-31.3047655,8.90467535,1.69859355,-7.8729635,0.691741872,0.261455438,-1.22149942,0.739503728,1.42790987,-47.5790698,-69.5822978,-41.3790664,-2.14200931,-7.23847255,-62.2573113,True,True
NGC 6624,-39,275.297065,-31.2502731,8.90906274,1.74375938,-7.84076028,0.696572377,0.268558692,-1.21715237,0.746549963,1.4278644,-46.8844167,-69.3271415,-43.6308056,-2.09432637,-7.25134992,-61.5265513,True,True
NGC 6624,-39.1,275.285793,-31.1953336,8.91335502,1.78871771,-7.80718248,0.701331493,0.275635639,-1.2125751,0.753552167,1.42764815,-46.1829776,-69.0678513,-45.8814755,-2.04684116,-7.26419616,-60.791483,True,True
NGC 6624,-39.2,275.273006,-31.1399483,8.91755183,1.83346734,-7.77223233,0.706018523,0.282685857,-1.2077677,0.760508677,1.4272618,-45.4746906,-68.8044275,-48.1312328,-1.99954744,-7.27701659,-60.0521596,True,True
NGC 6624,-39.3,275.258707,-31.0841184,8.92165279,1.8780071,-7.73591186,0.710632762,0.289708923,-1.20273025,0.767417867,1.42670608,-44.7594908,-68.5368682,-50.3802334,-1.952439,-7.28981646,-59.3086319,True,True
NGC 6624,-39.4,275.2429,-31.0278449,8.92565754,1.9223358,-7.69822292,0.7151735,0.296704414,-1.19746282,0.774278144,1.42598172,-44.0373105,-68.2651706,-52.6286321,-1.90550966,-7.30260093,-58.5609479,True,True
NGC 6624,-39.5,275.225591,-30.9711286,8.92956572,1.96645229,-7.65916715,0.71964002,0.303671906,-1.19196548,0.781087949,1.4250895,-43.3080788,-67.9893297,-54.8765821,-1.85875326,-7.3153751,-57.8091531,True,True
NGC 6624,-39.6,275.206783,-30.9139704,8.93337698,2.0103554,-7.61874599,0.724031597,0.310610975,-1.18623824,0.787845753,1.42403023,-42.5717218,-67.7093395,-57.124236,-1.81216364,-7.32814397,-57.0532904,True,True
NGC 6624,-39.7,275.186478,-30.8563709,8.93709097,2.05404397,-7.57696072,0.728347498,0.317521197,-1.18028115,0.794550054,1.42280476,-41.8281624,-67.425192,-59.3717445,-1.76573467,-7.34091251,-56.2934,True,True
NGC 6624,-39.8,275.164682,-30.7983306,8.94070735,2.09751686,-7.5338124,0.732586983,0.324402146,-1.1740942,0.801199376,1.42141396,-41.0773205,-67.136878,-61.6192576,-1.71946026,-7.35368558,-55.5295198,True,True
NGC 6624,-39.9,275.141397,-30.7398498,8.94422577,2.1407729,-7.48930189,0.736749302,0.331253395,-1.16767739,0.807792266,1.41985874,-40.3191127,-66.8443867,-63.8669235,-1.67333431,-7.36646799,-54.7616851,True,True
NGC 6624,-40,275.116627,-30.6809287,8.9476459,2.18381096,-7.4434299,0.740833698,0.338074517,-1.1610307,0.814327297,1.41814006,-39.5534522,-66.5477059,-66.114889,-1.62735077,-7.3792645,-53.9899286,True,True
NGC 6624,-40.1,275.090374,-30.6215676,8.95096742,2.22662988,-7.39619691,0.744839404,0.344865082,-1.15415408,0.82080306,1.41625891,-38.7802493,-66.2468217,-68.3632993,-1.58150361,-7.39207978,-53.2142809,True,True
NGC 6624,-40.2,275.062641,-30.5617663,8.95418998,2.26922852,-7.34760323,0.748765644,0.351624659,-1.14704748,0.827218164,1.41421633,-37.9994107,-65.9417191,-70.6122981,-1.53578682,-7.40491845,-52.4347699,True,True
NGC 6624,-40.3,275.033431,-30.5015247,8.95731327,2.31160572,-7.29764899,0.752611632,0.358352817,-1.13971084,0.833571239,1.41201339,-37.2108397,-65.6323814,-72.8620272,-1.49019442,-7.41778508,-51.6514211,True,True
NGC 6624,-40.4,275.002746,-30.4408426,8.96033697,2.35376033,-7.24633412,0.756376573,0.365049121,-1.13214407,0.83986093,1.40965123,-36.4144362,-65.3187906,-75.1126264,-1.44472048,-7.43068415,-50.8642579,True,True
NGC 6624,-40.5,274.970588,-30.3797195,8.96326074,2.39569121,-7.19365836,0.760059659,0.371713136,-1.12434709,0.846085895,1.40713102,-35.6100967,-65.0009272,-77.3642337,-1.39935907,-7.44362011,-50.0733011,True,True
NGC 6624,-40.6,274.93696,-30.318155,8.96608429,2.43739719,-7.13962128,0.763660075,0.378344423,-1.11631977,0.852244807,1.404454,-34.7977139,-64.6787704,-79.6169844,-1.35410432,-7.45659734,-49.2785693,True,True
NGC 6624,-40.7,274.901864,-30.2561485,8.96880729,2.4788771,-7.08422227,0.76717699,0.384942542,-1.10806199,0.858336353,1.40162144,-33.9771773,-64.3522979,-81.871012,-1.3089504,-7.46962016,-48.4800786,True,True
NGC 6624,-40.8,274.865301,-30.1936992,8.97142943,2.52012978,-7.02746053,0.770609567,0.39150705,-1.09957362,0.864359228,1.3986347,-33.1483722,-64.0214862,-84.126447,-1.26389151,-7.48269283,-47.6778431,True,True
NGC 6624,-40.9,274.827273,-30.1308063,8.9739504,2.56115405,-6.96933507,0.773956953,0.398037503,-1.09085451,0.870312139,1.39549517,-32.3111806,-63.6863102,-86.3834172,-1.2189219,-7.49581957,-46.8718743,True,True
NGC 6624,-41,274.787781,-30.0674688,8.9763699,2.60194873,-6.90984474,0.777218284,0.404533454,-1.08190449,0.876193801,1.39220433,-31.4654804,-63.3467437,-88.6420472,-1.17403588,-7.50900452,-46.0621818,True,True
NGC 6624,-41.1,274.746827,-30.0036856,8.97868761,2.64251263,-6.8489882,0.780392684,0.41099445,-1.07272339,0.882002936,1.38876371,-30.6111459,-63.0027591,-90.9024584,-1.1292278,-7.52225177,-45.2487725,True,True
NGC 6624,-41.2,274.704411,-29.9394556,8.98090322,2.68284454,-6.78676395,0.783479264,0.41742004,-1.06331102,0.887738276,1.38517492,-29.7480473,-62.6543272,-93.1647684,-1.08449208,-7.53556535,-44.4316516,True,True
NGC 6624,-41.3,274.660535,-29.8747773,8.98301645,2.72294326,-6.7231703,0.786477119,0.423809766,-1.05366717,0.893398554,1.38143964,-28.8760509,-62.3014179,-95.429091,-1.03982321,-7.54894923,-43.6108217,True,True
NGC 6624,-41.4,274.615199,-29.8096496,8.98502697,2.76280757,-6.65820539,0.789385334,0.430163169,-1.04379165,0.898982512,1.37755964,-27.9950187,-61.9439995,-97.6955353,-0.995215729,-7.56240731,-42.7862833,True,True
NGC 6624,-41.5,274.568404,-29.7440708,8.98693448,2.80243624,-6.59186719,0.792202976,0.436479787,-1.03368421,0.904488894,1.37353675,-27.104809,-61.5820393,-99.964206,-0.950664284,-7.57594344,-41.9580347,True,True
NGC 6624,-41.6,274.52015,-29.6780393,8.98873869,2.84182802,-6.52415351,0.794929099,0.442759154,-1.02334465,0.909916447,1.36937292,-26.2052755,-61.215503,-102.235202,-0.906163593,-7.58956138,-41.1260721,True,True
NGC 6624,-41.7,274.470438,-29.6115534,8.99043929,2.88098165,-6.455062,0.797562744,0.449000798,-1.0127727,0.915263922,1.36507017,-25.2962679,-60.8443553,-104.508618,-0.861708476,-7.60326484,-40.2903896,True,True
NGC 6624,-41.8,274.419268,-29.5446112,8.99203598,2.91989587,-6.38459013,0.800102931,0.455204248,-1.00196811,0.920530069,1.36063063,-24.3776316,-60.4685596,-106.784539,-0.817293861,-7.61705745,-39.4509792,True,True
NGC 6624,-41.9,274.366639,-29.477211,8.99352844,2.9585694,-6.31273524,0.80254867,0.461369025,-0.990930637,0.925713641,1.35605652,-23.4492076,-60.0880782,-109.063047,-0.772914791,-7.63094275,-38.6078308,True,True
NGC 6624,-42,274.312552,-29.4093507,8.99491639,2.99700093,-6.23949449,0.80489895,0.467494648,-0.979660001,0.930813389,1.35135017,-22.5108324,-59.7028719,-111.344214,-0.728566442,-7.64492421,-37.7609321,True,True
NGC 6624,-42.1,274.257007,-29.3410281,8.99619951,3.03518915,-6.16486491,0.807152745,0.473580633,-0.968155928,0.935828067,1.34651404,-21.5623382,-59.3129008,-113.628104,-0.684244135,-7.65900518,-36.9102691,True,True
NGC 6624,-42.2,274.200003,-29.272241,8.99737749,3.07313273,-6.08884337,0.809309012,0.479626489,-0.956418138,0.940756423,1.34155071,-20.6035526,-58.9181236,-115.914771,-0.639943352,-7.67318896,-36.0558256,True,True
NGC 6624,-42.3,274.141539,-29.2029873,8.99845005,3.11083033,-6.0114266,0.811366689,0.485631724,-0.944446343,0.945597206,1.33646286,-19.6342989,-58.5184979,-118.204262,-0.595659753,-7.68747869,-35.1975836,True,True
NGC 6624,-42.4,274.081615,-29.1332645,8.99941685,3.14828058,-5.93261122,0.813324697,0.491595839,-0.932240253,0.950349162,1.33125333,-18.6543955,-58.1139804,-120.496607,-0.551389196,-7.70187743,-34.3355234,True,True
NGC 6624,-42.5,274.02023,-29.0630701,9.0002776,3.18548211,-5.85239369,0.815181935,0.497518331,-0.919799575,0.955011035,1.32592509,-17.6636566,-57.7045267,-122.79183,-0.507127758,-7.71638812,-33.4696231,True,True
NGC 6624,-42.6,273.957383,-28.9924017,9.00103199,3.2224335,-5.77077036,0.816937288,0.503398693,-0.907124015,0.959581563,1.32048126,-16.6618916,-57.2900913,-125.089936,-0.462871763,-7.73101352,-32.5998596,True,True
NGC 6624,-42.7,273.893073,-28.9212567,9.0016797,3.25913335,-5.68773748,0.818589617,0.509236414,-0.894213277,0.964059483,1.31492512,-15.6489056,-56.8706281,-127.390918,-0.418617804,-7.74575628,-31.7262078,True,True
NGC 6624,-42.8,273.8273,-28.8496323,9.00222042,3.29558021,-5.60329119,0.820137764,0.515030977,-0.881067069,0.968443524,1.30926011,-14.624499,-56.44609,-129.694752,-0.374362777,-7.76061885,-30.8486414,True,True
NGC 6624,-42.9,273.760062,-28.7775259,9.00265384,3.33177264,-5.51742753,0.821580551,0.52078186,-0.867685101,0.972732413,1.30348985,-13.5884679,-56.0164289,-132.001392,-0.330103918,-7.77560354,-29.9671326,True,True
NGC 6624,-43,273.691357,-28.7049346,9.00297964,3.36770914,-5.43014245,0.822916779,0.526488537,-0.85406709,0.976924871,1.29761812,-12.5406042,-55.5815964,-134.310777,-0.285838832,-7.7907124,-29.0816523,True,True
NGC 6624,-43.1,273.621185,-28.6318556,9.00319749,3.40338823,-5.34143185,0.824145226,0.532150477,-0.840212758,0.981019614,1.29164893,-11.4806952,-55.141543,-136.622818,-0.241565546,-7.80594728,-28.1921703,True,True
NGC 6624,-43.2,273.549545,-28.558286,9.00330707,3.43880838,-5.25129156,0.82526465,0.537767143,-0.826121839,0.985015351,1.28558646,-10.4085244,-54.6962191,-138.937405,-0.197282553,-7.82130979,-27.2986558,True,True
NGC 6624,-43.3,273.476434,-28.4842228,9.00330807,3.47396806,-5.15971738,0.826273786,0.543337993,-0.811794081,0.988910786,1.2794351,-9.32387136,-54.2455744,-141.254397,-0.152988864,-7.83680123,-26.401077,True,True
NGC 6624,-43.4,273.401852,-28.4096632,9.00320015,3.5088657,-5.06670506,0.827171344,0.548862481,-0.797229245,0.992704617,1.27319948,-8.22651198,-53.7895581,-143.573624,-0.10868407,-7.85242259,-25.4994018,True,True
NGC 6624,-43.5,273.325798,-28.334604,9.00298298,3.54349972,-4.97225038,0.827956015,0.554340055,-0.782427113,0.996395534,1.26688447,-7.11621874,-53.3281196,-145.894879,-0.0643684125,-7.86817454,-24.5935981,True,True
NGC 6624,-43.6,273.248269,-28.2590424,9.00265625,3.57786853,-4.87634911,0.828626464,0.559770158,-0.767387491,0.999982223,1.26049514,-5.99276112,-52.8612079,-148.217919,-0.0200428568,-7.8840573,-23.6836338,True,True
NGC 6624,-43.7,273.169265,-28.1829753,9.0022196,3.61197048,-4.77899708,0.829181333,0.565152227,-0.752110208,1.00346336,1.25403688,-4.85590593,-52.3887721,-150.542458,0.0242908214,-7.90007069,-22.7694773,True,True
NGC 6624,-43.8,273.088785,-28.1063997,9.0016727,3.64580394,-4.68019017,0.829619238,0.570485695,-0.73659513,1.00683763,1.24751529,-3.70541788,-51.9107617,-152.86816,0.0686299391,-7.91621402,-21.8510983,True,True
NGC 6624,-43.9,273.006828,-28.0293126,9.00101523,3.67936724,-4.57992437,0.829938775,0.575769989,-0.720842156,1.01010368,1.24093629,-2.54106011,-51.4271264,-155.194639,0.112970796,-7.93248605,-20.9284676,True,True
NGC 6624,-44,272.923392,-27.9517113,9.00024683,3.71265868,-4.47819582,0.830138512,0.581004531,-0.704851229,1.01326019,1.23430607,-1.36259487,-50.9378168,-157.521448,0.157308551,-7.94888489,-20.0015582,True,True
NGC 6624,-44.1,272.838477,-27.8735927,8.99936717,3.74567656,-4.37500079,0.830216994,0.586188739,-0.688622342,1.01630581,1.22763114,-0.169784335,-50.4427842,-159.848074,0.201637085,-7.96540796,-19.0703457,True,True
NGC 6624,-44.2,272.752083,-27.7949542,8.99837591,3.77841914,-4.27033582,0.830172743,0.591322024,-0.672155542,1.01923919,1.22091834,1.03760851,-49.9419809,-162.173929,0.245948841,-7.98205188,-18.1348089,True,True
NGC 6624,-44.3,272.664209,-27.7157931,8.99727271,3.81088467,-4.16419766,0.830004254,0.596403795,-0.655450941,1.02205898,1.21417482,2.25981871,-49.4353609,-164.498343,0.290234646,-7.99881238,-17.1949308,True,True
NGC 6624,-44.4,272.574856,-27.6361069,8.99605721,3.84307139,-4.05658342,0.829710001,0.601433453,-0.638508726,1.02476382,1.20740808,3.49707815,-48.9228797,-166.820553,0.334483511,-8.01568415,-16.2506996,True,True
NGC 6624,-44.5,272.484024,-27.5558932,8.99472908,3.8749775,-3.94749057,0.829288433,0.606410398,-0.621329164,1.02735236,1.20062601,4.74961405,-48.4044948,-169.139692,0.378682398,-8.03266074,-15.3021093,True,True
NGC 6624,-44.6,272.391713,-27.4751498,8.99328798,3.90660119,-3.83691704,0.828737975,0.611334024,-0.60391262,1.02982325,1.19383683,6.01764735,-47.8801666,-171.454773,0.422815963,-8.0497344,-14.3491612,True,True
NGC 6624,-44.7,272.297927,-27.393875,8.99173356,3.93794064,-3.72486129,0.828057033,0.61620372,-0.586259564,1.03217512,1.18704918,7.3013907,-47.3498578,-173.764679,0.466866257,-8.06689591,-13.391865,True,True
NGC 6624,-44.8,272.202665,-27.312067,8.9900655,3.96899401,-3.6113224,0.827243988,0.621018874,-0.568370589,1.03440662,1.18027208,8.60104629,-46.813535,-176.068146,0.510812391,-8.08413437,-12.4302404,True,True
NGC 6624,-44.9,272.105933,-27.2297246,8.98828345,3.99975944,-3.49630017,0.826297205,0.625778869,-0.550246425,1.03651641,1.17351497,9.91680327,-46.2711685,-178.363738,0.554630153,-8.10143697,-11.4643186,True,True
NGC 6624,-45,272.007732,-27.1468468,8.9863871,4.03023507,-3.37979524,0.825215027,0.630483084,-0.531887959,1.03850313,1.16678771,11.2488349,-45.7227331,-180.649834,0.598291567,-8.11878877,-10.494144,True,True
NGC 6624,-45.1,271.908068,-27.0634332,8.98437611,4.06041902,-3.26180921,0.823995781,0.6351309,-0.513296255,1.04036547,1.16010058,12.597295,-45.1682089,-182.924598,0.6417644,-8.13617234,-9.51977651,True,True
NGC 6624,-45.2,271.806947,-26.9794839,8.98225018,4.09030939,-3.14234479,0.822637781,0.639721692,-0.494472574,1.04210209,1.1534643,13.9623146,-44.607582,-185.18595,0.685011591,-8.15356747,-8.54129323,True,True
NGC 6624,-45.3,271.704374,-26.8949996,8.980009,4.11990431,-3.02140599,0.821139327,0.644254835,-0.475418407,1.04371169,1.14689003,15.3439971,-44.0408452,-187.431542,0.727990607,-8.17095079,-7.55879122,True,True
NGC 6624,-45.4,271.60036,-26.8099816,8.97765229,4.14920187,-2.89899826,0.819498712,0.648729705,-0.456135498,1.04519298,1.14038939,16.7424138,-43.4679993,-189.658712,0.770652703,-8.18829529,-6.5723899,True,True
NGC 6624,-45.5,271.494912,-26.7244323,8.97517977,4.17820017,-2.77512877,0.817714221,0.653145678,-0.436625883,1.04654471,1.13397442,18.1575984,-42.8890539,-191.864451,0.812942091,-8.20556985,-5.58223384,True,True
NGC 6624,-45.6,271.388045,-26.6383547,8.97259118,4.20689731,-2.64980659,0.815784141,0.657502129,-0.416891923,1.04776563,1.12765761,19.5895404,-42.3040286,-194.045352,0.854794994,-8.22273864,-4.58849561,True,True
NGC 6624,-45.7,271.27977,-26.5517531,8.9698863,4.23529141,-2.523043,0.81370676,0.66179844,-0.396936352,1.04885455,1.12145189,21.0381789,-41.7129548,-196.19756,0.896138569,-8.23976052,-3.59137891,True,True
NGC 6624,-45.8,271.170106,-26.464633,8.9670649,4.26338059,-2.39485183,0.811480375,0.666033994,-0.376762322,1.04981031,1.11537058,22.5033942,-41.1158767,-198.316712,0.936889709,-8.25658827,-2.59112158,True,True
NGC 6624,-45.9,271.05907,-26.3770013,8.9641268,4.29116298,-2.26524976,0.809103302,0.670208179,-0.356373463,1.05063179,1.10942742,23.9849998,-40.5128538,-200.397875,0.976953704,-8.2731678,-1.58799873,True,True
NGC 6624,-46,270.946685,-26.2888664,8.96107186,4.31863675,-2.13425678,0.806573875,0.674320391,-0.335773938,1.05131794,1.10363651,25.4827329,-39.9039623,-202.43547,1.01622278,-8.28943727,-0.582325434,True,True
NGC 6624,-46.1,270.832977,-26.2002389,8.95789995,4.34580007,-2.00189658,0.803890464,0.678370036,-0.314968519,1.05186776,1.09801227,26.9962447,-39.289298,-204.4232,1.05457451,-8.30532609,0.425540725,True,True
NGC 6624,-46.2,270.717975,-26.1111311,8.95461101,4.37265116,-1.86819712,0.801051475,0.682356527,-0.29396266,1.05228033,1.09256942,28.5250887,-38.6689788,-206.353965,1.09187012,-8.32075392,1.43519777,False,False
NGC 6624,-46.3,270.601714,-26.0215579,8.951205,4.3991883,-1.73319117,0.798055369,0.686279295,-0.27276259,1.05255482,1.08732289,30.0687101,-38.0431477,-208.219782,1.12795283,-8.33562963,2.44619838,False,False
NGC 6624,-46.4,270.484233,-25.9315371,8.94768194,4.42540979,-1.5969169,0.794900667,0.690137783,-0.251375397,1.05269047,1.08228777,31.6264332,-37.4119764,-210.01171,1.16264624,-8.34985029,3.45805023,False,False
NGC 6624,-46.5,270.365578,-25.8410893,8.94404192,4.45131402,-1.45941859,0.791585968,0.693931456,-0.229809141,1.05268666,1.07747921,33.1974498,-36.7756687,-211.719788,1.19575303,-8.36330036,4.47021801,False,False
NGC 6624,-46.6,270.245799,-25.7502385,8.94028506,4.47689946,-1.32074731,0.788109959,0.697659801,-0.20807295,1.05254288,1.07291233,34.7808066,-36.1344652,-213.332993,1.22705415,-8.37585111,5.48212749,False,False
NGC 6624,-46.7,270.124956,-25.6590128,8.93641156,4.50216465,-1.18096165,0.784471434,0.70132233,-0.186177136,1.05225873,1.06860206,36.3753948,-35.4886472,-214.839257,1.25630896,-8.38736062,6.49317224,False,False
NGC 6624,-46.8,270.003114,-25.5674441,8.93242168,4.52710827,-1.04012838,0.780669308,0.704918589,-0.164133295,1.05183401,1.06456307,37.9799399,-34.838541,-216.225539,1.28325673,-8.39767457,7.50272293,False,False
NGC 6624,-46.9,269.880348,-25.4755691,8.92831576,4.55172911,-0.898323143,0.776702634,0.708448157,-0.141954399,1.05126865,1.06080951,39.5929945,-34.1845216,-217.478001,1.30762015,-8.40662817,8.51013939,False,False
NGC 6624,-47,269.756741,-25.383429,8.92409419,4.57602612,-0.755630846,0.772570625,0.711910655,-0.119654866,1.05056278,1.05735493,41.2129348,-33.5270159,-218.582307,1.32911136,-8.41404957,9.51478469,False,False
NGC 6624,-47.1,269.632385,-25.2910701,8.91975744,4.59999844,-0.612145932,0.768272667,0.715305752,-0.0972505842,1.04971673,1.05421197,42.8379612,-32.8665036,-219.524074,1.34744106,-8.41976509,10.5160402,False,False
NGC 6624,-47.2,269.50738,-25.1985433,8.91530603,4.62364537,-0.467972257,0.763808338,0.718633165,-0.0747588918,1.04873104,1.05139227,44.4661051,-32.2035166,-220.289475,1.36233081,-8.42360632,11.5133193,False,False
NGC 6624,-47.3,269.381834,-25.1059042,8.91074055,4.64696648,-0.32322253,0.759177427,0.721892673,-0.0521984815,1.04760651,1.04890613,46.095243,-31.5386344,-220.865972,1.3735279,-8.42541879,12.5060781,False,False
NGC 6624,-47.4,269.255864,-25.0132125,8.90606165,4.66996153,-0.178017251,0.754379948,0.725084111,-0.0295892276,1.04634415,1.04676244,47.7231167,-30.8724763,-221.243117,1.38082167,-8.42507149,13.4938192,False,False
NGC 6624,-47.5,269.129591,-24.9205312,8.90127003,4.69263056,-0.0324831387,0.749416149,0.728207383,-0.0069519347,1.04494524,1.04496837,49.347363,-30.2056895,-221.413303,1.38405887,-8.42246595,14.4760884,False,False
NGC 6624,-47.6,269.003138,-24.8279255,8.89636641,4.71497387,0.113248911,0.744286525,0.731262457,0.015691986,1.04341133,1.04352932,50.965547,-29.5389345,-221.372353,1.38315571,-8.41754341,15.4524629,False,False
NGC 6624,-47.7,268.876631,-24.7354617,8.8913516,4.73699201,0.259046174,0.738991822,0.734249372,0.0383208879,1.04174424,1.04244882,52.5752018,-28.8728674,-221.119832,1.37810414,-8.41028872,16.4225339,False,False
NGC 6624,-47.8,268.750195,-24.6432061,8.88622641,4.75868577,0.404776518,0.73353304,0.737168229,0.0609132695,1.03994602,1.04172844,54.1738688,-28.2081224,-220.659006,1.36897114,-8.40073016,17.3858867,False,False
NGC 6624,-47.9,268.623952,-24.5512237,8.88099172,4.78005618,0.550310727,0.727911424,0.740019195,0.0834481385,1.038019,1.04136787,55.7591367,-27.5452948,-219.996482,1.35589133,-8.38893534,18.3420831,False,False
NGC 6624,-48,268.498018,-24.4595772,8.87564847,4.80110446,0.695524501,0.722128466,0.742802494,0.105905325,1.03596577,1.04136497,57.3286775,-26.8849279,-219.14159,1.33905441,-8.37500405,19.29065,False,False
NGC 6624,-48.1,268.372503,-24.3683263,8.87019761,4.82183201,0.84029998,0.716185889,0.745518404,0.128265719,1.03378911,1.0417159,58.8802764,-26.2275028,-218.105639,1.31869,-8.3590596,20.2310754,False,False
NGC 6624,-48.2,268.247507,-24.2775272,8.86464018,4.84224033,0.984526811,0.710085634,0.748167246,0.150511437,1.03149204,1.04241524,60.4118559,-25.5734326,-216.901162,1.29505224,-8.34123987,21.1628125,False,False
NGC 6624,-48.3,268.123127,-24.187232,8.85897726,4.86233104,1.12810273,0.703829849,0.750749382,0.172625912,1.02907779,1.04345618,61.9214934,-24.9230606,-215.541248,1.26840612,-8.32168942,22.0852899,False,False
NGC 6624,-48.4,267.999447,-24.0974891,8.85321001,4.88210579,1.27093373,0.697420869,0.753265205,0.194593917,1.02654973,1.04483067,63.407432,-24.2766618,-214.038996,1.23901648,-8.30055308,22.9979255,False,False
NGC 6624,-48.5,267.876546,-24.0083427,8.84733962,4.90156626,1.41293396,0.690861201,0.755715132,0.216401551,1.0239114,1.04652959,64.8680876,-23.6344467,-212.407128,1.20714,-8.27797128,23.9001416,False,False
NGC 6624,-48.6,267.754493,-23.9198335,8.84136737,4.92071411,1.55402537,0.684153503,0.7580996,0.238036182,1.0211665,1.04854291,66.3020498,-22.9965668,-210.657725,1.17301994,-8.25407702,24.79138,False,False
NGC 6624,-48.7,267.633353,-23.8319986,8.83529457,4.93955095,1.69413728,0.677300571,0.760419057,0.259486373,1.01831881,1.05085983,67.7080803,-22.3631205,-208.80208,1.13688315,-8.22899411,25.6711144,False,False
NGC 6624,-48.8,267.51318,-23.7448716,8.82912259,4.95807835,1.8332058,0.670305316,0.76267396,0.280741802,1.01537224,1.05346891,69.0851087,-21.7341601,-206.850633,1.09893871,-8.20283637,26.538861,False,False
NGC 6624,-48.9,267.394025,-23.6584835,8.82285285,4.97629776,1.97117327,0.663170754,0.764864769,0.301793166,1.01233076,1.05635822,70.4322256,-21.1096981,-204.812956,1.05937775,-8.17570754,27.3941863,False,False
NGC 6624,-49,267.275933,-23.5728623,8.81648682,4.99421056,2.10798777,0.655899983,0.766991942,0.322632101,1.00919841,1.05951541,71.7486747,-20.489713,-202.697781,1.018374,-8.14770164,28.2367117,False,False
NGC 6624,-49.1,267.158944,-23.4880336,8.81002597,5.01181798,2.24360251,0.648496172,0.769055935,0.343251093,1.00597928,1.06292786,73.0338434,-19.8741556,-200.513047,0.976084813,-8.11890353,29.066117,False,False
NGC 6624,-49.2,267.043092,-23.4040208,8.80347185,5.02912118,2.37797538,0.640962546,0.771057199,0.363643403,1.00267751,1.06658273,74.2872534,-19.2629533,-198.265957,0.932652312,-8.08938963,29.8821406,False,False
NGC 6624,-49.3,266.928409,-23.3208452,8.79682599,5.04612115,2.51106849,0.633302372,0.772996172,0.383802992,0.999297241,1.07046705,75.5085503,-18.6560149,-195.963039,0.888204719,-8.05922865,30.6845789,False,False
NGC 6624,-49.4,266.814921,-23.2385265,8.79008996,5.06281875,2.64284774,0.625518947,0.774873287,0.403724459,0.99584264,1.07456782,76.6974937,-18.0532344,-193.610206,0.842857606,-8.02848236,31.4732845,False,False
NGC 6624,-49.5,266.702654,-23.1570826,8.78326534,5.07921474,2.77328247,0.617615587,0.776688962,0.423402976,0.992317871,1.07887202,77.853947,-17.4544944,-191.212815,0.796715109,-7.99720624,32.2481634,False,False
NGC 6624,-49.6,266.591627,-23.07653,8.7763537,5.09530972,2.9023451,0.60959562,0.778443605,0.44283424,0.988727094,1.08336671,78.9778675,-16.8596687,-188.775723,0.749871052,-7.9654502,33.0091713,False,False
NGC 6624,-49.7,266.481859,-22.9968839,8.76935664,5.11110416,3.03001081,0.60146237,0.780137609,0.462014419,0.98507445,1.08803906,80.0692971,-16.2686249,-186.303331,0.702409977,-7.9332591,33.7563098,False,False
NGC 6624,-49.8,266.373367,-22.9181582,8.76227573,5.12659839,3.15625731,0.593219155,0.781771354,0.48094011,0.981364058,1.09287639,81.1283532,-15.6812264,-183.799633,0.654408077,-7.90067334,34.4896225,False,False
NGC 6624,-49.9,266.266164,-22.8403659,8.75511256,5.14179264,3.28106458,0.584869277,0.783345205,0.4996083,0.97760001,1.09786622,82.1552204,-15.0973341,-181.268256,0.605934026,-7.86772928,35.2091905,False,False
NGC 6624,-50,266.160261,-22.763519,8.74786868,5.15668699,3.40441462,0.576416015,0.784859514,0.518016329,0.973786362,1.10299628,83.1501423,-14.5168074,-178.712491,0.557049737,-7.83445967,35.9151287,False,False
NGC 6624,-50.1,266.05567,-22.6876285,8.74054564,5.1712814,3.52629126,0.567862623,0.786314618,0.536161859,0.96992713,1.10825456,84.1134141,-13.9395059,-176.135331,0.507811026,-7.80089407,36.6075812,False,False
NGC 6624,-50.2,265.952398,-22.6127048,8.73314498,5.18557573,3.64668002,0.55921232,0.787710839,0.554042842,0.966026286,1.11362932,85.0453761,-13.3652901,-173.539498,0.458268214,-7.76705912,37.2867182,False,False
NGC 6624,-50.3,265.850453,-22.5387574,8.72566821,5.19956971,3.76556792,0.55046829,0.789048487,0.571657497,0.962087757,1.11910909,85.9464071,-12.794022,-170.927467,0.408466659,-7.73297884,37.9527316,False,False
NGC 6624,-50.4,265.74984,-22.4657952,8.71811684,5.21326296,3.8829433,0.541633674,0.790327856,0.589004286,0.958115419,1.12468271,86.8169187,-12.2255658,-168.301488,0.358447239,-7.69867496,38.605832,False,False
NGC 6624,-50.5,265.650564,-22.3938267,8.71049232,5.22665501,3.99879576,0.532711571,0.791549225,0.606081888,0.954113093,1.13033935,87.6573499,-11.6597885,-165.663611,0.308246771,-7.66416703,39.2462455,False,False
NGC 6624,-50.6,265.55263,-22.3228597,8.70279611,5.23974527,4.11311598,0.523705036,0.792712864,0.622889183,0.950084548,1.13606848,88.468163,-11.0965599,-163.015702,0.257898401,-7.62947275,39.8742106,False,False
NGC 6624,-50.7,265.456039,-22.2529015,8.69502963,5.25253307,4.22589564,0.514617071,0.793819025,0.639425233,0.946033496,1.14185989,89.2498382,-10.5357531,-160.359457,0.207431945,-7.59460804,40.4899757,False,False
NGC 6624,-50.8,265.360794,-22.1839591,8.68719427,5.26501764,4.33712732,0.505450633,0.794867951,0.655689265,0.941963588,1.14770371,90.002871,-9.97724495,-157.696421,0.156874195,-7.5595873,41.0937967,False,False
NGC 6624,-50.9,265.266897,-22.116039,8.67929141,5.27719813,4.4468044,0.496208624,0.79585987,0.671680659,0.93787842,1.15359041,90.7277676,-9.42091549,-155.028,0.106249198,-7.52442348,41.6859346,False,False
NGC 6624,-51,265.174347,-22.0491473,8.67132239,5.28907359,4.55492101,0.486893896,0.796794998,0.687398929,0.933781524,1.15951077,91.4250426,-8.86664861,-152.355471,0.0555785063,-7.48912825,42.2666539,False,False
NGC 6624,-51.1,265.083145,-21.98329,8.66328852,5.30064299,4.6614719,0.477509248,0.797673542,0.702843717,0.929676374,1.1654559,92.0952158,-8.3143318,-149.679996,0.00488139986,-7.4537121,42.8362203,False,False
NGC 6624,-51.2,264.993291,-21.9184726,8.65519109,5.31190525,4.76645244,0.468057423,0.798495695,0.718014776,0.925566381,1.17141724,92.7388101,-7.76385622,-147.002631,-0.0458249085,-7.41818445,43.3948999,False,False
NGC 6624,-51.3,264.904783,-21.8547005,8.64703136,5.32285919,4.86985849,0.458541114,0.799261639,0.732911961,0.921454894,1.17738654,93.3563491,-7.21511667,-144.324334,-0.0965250902,-7.38255374,43.9429571,False,False
NGC 6624,-51.4,264.817621,-21.7919787,8.63881057,5.33350356,4.9716864,0.448962959,0.799971548,0.747535224,0.9173452,1.18335587,93.9483551,-6.66801149,-141.645973,-0.147205535,-7.34682753,44.4806537,False,False
NGC 6624,-51.5,264.731802,-21.7303121,8.63052992,5.34383705,5.07193295,0.439325541,0.800625583,0.761884598,0.913240524,1.18931762,94.515348,-6.1224425,-138.968335,-0.197854199,-7.31101253,45.0082481,False,False
NGC 6624,-51.6,264.647326,-21.6697054,8.62219059,5.35385829,5.17059526,0.429631394,0.801223896,0.775960194,0.90914403,1.19526444,95.0578433,-5.57831492,-136.292133,-0.24846047,-7.27511475,45.5259938,False,False
NGC 6624,-51.7,264.564188,-21.6101631,8.61379375,5.36356584,5.2676708,0.419882997,0.801766631,0.789762194,0.905058817,1.20118932,95.5763509,-5.03553726,-133.618009,-0.299015043,-7.23913946,46.0341393,False,False
NGC 6624,-51.8,264.482388,-21.5516896,8.60534051,5.37295821,5.36315734,0.410082776,0.80225392,0.803290838,0.900987922,1.2070855,96.0713746,-4.4940212,-130.946543,-0.349509807,-7.20309133,46.5329267,False,False
NGC 6624,-51.9,264.401923,-21.4942892,8.59683199,5.38203383,5.45705287,0.400233108,0.802685889,0.816546426,0.896934321,1.21294651,96.5434102,-3.95368149,-128.278256,-0.399937741,-7.16697446,47.0225919,False,False
NGC 6624,-52,264.32279,-21.4379659,8.58826926,5.39079111,5.54935564,0.390336319,0.803062653,0.829529309,0.892900928,1.21876616,96.9929459,-3.41443582,-125.613617,-0.450292822,-7.13079238,47.5033635,False,False
NGC 6624,-52.1,264.244985,-21.3827238,8.57965339,5.39922838,5.64006407,0.380394685,0.803384321,0.84223988,0.888890591,1.22453848,97.4204605,-2.8762047,-122.953043,-0.500569942,-7.09454816,47.9754627,False,False
NGC 6624,-52.2,264.168507,-21.3285668,8.57098542,5.40734392,5.72917674,0.370410435,0.803650991,0.854678575,0.8849061,1.23025781,97.8264239,-2.33891134,-120.296909,-0.550764826,-7.0582444,48.4391028,False,False
NGC 6624,-52.3,264.093352,-21.2754988,8.56226635,5.41513599,5.81669239,0.360385749,0.803862757,0.866845865,0.88095018,1.23591868,98.2112957,-1.80248153,-117.645546,-0.600873963,-7.02188329,48.8944894,False,False
NGC 6624,-52.4,264.019517,-21.2235235,8.5534972,5.42260277,5.90260984,0.350322762,0.804019702,0.878742254,0.877025495,1.24151587,98.5755256,-1.2668435,-114.999247,-0.650894543,-6.98546662,49.3418194,False,False
NGC 6624,-52.5,263.946998,-21.1726448,8.54467892,5.4297424,5.98692805,0.34022356,0.804121905,0.890368272,0.873134645,1.24704441,98.9195529,-0.73192783,-112.358271,-0.700824394,-6.94899584,49.7812817,False,False
NGC 6624,-52.6,263.875793,-21.1228663,8.53581248,5.43655301,6.06964602,0.33009019,0.804169435,0.901724477,0.869280169,1.25249952,99.243806,-0.197667313,-109.722842,-0.750661932,-6.91247206,50.2130566,False,False
NGC 6624,-52.7,263.805898,-21.0741917,8.52689883,5.44303264,6.15076281,0.319924651,0.804162356,0.912811445,0.865464544,1.25787663,99.5487026,0.336003164,-107.093155,-0.800406108,-6.87589607,50.6373157,False,False
NGC 6624,-52.8,263.737311,-21.0266246,8.51793888,5.44917932,6.23027754,0.309728902,0.804100726,0.923629773,0.861690182,1.26317138,99.8346495,0.869146722,-104.469378,-0.850056365,-6.8392684,51.0542222,False,False
NGC 6624,-52.9,263.670028,-20.9801686,8.50893354,5.45499102,6.30818933,0.299504861,0.803984595,0.934180072,0.857959434,1.2683796,100.102043,1.4018246,-101.851653,-0.899612595,-6.8025893,51.4639305,False,False
NGC 6624,-53,263.604045,-20.9348274,8.4998837,5.4604657,6.38449731,0.289254406,0.803814007,0.944462968,0.854274587,1.2734973,100.351267,1.93409628,-99.2400981,-0.949075101,-6.76585878,51.8665867,False,False
NGC 6624,-53.1,263.539361,-20.8906046,8.49079024,5.46560125,6.45920064,0.278979375,0.803589002,0.954479097,0.850637864,1.27852068,100.582696,2.46601954,-96.6348093,-0.998444564,-6.7290766,52.2623282,False,False
NGC 6624,-53.2,263.475972,-20.8475036,8.48165403,5.47039554,6.53229843,0.268681571,0.803309611,0.964229104,0.847051426,1.2834461,100.796693,2.99765063,-94.0358632,-1.04772201,-6.69224234,52.6512838,False,False
NGC 6624,-53.3,263.413874,-20.8055283,8.47247592,5.47484641,6.60378978,0.258362757,0.802975863,0.973713639,0.843517368,1.28827008,100.993611,3.52904429,-91.4433178,-1.09690877,-6.65535537,53.0335742,False,False
NGC 6624,-53.4,263.353066,-20.7646821,8.46325675,5.47895164,6.67367375,0.248024663,0.802587778,0.982933362,0.840037722,1.29298932,101.17379,4.06025391,-88.8572136,-1.14600647,-6.61841486,53.4093116,False,False
NGC 6624,-53.5,263.293545,-20.7249688,8.45399735,5.48270901,6.74194935,0.237668983,0.802145373,0.991888931,0.836614454,1.29760063,101.337563,4.59133157,-86.2775757,-1.19501701,-6.58141981,53.7785999,False,False
NGC 6624,-53.6,263.235307,-20.686392,8.44469854,5.48611623,6.80861553,0.227297379,0.801648659,1.00058101,0.833249465,1.302101,101.48525,5.12232813,-83.7044144,-1.24394252,-6.54436908,54.1415351,False,False
NGC 6624,-53.7,263.17835,-20.6489554,8.43536113,5.48917101,6.87367121,0.216911481,0.801097641,1.00901026,0.829944589,1.30648755,101.617161,5.65329336,-81.1377267,-1.29278533,-6.50726135,54.4982051,False,False
NGC 6624,-53.8,263.122672,-20.6126627,8.42598594,5.49187101,6.9371152,0.206512885,0.80049232,1.01717734,0.826701594,1.31075751,101.733597,6.18427596,-78.5774971,-1.34154801,-6.47009518,54.8486898,False,False
NGC 6624,-53.9,263.068271,-20.5775178,8.41657374,5.49421386,6.99894626,0.196103161,0.799832692,1.02508291,0.823522182,1.31490827,101.834848,6.71532366,-76.0236986,-1.39023328,-6.43286898,55.1930615,False,False
NGC 6624,-54,263.015143,-20.5435243,8.40712535,5.49619716,7.05916305,0.185683846,0.799118748,1.03272763,0.820407986,1.3189373,101.921194,7.24648332,-73.4762939,-1.43884404,-6.39558105,55.5313847,False,False
NGC 6624,-54.1,262.963288,-20.5106862,8.39764154,5.49781846,7.11776416,0.175256451,0.798350473,1.04011214,0.81736057,1.32284223,101.992907,7.77780096,-70.9352355,-1.48738332,-6.35822955,55.8637166,False,False
NGC 6624,-54.2,262.912703,-20.4790074,8.38812308,5.49907533,7.17474806,0.164822458,0.79752785,1.04723711,0.814381431,1.32662077,102.050249,8.30932183,-68.4004673,-1.53585433,-6.32081256,56.1901066,False,False
NGC 6624,-54.3,262.863386,-20.4484917,8.37857077,5.49996525,7.23011314,0.154383326,0.796650856,1.05410315,0.811471994,1.33027075,102.093472,8.84109053,-65.8719247,-1.58426036,-6.28332804,56.5105971,False,False
NGC 6624,-54.4,262.815336,-20.4191433,8.36898536,5.5004857,7.28385768,0.143940484,0.795719462,1.06071092,0.808633616,1.33379008,102.12282,9.37315099,-63.3495356,-1.63260482,-6.24577384,56.8252233,False,False
NGC 6624,-54.5,262.768551,-20.3909661,8.35936764,5.50063414,7.33597986,0.133495341,0.794733637,1.06706103,0.805867582,1.3371768,102.138527,9.90554659,-60.8332205,-1.68089125,-6.20814774,57.1340133,False,False
NGC 6624,-54.6,262.723029,-20.3639643,8.34971836,5.50040797,7.38647773,0.123049279,0.793693345,1.0731541,0.803175106,1.34042902,102.140821,10.4383202,-58.3228939,-1.72912324,-6.17044742,57.4369882,False,False
NGC 6624,-54.7,262.678769,-20.3381421,8.3400383,5.49980459,7.43534924,0.112603659,0.792598543,1.07899074,0.800557328,1.34354495,102.129917,10.9715143,-55.8184638,-1.7773045,-6.13267048,57.7341622,False,False
NGC 6624,-54.8,262.635771,-20.3135037,8.33032823,5.49882135,7.48259222,0.10215982,0.791449189,1.08457154,0.798015317,1.34652288,102.106027,11.5051708,-53.3198329,-1.82543879,-6.09481444,58.0255429,False,False
NGC 6624,-54.9,262.594032,-20.2900533,8.3205889,5.49745558,7.52820437,0.0917190793,0.790245231,1.0898971,0.79555007,1.34936118,102.069351,12.0393315,-50.826899,-1.87352993,-6.05687675,58.3111313,False,False
NGC 6624,-55,262.553553,-20.2677954,8.3108211,5.49570458,7.57218326,0.0812827355,0.788986616,1.09496799,0.793162507,1.35205831,102.020083,12.5740376,-48.3395548,-1.92158181,-6.01885478,58.5909216,False,False
NGC 6624,-55.1,262.514332,-20.2467345,8.30102559,5.49356561,7.61452635,0.0708520663,0.787673286,1.09978478,0.790853477,1.35461278,101.958409,13.1093305,-45.8576889,-1.96959837,-5.98074586,58.8649019,False,False
NGC 6624,-55.2,262.476369,-20.2268749,8.29120315,5.49103593,7.65523096,0.0604283313,0.78630518,1.10434802,0.78862375,1.3570232,101.884507,13.6452508,-43.381186,-2.0175836,-5.94254722,59.1330536,False,False
NGC 6624,-55.3,262.439664,-20.2082214,8.28135455,5.48811273,7.69429427,0.0500127723,0.784882231,1.10865825,0.786474026,1.35928824,101.798549,14.1818396,-40.9099271,-2.06554151,-5.90425607,59.395352,False,False
NGC 6624,-55.4,262.404215,-20.1907785,8.27148057,5.48479321,7.73171333,0.0396066139,0.783404368,1.11271601,0.784404926,1.36140662,101.700698,14.7191373,-38.4437897,-2.11347615,-5.86586953,59.6517662,False,False
NGC 6624,-55.5,262.370025,-20.1745511,8.26158199,5.4810745,7.76748507,0.0292110643,0.781871517,1.11652181,0.782416996,1.36337717,101.591111,15.2571847,-35.9826483,-2.16139162,-5.82738468,59.9022592,False,False
NGC 6624,-55.6,262.337091,-20.1595438,8.25165961,5.47695375,7.80160627,0.0188273159,0.780283599,1.12007615,0.780510707,1.36519872,101.469937,15.7960223,-33.5263747,-2.20929201,-5.78879856,60.1467879,False,False
NGC 6624,-55.7,262.305415,-20.1457617,8.24171422,5.47242804,7.83407355,0.00845654645,0.778640532,1.12337953,0.778686452,1.36687021,101.337321,16.3356906,-31.074838,-2.25718144,-5.75010813,60.385303,False,False
NGC 6624,-55.8,262.274997,-20.1332097,8.23174662,5.46749443,7.86488342,-0.00190008092,0.776942228,1.12643243,0.776944551,1.36839061,101.193399,16.8762303,-28.6279047,-2.30506406,-5.71131035,60.6177496,False,False
NGC 6624,-55.9,262.245837,-20.1218928,8.22175763,5.46214996,7.89403224,-0.0122414166,0.775188596,1.12923531,0.775285245,1.36975895,101.038301,17.4176821,-26.1854396,-2.352944,-5.67240211,60.8440668,False,False
NGC 6624,-56,262.217936,-20.1118162,8.21174805,5.45639164,7.92151621,-0.022566324,0.77337954,1.13178861,0.7737087,1.37097433,100.87215,17.960087,-23.7473051,-2.40082544,-5.63338024,61.0641876,False,False
NGC 6624,-56.1,262.191296,-20.1029851,8.20171872,5.45021644,7.94733141,-0.0328736789,0.771514962,1.13409278,0.772215006,1.37203588,100.695065,18.5034858,-21.313362,-2.44871251,-5.59424157,61.2780396,False,False
NGC 6624,-56.2,262.165916,-20.0954048,8.19167046,5.4436213,7.97147374,-0.0431623686,0.769594757,1.13614824,0.770804177,1.37294279,100.507157,19.04792,-18.8834693,-2.49660938,-5.55498287,61.4855444,False,False
NGC 6624,-56.3,262.141799,-20.0890807,8.18160412,5.43660315,7.993939,-0.053431292,0.767618817,1.13795538,0.769476154,1.37369429,100.308532,19.5934308,-16.4574846,-2.5445202,-5.51560088,61.6866178,False,False
NGC 6624,-56.4,262.118945,-20.0840182,8.17152056,5.42915886,8.0147228,-0.0636793579,0.765587031,1.13951462,0.7682308,1.37428968,100.09929,20.1400601,-14.035264,-2.59244912,-5.47609231,61.8811701,False,False
NGC 6624,-56.5,262.097357,-20.0802231,8.16142063,5.42128529,8.03382063,-0.0739054855,0.763499281,1.14082632,0.767067906,1.37472828,99.8795246,20.6878499,-11.6166626,-2.64040028,-5.43645383,62.0691058,False,False
NGC 6624,-56.6,262.077035,-20.0777007,8.15130522,5.41297927,8.05122782,-0.0841086032,0.761355447,1.14189084,0.765987189,1.37500948,99.6493249,21.2368426,-9.20153415,-2.6883778,-5.3966821,62.2503236,False,False
NGC 6624,-56.7,262.057983,-20.0764571,8.1411752,5.40423758,8.06693955,-0.094287648,0.759155403,1.14270853,0.764988292,1.37513268,99.408774,21.787081,-6.78973147,-2.73638579,-5.35677373,62.4247169,False,False
NGC 6624,-56.8,262.040201,-20.0764978,8.13103149,5.39505698,8.08095085,-0.104441565,0.75689902,1.14327973,0.764070787,1.37509735,99.1579495,22.3386082,-4.38110649,-2.78442834,-5.31672531,62.5921729,False,False
NGC 6624,-56.9,262.023692,-20.077829,8.12087499,5.38543421,8.09325662,-0.114569308,0.754586164,1.14360476,0.763234175,1.374903,98.8969238,22.8914679,-1.97551035,-2.83250953,-5.27653343,62.7525737,False,False
NGC 6624,-57,262.008458,-20.0804565,8.11070663,5.37536596,8.10385158,-0.124669837,0.752216697,1.14368391,0.762477886,1.37454917,98.6257641,23.4457041,0.427206559,-2.8806334,-5.23619464,62.9057954,False,False
NGC 6624,-57.1,261.994503,-20.0843865,8.10052735,5.36484889,8.11273033,-0.134742119,0.749790474,1.14351747,0.761801283,1.37403544,98.3445323,24.0013615,2.82719444,-2.92880398,-5.19570545,63.0517085,False,False
NGC 6624,-57.2,261.981828,-20.0896252,8.0903381,5.35387965,8.11988729,-0.144785126,0.74730735,1.14310571,0.761203657,1.37336145,98.0532855,24.5584852,5.22460405,-2.97702526,-5.15506239,63.1901778,False,False
NGC 6624,-57.3,261.970437,-20.0961788,8.08013987,5.34245482,8.12531677,-0.154797837,0.744767171,1.1424489,0.760684237,1.37252687,97.7520755,25.1171209,7.61958658,-3.0253012,-5.11426196,63.3210625,False,False
NGC 6624,-57.4,261.960332,-20.1040538,8.06993363,5.33057097,8.12901289,-0.164779235,0.74216978,1.14154726,0.760242184,1.37153138,97.4409493,25.6773149,10.0122936,-3.07363574,-5.07330065,63.4442159,False,False
NGC 6624,-57.5,261.951516,-20.1132565,8.0597204,5.31822465,8.13096966,-0.174728309,0.739515015,1.14040103,0.759876595,1.37037475,97.119949,26.2391141,12.4028771,-3.12203278,-5.03217491,63.5594856,False,False
NGC 6624,-57.6,261.943994,-20.1237935,8.04950119,5.30541233,8.13118091,-0.184644051,0.736802711,1.13901042,0.759586506,1.36905675,96.789112,26.8025663,14.7914891,-3.17049616,-4.99088123,63.6667135,False,False
NGC 6624,-57.7,261.937769,-20.1356715,8.03927705,5.29213051,8.12964033,-0.194525455,0.734032695,1.13737561,0.759370891,1.36757721,96.4484709,27.3677197,17.178282,-3.2190297,-4.94941605,63.7657355,False,False
NGC 6624,-57.8,261.932844,-20.1488972,8.02904903,5.27837559,8.12634149,-0.204371522,0.731204792,1.13549679,0.759228665,1.36593599,96.0980533,27.9346233,19.563408,-3.26763717,-4.90777584,63.8563819,False,False
NGC 6624,-57.9,261.929223,-20.1634774,8.01881822,5.26414398,8.12127778,-0.214181252,0.728318818,1.13337411,0.759158686,1.36413298,95.7378825,28.503327,21.9470197,-3.3163223,-4.86595703,63.9384767,False,False
NGC 6624,-58,261.926911,-20.1794191,8.0085857,5.24943204,8.11444245,-0.22395365,0.725374589,1.13100774,0.759159753,1.36216813,95.3679771,29.0738815,24.3292693,-3.36508875,-4.82395607,64.0118381,False,False
NGC 6624,-58.1,261.925911,-20.1967291,7.99835261,5.23423609,8.10582863,-0.233687719,0.722371911,1.12839779,0.759230616,1.36004143,94.9883509,29.6463382,26.7103092,-3.41394015,-4.78176943,64.0762785,False,False
NGC 6624,-58.2,261.926228,-20.2154147,7.98812008,5.21855242,8.09542929,-0.243382467,0.719310588,1.12554438,0.759369967,1.35775288,94.5990132,30.2207494,29.0902914,-3.46288006,-4.73939355,64.1316037,False,False
NGC 6624,-58.3,261.927867,-20.235483,7.97788928,5.20237729,8.08323725,-0.253036901,0.716190417,1.12244762,0.759576452,1.35530256,94.1999691,30.7971684,31.4693676,-3.51191198,-4.69682491,64.1776139,False,False
NGC 6624,-58.4,261.930832,-20.2569412,7.96766138,5.18570691,8.06924521,-0.262650027,0.71301119,1.11910758,0.759848665,1.35269057,93.7912187,31.3756493,33.8476894,-3.56103934,-4.65405998,64.2141026,False,False
NGC 6624,-58.5,261.935128,-20.2797968,7.9574376,5.16853746,8.05344572,-0.272220854,0.709772693,1.11552435,0.760185154,1.34991705,93.372758,31.9562473,36.2254078,-3.61026553,-4.61109524,64.2408572,False,False
NGC 6624,-58.6,261.94076,-20.304057,7.94721917,5.15086507,8.03583119,-0.281748387,0.706474707,1.11169797,0.760584423,1.34698219,92.9445782,32.5390186,38.6026732,-3.65959382,-4.56792721,64.2576588,False,False
NGC 6624,-58.7,261.947734,-20.3297296,7.93700736,5.13268585,8.01639391,-0.291231632,0.703117007,1.10762847,0.761044932,1.34388624,92.5066663,33.1240204,40.9796356,-3.70902746,-4.52455242,64.2642819,False,False
NGC 6624,-58.8,261.956055,-20.356822,7.92680343,5.11399587,7.99512601,-0.300669593,0.699699361,1.1033159,0.761565099,1.34062947,92.0590047,33.7113109,43.3564442,-3.75856957,-4.48096741,64.2604945,False,False
NGC 6624,-58.9,261.965727,-20.385342,7.9166087,5.09479114,7.97201953,-0.310061272,0.696221533,1.09876024,0.762143304,1.33721221,91.6015714,34.3009495,45.7332475,-3.80822322,-4.43716878,64.2460579,False,False
NGC 6624,-59,261.976758,-20.4152973,7.9064245,5.07506766,7.94706635,-0.319405667,0.692683279,1.0939615,0.762777888,1.33363484,91.13434,34.8929968,48.110193,-3.85799136,-4.39315312,64.2207267,False,False
NGC 6624,-59.1,261.989153,-20.4466957,7.89625221,5.05482136,7.92025823,-0.328701776,0.689084351,1.08891966,0.763467157,1.32989778,90.6572796,35.4875145,50.4874271,-3.90787688,-4.34891711,64.1842486,False,False
NGC 6624,-59.2,262.002919,-20.4795453,7.8860932,5.03404816,7.89158681,-0.337948592,0.685424491,1.08363467,0.764209384,1.32600154,90.1703548,36.0845657,52.8650952,-3.95788252,-4.30445742,64.1363646,False,False
NGC 6624,-59.3,262.01806,-20.5138539,7.8759489,5.01274391,7.86104362,-0.347145102,0.681703437,1.07810648,0.765002809,1.32194663,89.6735258,36.6842144,55.2433414,-4.00801095,-4.2597708,64.0768083,False,False
NGC 6624,-59.4,262.034584,-20.5496297,7.86582076,4.99090443,7.82862006,-0.356290294,0.677920921,1.07233503,0.765845643,1.31773365,89.1667483,37.2865263,57.6223082,-4.05826472,-4.21485404,64.0053064,False,False
NGC 6624,-59.5,262.052497,-20.5868808,7.85571027,4.96852551,7.79430742,-0.365383145,0.674076667,1.06632025,0.766736067,1.31336326,88.6499736,37.8915683,60.0021366,-4.10864623,-4.16970399,63.9215782,False,False
NGC 6624,-59.6,262.071806,-20.6256154,7.84561892,4.94560288,7.7580969,-0.374422632,0.670170392,1.06006202,0.767672236,1.30883618,88.1231484,38.4994085,62.3829657,-4.15915779,-4.12431756,63.8253358,False,False
NGC 6624,-59.7,262.092518,-20.6658418,7.83554827,4.92213224,7.71997956,-0.383407724,0.666201807,1.05356024,0.768652282,1.30415318,87.5862148,39.1101168,64.7649328,-4.20980155,-4.07869174,63.7162835,False,False
NGC 6624,-59.8,262.11464,-20.7075683,7.8254999,4.89810923,7.6799464,-0.392337383,0.662170614,1.0468148,0.76967431,1.29931511,87.0391105,39.7237641,67.1481728,-4.26057951,-4.03282359,63.5941183,False,False
NGC 6624,-59.9,262.138178,-20.7508033,7.81547542,4.87352947,7.6379883,-0.401210566,0.658076509,1.03982554,0.770736408,1.2943229,86.4817685,40.3404232,69.5328182,-4.31149352,-3.98671024,63.4585292,False,False
NGC 6624,-60,262.163141,-20.7955552,7.80547646,4.84838851,7.59409605,-0.410026223,0.65391918,1.03259233,0.771836639,1.28917754,85.9141174,40.9601682,71.9189988,-4.36254526,-3.94034895,63.3091974,False,False
NGC 6624,-60.1,262.189536,-20.8418327,7.79550472,4.82268187,7.54826036,-0.418783295,0.649698309,1.025115,0.772973053,1.2838801,85.3360809,41.5830748,74.3068414,-4.41373624,-3.89373705,63.1457963,False,False
NGC 6624,-60.2,262.217369,-20.8896442,7.7855619,4.79640503,7.50047188,-0.427480716,0.645413567,1.01739337,0.774143678,1.27843174,84.7475782,42.2092204,76.6964695,-4.46506778,-3.84687198,62.9679908,False,False
NGC 6624,-60.3,262.24665,-20.9389983,7.77564978,4.7695534,7.45072116,-0.436117411,0.641064619,1.00942725,0.77534653,1.2728337,84.1485238,42.838684,79.0880029,-4.51654099,-3.79975131,62.775438,False,False
NGC 6624,-60.4,262.277386,-20.9899036,7.76577013,4.74212236,7.3989987,-0.444692297,0.636651122,1.00121645,0.776579609,1.26708732,83.5388274,43.4715462,81.4815575,-4.56815677,-3.75237275,62.5677862,False,False
NGC 6624,-60.5,262.309585,-21.0423689,7.75592479,4.71410725,7.34529494,-0.45320428,0.632172724,0.992760744,0.777840904,1.26119402,82.918394,44.1078894,83.8772445,-4.61991579,-3.70473413,62.3446754,False,False
NGC 6624,-60.6,262.343254,-21.0964028,7.74611563,4.68550336,7.28960029,-0.461652257,0.627629065,0.984059916,0.779128391,1.25515536,82.2871239,44.7477977,86.2751704,-4.67181847,-3.65683345,62.1057371,False,False
NGC 6624,-60.7,262.378404,-21.1520141,7.73634457,4.6563059,7.23190508,-0.470035115,0.623019776,0.97511373,0.780440037,1.24897295,81.6449122,45.391357,88.6754363,-4.72386497,-3.60866887,61.8505937,False,False
NGC 6624,-60.8,262.41504,-21.2092115,7.72661356,4.62651008,7.17219965,-0.478351729,0.618344479,0.965921943,0.781773799,1.24264857,80.9916496,46.0386551,91.0781371,-4.77605518,-3.56023873,61.5788591,False,False
NGC 6624,-60.9,262.453174,-21.2680037,7.7169246,4.59611104,7.11047429,-0.486600964,0.613602787,0.956484301,0.783127626,1.23618409,80.3272216,46.6897814,93.4833613,-4.82838867,-3.51154158,61.2901378,False,False
NGC 6624,-61,262.492812,-21.3283995,7.70727972,4.56510385,7.04671929,-0.49478167,0.608794304,0.946800541,0.784499462,1.2295815,79.6515089,47.3448273,95.8911901,-4.88086469,-3.46257615,60.9840257,False,False
NGC 6624,-61.1,262.533963,-21.3904078,7.69768102,4.53348356,6.98092495,-0.502892688,0.603918624,0.936870393,0.785887244,1.22284296,78.9643872,48.0038861,98.3016968,-4.93348215,-3.41334145,60.6601089,False,False
NGC 6624,-61.2,262.576637,-21.4540371,7.68813062,4.50124516,6.91308157,-0.510932845,0.598975333,0.926693579,0.787288906,1.21597073,78.2657273,48.667053,100.714946,-4.98623959,-3.36383669,60.3179648,False,False
NGC 6624,-61.3,262.620843,-21.5192962,7.67863071,4.46838358,6.84317949,-0.518900953,0.593964004,0.916269818,0.788702375,1.20896725,77.5553948,49.3344248,103.130991,-5.03913512,-3.31406139,59.9571609,False,False
NGC 6624,-61.4,262.666588,-21.5861939,7.66918351,4.43489372,6.7712091,-0.526795811,0.588884203,0.905598819,0.790125579,1.20183512,76.8332508,50.0061005,105.549877,-5.09216647,-3.26401535,59.5772555,False,False
NGC 6624,-61.5,262.713883,-21.6547388,7.65979129,4.40077042,6.69716081,-0.534616205,0.583735484,0.894680291,0.791556443,1.19457709,76.0991508,50.6821808,107.971636,-5.14533085,-3.21369869,59.1777975,False,False
NGC 6624,-61.6,262.762736,-21.7249394,7.65045638,4.36600845,6.62102516,-0.542360904,0.578517392,0.883513939,0.79299289,1.18719611,75.3529457,51.3627685,110.396286,-5.19862501,-3.16311187,58.7583259,False,False
NGC 6624,-61.7,262.813157,-21.7968044,7.64118115,4.33060256,6.54279274,-0.550028662,0.573229461,0.872099467,0.794432844,1.17969531,74.5944814,52.0479678,112.823832,-5.25204513,-3.11225574,58.3183703,False,False
NGC 6624,-61.8,262.865155,-21.8703422,7.63196804,4.29454744,6.46245427,-0.557618217,0.567871214,0.86043658,0.795874231,1.17207803,73.8235987,52.7378851,115.254262,-5.30558684,-3.06113154,57.8574509,False,False
NGC 6624,-61.9,262.918738,-21.9455611,7.62281951,4.25783771,6.38000062,-0.565128292,0.562442161,0.848524983,0.797314976,1.16434781,73.0401337,53.4326282,117.687547,-5.3592451,-3.00974099,57.375078,False,False
NGC 6624,-62,262.973917,-22.0224694,7.61373811,4.22046796,6.29542278,-0.572557589,0.556941806,0.836364387,0.798753008,1.15650843,72.2439177,54.132307,120.123639,-5.41301422,-2.95808625,56.8707526,False,False
NGC 6624,-62.1,263.030699,-22.1010754,7.60472642,4.18243273,6.20871197,-0.579904798,0.551369636,0.823954508,0.800186259,1.14856392,71.4347771,54.8370325,122.562466,-5.46688775,-2.90617004,56.3439664,False,False
NGC 6624,-62.2,263.089095,-22.1813869,7.59578709,4.1437265,6.11985959,-0.587168586,0.54572513,0.811295071,0.801612665,1.14051855,70.6125339,55.5469174,125.003936,-5.52085845,-2.85399562,55.7942017,False,False
NGC 6624,-62.3,263.149114,-22.2634119,7.58692281,4.10434371,6.02885729,-0.594347604,0.540007754,0.798385813,0.803030167,1.13237686,69.7770055,56.2620758,127.447926,-5.57491819,-2.8015669,55.2209317,False,False
NGC 6624,-62.4,263.210763,-22.347158,7.57813634,4.06427875,5.935697,-0.601440485,0.534216964,0.785226482,0.804436711,1.1241437,68.9280051,56.9826228,129.894288,-5.62905791,-2.74888846,54.623621,False,False
NGC 6624,-62.5,263.274053,-22.4326328,7.56943051,4.02352596,5.84037094,-0.60844584,0.528352202,0.771816845,0.805830249,1.11582419,68.0653418,57.7086745,132.342838,-5.6832675,-2.69596561,54.0017255,False,False
NGC 6624,-62.6,263.338992,-22.5198435,7.56080818,3.98207963,5.74287169,-0.615362263,0.5224129,0.758156689,0.807208742,1.10742382,67.1888211,58.440348,134.793359,-5.73753576,-2.6428045,53.3546931,False,False
NGC 6624,-62.7,263.405588,-22.6087971,7.5522723,3.93993403,5.64319222,-0.622188326,0.516398476,0.744245825,0.808570157,1.09894838,66.2982447,59.1777605,137.245591,-5.79185022,-2.58941213,52.681964,False,False
NGC 6624,-62.8,263.47385,-22.6995003,7.54382586,3.89708336,5.54132594,-0.628922582,0.510308337,0.730084094,0.809912472,1.09040405,65.3934115,59.9210296,139.699231,-5.84619708,-2.5357965,51.9829714,False,False
NGC 6624,-62.9,263.543786,-22.7919596,7.53547192,3.8535218,5.43726672,-0.635563561,0.504141879,0.715671368,0.811233674,1.08179738,64.4741176,60.6702727,142.153927,-5.90056109,-2.48196665,51.2571419,False,False
NGC 6624,-63,263.615403,-22.8861811,7.5272136,3.80924349,5.33100899,-0.642109774,0.497898484,0.701007561,0.812531761,1.07313534,63.5401569,61.4256063,144.609271,-5.95492537,-2.42793281,50.5038969,False,False
NGC 6624,-63.1,263.68871,-22.9821706,7.51905409,3.76424253,5.22254778,-0.648559712,0.491577524,0.68609263,0.813804745,1.06442532,62.5913219,62.1871462,147.064795,-6.00927128,-2.37370648,49.7226526,False,False
NGC 6624,-63.2,263.763712,-23.0799332,7.51099663,3.718513,5.11187875,-0.654911841,0.485178358,0.670926582,0.815050648,1.05567516,61.6274041,62.955006,149.519961,-6.06357824,-2.31930056,48.9128222,False,False
NGC 6624,-63.3,263.840417,-23.1794738,7.50304454,3.67204895,4.99899835,-0.66116461,0.478700335,0.655509486,0.816267512,1.04689318,60.6481953,63.7292973,151.974155,-6.11782352,-2.26472951,48.0738163,False,False
NGC 6624,-63.4,263.918831,-23.2807969,7.4952012,3.62484442,4.8839038,-0.667316442,0.47214279,0.639841475,0.817453392,1.03808822,59.6534877,64.5101283,154.426679,-6.17198203,-2.21000951,47.205045,False,False
NGC 6624,-63.5,263.998958,-23.3839061,7.48747004,3.57689343,4.76659324,-0.673365744,0.46550505,0.623922761,0.818606362,1.02926964,58.6430759,65.2976032,156.876738,-6.2260261,-2.15515863,46.3059194,False,False
NGC 6624,-63.6,264.080805,-23.4888045,7.47985456,3.52819,4.6470658,-0.679310898,0.458786429,0.607753641,0.819724517,1.02044734,57.6167576,66.0918213,159.323431,-6.27992516,-2.10019703,45.3758537,False,False
NGC 6624,-63.7,264.164374,-23.5954948,7.47235833,3.47872813,4.52532173,-0.685150267,0.451986235,0.591334509,0.820805972,1.01163182,56.5743352,66.8928754,161.765739,-6.33364544,-2.04514716,44.4142676,False,False
NGC 6624,-63.8,264.24967,-23.7039785,7.46498498,3.42850186,4.4013625,-0.690882194,0.445103762,0.574665872,0.82184887,1.0028342,55.5156172,67.700851,164.202507,-6.38714964,-1.99003407,43.4205889,False,False
NGC 6624,-63.9,264.336693,-23.8142566,7.4577382,3.37750524,4.27519092,-0.696505004,0.438138299,0.557748362,0.822851378,0.994066208,54.4404204,68.5158245,166.632429,-6.44039652,-1.93488564,42.3942569,False,False
NGC 6624,-64,264.425445,-23.9263289,7.45062174,3.32573234,4.14681132,-0.702017003,0.431089128,0.540582753,0.823811695,0.985340256,53.348572,69.3378616,169.054032,-6.49334045,-1.87973292,41.334726,False,False
NGC 6624,-64.1,264.515927,-24.0401945,7.44363941,3.27317731,4.01622967,-0.707416478,0.423955522,0.523169979,0.824728051,0.976669435,52.2399117,70.1670151,171.465651,-6.54593092,-1.8246105,40.2414693,False,False
NGC 6624,-64.2,264.608135,-24.1558511,7.43679508,3.21983432,3.8834538,-0.712701703,0.416736752,0.505511155,0.825598715,0.968067542,51.1142945,71.0033231,173.865408,-6.59811196,-1.76955686,39.1139844,False,False
NGC 6624,-64.3,264.702067,-24.2732953,7.43009265,3.16569764,3.74849359,-0.717870938,0.409432085,0.487607601,0.826421996,0.959549107,49.971594,71.8468063,176.251182,-6.64982149,-1.71461488,37.951798,False,False
NGC 6624,-64.4,264.797717,-24.3925224,7.42353609,3.11076165,3.61136115,-0.722922429,0.402040787,0.469460867,0.827196248,0.951129401,48.811706,72.6974652,178.620581,-6.7009906,-1.65983235,36.7544726,False,False
NGC 6624,-64.5,264.895079,-24.5135258,7.41712943,3.05502084,3.47207115,-0.727854414,0.394562125,0.451072763,0.827919874,0.942824457,47.6345518,73.5552769,180.970907,-6.75154271,-1.60526247,35.5216137,False,False
NGC 6624,-64.6,264.994143,-24.6362977,7.41087671,2.99846982,3.33064104,-0.732665126,0.386995369,0.432445392,0.828591336,0.934651068,46.4400832,74.4201918,183.299112,-6.80139267,-1.55096458,34.2528777,False,False
NGC 6624,-64.7,265.094897,-24.7608282,7.40478202,2.94110342,3.18709138,-0.737352791,0.379339798,0.413581187,0.829209154,0.926626796,45.2282871,75.2921297,185.601761,-6.85044566,-1.49700483,32.9479818,False,False
NGC 6624,-64.8,265.197325,-24.8871052,7.39884948,2.88291665,3.0414462,-0.74191564,0.371594698,0.394482959,0.829771918,0.918769961,43.9991913,76.1709752,187.874974,-6.89859604,-1.44345699,31.6067144,False,False
NGC 6624,-64.9,265.30141,-25.0151144,7.39308322,2.82390475,2.89373341,-0.746351905,0.363759371,0.375153935,0.830278295,0.911099622,42.75287,77.0565733,190.114377,-6.94572604,-1.39040333,30.2289471,False,False
NGC 6624,-65,265.407129,-25.1448392,7.38748739,2.76406325,2.74398518,-0.750659833,0.355833136,0.355597822,0.830727034,0.903635555,41.4894511,77.9487241,192.315036,-6.99170426,-1.33793562,28.8146491,False,False
NGC 6624,-65.1,265.514457,-25.2762596,7.38206615,2.70338802,2.59223852,-0.754837682,0.347815335,0.335818859,0.831116979,0.896398204,40.2091233,78.847177,194.47139,-7.03638411,-1.28615612,27.3639023,False,False
NGC 6624,-65.2,265.623361,-25.409353,7.37682361,2.64187527,2.43853575,-0.758883737,0.339705338,0.315821893,0.831447078,0.88940863,38.9121439,79.7516253,196.57718,-7.07960204,-1.23517881,25.8769194,False,False
NGC 6624,-65.3,265.733806,-25.5440929,7.37176388,2.57952165,2.28292515,-0.76279631,0.331502551,0.295612448,0.831716389,0.882688434,37.5988478,80.6616992,198.625366,-7.12117577,-1.18513043,24.3540638,False,False
NGC 6624,-65.4,265.84575,-25.6804491,7.36689104,2.5163243,2.12546163,-0.766573755,0.323206421,0.275196809,0.831924102,0.876259662,36.2696564,81.5769597,200.608057,-7.16090245,-1.13615174,22.7958719,False,False
NGC 6624,-65.5,265.959144,-25.8183872,7.36220907,2.45228089,1.96620744,-0.77021447,0.314816442,0.25458212,0.832069541,0.870144688,34.9250874,82.496892,202.516434,-7.1985569,-1.08839854,21.2030773,False,False
NGC 6624,-65.6,266.073931,-25.9578678,7.35772188,2.38738971,1.80523293,-0.773716914,0.306332167,0.233776472,0.832152185,0.864366067,33.5657647,83.4208986,204.340683,-7.23389021,-1.04204255,19.5766389,False,False
NGC 6624,-65.7,266.190046,-26.0988466,7.35343328,2.32164975,1.64261745,-0.777079615,0.297753213,0.212789016,0.832171679,0.858946372,32.1924286,84.3482937,206.069965,-7.26662882,-0.997271896,17.9177691,False,False
NGC 6624,-65.8,266.307417,-26.2412735,7.34934692,2.25506075,1.47845007,-0.780301183,0.289079273,0.191630061,0.832127852,0.853907983,30.8059451,85.2782971,207.692404,-7.2964746,-0.954291008,16.2279652,False,False
NGC 6624,-65.9,266.42596,-26.3850923,7.3454663,2.18762331,1.31283048,-0.783380324,0.280310123,0.170311185,0.832020731,0.849272864,29.407315,86.2100303,209.195148,-7.32310627,-0.913319562,14.5090398,False,False
NGC 6624,-66,266.54558,-26.5302404,7.34179471,2.11933896,1.14586969,-0.786315852,0.271445638,0.148845323,0.831850559,0.845062295,27.9976814,87.1425135,210.56451,-7.34618301,-0.874590125,12.7631511,False,False
NGC 6624,-66.1,266.666171,-26.6766483,7.33833518,2.05021022,0.977690572,-0.789106706,0.262485793,0.127246842,0.831617812,0.841296585,26.5783342,88.0746651,211.786216,-7.36535074,-0.838344102,10.9928279,False,False
NGC 6624,-66.2,266.787618,-26.8242396,7.33509048,1.98024075,0.80842819,-0.791751967,0.253430683,0.105531583,0.831323215,0.837994751,25.1507121,89.0053033,212.84579,-7.38025167,-0.804825646,9.20098805,False,False
NGC 6624,-66.3,266.90979,-26.972931,7.33206305,1.90943534,0.638229725,-0.794250866,0.244280527,0.0837168563,0.830967757,0.835174189,23.7163993,89.9331511,213.729087,-7.39053758,-0.774273359,7.39094323,False,False
NGC 6624,-66.4,267.032548,-27.1226323,7.32925497,1.83780007,0.467253915,-0.796602807,0.235035679,0.061821375,0.830552709,0.832850338,22.2771175,90.8568454,214.422952,-7.39588629,-0.746910016,5.56638793,False,False
NGC 6624,-66.5,267.155741,-27.2732476,7.3266679,1.7653423,0.295669909,-0.798807375,0.225696637,0.0398651137,0.830079631,0.831036354,20.834711,91.7749481,214.915975,-7.39602046,-0.722931019,3.73136606,False,False
NGC 6624,-66.6,267.27921,-27.4246756,7.3243031,1.69207075,0.123655508,-0.800864349,0.216264049,0.0178690928,0.829550387,0.829742821,19.3911251,92.6859626,215.199246,-7.39072642,-0.70249286,1.89021379,False,False
NGC 6624,-66.7,267.40279,-27.5768113,7.32216134,1.61799554,-0.0486051847,-0.802773712,0.206738719,-0.00414491278,0.828967146,0.828977509,17.9483786,93.5883514,215.267005,-7.37987045,-0.685703255,0.0474794059,False,False
NGC 6624,-66.8,267.526311,-27.7295469,7.32024292,1.54312821,-0.220924556,-0.804535653,0.197121607,-0.0261547189,0.828332388,0.828745205,16.5085315,94.4805567,215.117073,-7.36340961,-0.672614661,-1.79217505,False,False
NGC 6624,-66.9,267.649602,-27.8827742,7.31854764,1.46748166,-0.39311452,-0.806150576,0.187413836,-0.0481381091,0.827648897,0.829047631,15.07365,95.3610219,214.750978,-7.34139502,-0.663222369,-3.62408146,False,False
NGC 6624,-67,267.772496,-28.0363854,7.31707483,1.39107022,-0.564989527,-0.807619093,0.177616684,-0.0700732058,0.826919758,0.82988345,13.6457703,96.2282122,214.173763,-7.31396709,-0.657467491,-5.4436721,False,False
NGC 6624,-67.1,267.894827,-28.190275,7.31582336,1.31390954,-0.736369297,-0.808942021,0.167731587,-0.0919388072,0.82614834,0.831248352,12.2268662,97.0806343,213.393507,-7.28134366,-0.655244158,-7.2465745,False,False
NGC 6624,-67.2,268.016439,-28.3443406,7.31479163,1.23601657,-0.907081097,-0.810120376,0.157760128,-0.113714665,0.825338283,0.833135227,10.8188195,97.9168536,212.420661,-7.24380342,-0.656409462,-9.02868754,False,False
NGC 6624,-67.3,268.137182,-28.4984843,7.31397765,1.15740945,-1.07696144,-0.811155359,0.147704034,-0.135381692,0.82449348,0.835534381,9.423397,98.7355093,211.267316,-7.20166746,-0.660794444,-10.7862351,False,False
NGC 6624,-67.4,268.256916,-28.6526129,7.31337905,1.07810751,-1.24585719,-0.812048347,0.137565169,-0.156922087,0.823618051,0.838433799,8.04223316,99.5353252,209.946497,-7.15528153,-0.668214594,-12.515798,False,False
NGC 6624,-67.5,268.375513,-28.8066382,7.31299309,0.998131098,-1.41362614,-0.812800875,0.127345519,-0.178319405,0.82271632,0.84181943,6.67681868,100.315119,208.47156,-7.10500069,-0.678478836,-14.2143261,False,False
NGC 6624,-67.6,268.492852,-28.9604776,7.31281675,0.917501535,-1.58013715,-0.813414623,0.11704719,-0.199558564,0.821792792,0.845675477,5.32849443,101.07381,206.855719,-7.05117724,-0.691396522,-15.8791367,False,False
NGC 6624,-67.7,268.608825,-29.1140532,7.31284674,0.836241008,-1.74526994,-0.813891401,0.106672389,-0.220625809,0.820852125,0.849984682,3.99844984,101.810418,205.111714,-6.99415212,-0.706782408,-17.5079021,False,False
NGC 6624,-67.8,268.723332,-29.2672926,7.31307952,0.754372467,-1.90891467,-0.814233134,0.0962234218,-0.241508655,0.819899106,0.854728597,2.68772467,102.52407,203.25159,-6.93424915,-0.724459844,-19.0986301,False,False
NGC 6624,-67.9,268.836283,-29.4201276,7.31351137,0.671919535,-2.07097135,-0.814441844,0.0857026755,-0.262195809,0.818938622,0.859887846,1.39721357,103.213997,201.286586,-6.8717719,-0.744262567,-20.6496416,True,True
NGC 6624,-68,268.947595,-29.572495,7.31413838,0.588906405,-2.23134923,-0.814519638,0.0751126115,-0.282677083,0.817975639,0.86544236,0.127672496,103.879531,199.227079,-6.80700213,-0.766035464,-22.1595462,True,True
NGC 6624,-68.1,269.057196,-29.7243353,7.31495651,0.505357751,-2.3899661,-0.814468695,0.0644557543,-0.302943305,0.817015177,0.871371588,-1.12027363,104.520107,197.082586,-6.74019969,-0.789634633,-23.6272178,True,True
NGC 6624,-68.2,269.165019,-29.875593,7.31596161,0.421298639,-2.54674764,-0.814291248,0.0537346815,-0.322986234,0.816062285,0.877654693,-2.34612228,105.135252,194.861798,-6.67160305,-0.814927014,-25.0517704,True,True
NGC 6624,-68.3,269.271004,-30.0262165,7.31714943,0.33675444,-2.7016268,-0.81398958,0.0429520142,-0.34279848,0.815122023,0.884270722,-3.5494844,105.724584,192.572623,-6.60143041,-0.841789773,-26.4325356,True,True
NGC 6624,-68.4,269.375097,-30.176157,7.31851564,0.251750752,-2.85454316,-0.813566005,0.0321104081,-0.362373421,0.814199436,0.891198754,-4.73007515,106.287806,190.222244,-6.52988102,-0.87010956,-27.7690411,True,True
NGC 6624,-68.5,269.47725,-30.325369,7.32005586,0.166313324,-3.00544242,-0.813022862,0.0212125454,-0.381705137,0.813299542,0.898418031,-5.88770484,106.824701,187.817182,-6.45713663,-0.899781742,-29.0609903,True,True
NGC 6624,-68.6,269.577421,-30.4738101,7.3217657,0.0804679883,-3.15427586,-0.812362506,0.0102611265,-0.400788343,0.812427308,0.905908068,-7.02226999,107.335123,185.363353,-6.38336289,-0.930709646,-30.3082446,True,True
NGC 6624,-68.7,269.675571,-30.62144,7.32364072,-0.00575940362,-3.3009999,-0.811587297,-0.000741136755,-0.41961833,0.811587635,0.913648747,-8.13374474,107.818997,182.866122,-6.30871079,-0.962803852,-31.5108054,True,True
NGC 6624,-68.8,269.771667,-30.7682214,7.32567648,-0.0923430391,-3.44557562,-0.810699595,-0.0117915278,-0.438190912,0.810785344,0.921620393,-9.2221727,108.276304,180.330362,-6.23331789,-0.995981538,-32.668799,True,True
NGC 6624,-68.9,269.865678,-30.914119,7.32786855,-0.179257196,-3.58796844,-0.809701753,-0.0228873312,-0.456502378,0.81002516,0.92980384,-10.2876592,108.707085,177.760492,-6.15730959,-1.03016589,-33.7824621,True,True
NGC 6624,-69,269.957578,-31.0590995,7.33021253,-0.266476292,-3.72814769,-0.808596109,-0.0340258382,-0.47454945,0.809311699,0.938180476,-11.3303642,109.111429,175.16053,-6.08080018,-1.06528557,-34.8521286,True,True
NGC 6624,-69.1,270.047344,-31.203132,7.33270402,-0.353974925,-3.86608636,-0.807384983,-0.0452043515,-0.492329238,0.808649457,0.946732286,-12.3504952,109.489468,172.534126,-6.00389389,-1.10127426,-35.8782175,True,True
NGC 6624,-69.2,270.134956,-31.3461871,7.33533867,-0.44172791,-4.00176076,-0.80607067,-0.0564201895,-0.509839212,0.808042798,0.955441879,-13.3483016,109.841376,169.8846,-5.92668576,-1.1380702,-36.8612225,True,True
NGC 6624,-69.3,270.220396,-31.4882373,7.33811218,-0.529710316,-4.13515026,-0.80465544,-0.0676706899,-0.527077163,0.807495944,0.964292505,-14.3240686,110.167359,167.214974,-5.84926248,-1.17561588,-37.8017016,True,True
NGC 6624,-69.4,270.303649,-31.6292568,7.34102027,-0.617897491,-4.26623705,-0.803141531,-0.0789532135,-0.544041178,0.807012967,0.973268068,-15.2781122,110.467657,164.527996,-5.77170314,-1.21385765,-38.7002684,True,True
NGC 6624,-69.5,270.384702,-31.7692211,7.34405874,-0.70626509,-4.3950059,-0.801531147,-0.0902651466,-0.560729613,0.806597778,0.982353131,-16.2107742,110.742533,161.826172,-5.69407989,-1.25274543,-39.5575842,True,True
NGC 6624,-69.6,270.463546,-31.9081073,7.34722344,-0.794789095,-4.52144398,-0.799826456,-0.101603904,-0.577141068,0.806254124,0.991532917,-17.1224182,110.992274,159.111781,-5.61645854,-1.29223249,-40.3743503,True,True
NGC 6624,-69.7,270.54017,-32.0458939,7.35051028,-0.883445834,-4.64554066,-0.798029589,-0.11296693,-0.593274367,0.805985578,1.0007933,-18.0134258,111.217184,156.386904,-5.53889914,-1.33227514,-41.151302,True,True
NGC 6624,-69.8,270.614568,-32.1825606,7.35391523,-0.972211996,-4.76728733,-0.796142636,-0.124351702,-0.609128534,0.805795534,1.01012079,-18.8841927,111.417587,153.653433,-5.46145644,-1.37283258,-41.8892022,True,True
NGC 6624,-69.9,270.686735,-32.3180883,7.35743434,-1.06106465,-4.88667723,-0.794167646,-0.13575573,-0.62470278,0.805687203,1.01950254,-19.7351261,111.593816,150.913096,-5.38418037,-1.41386666,-42.5888365,True,True
NGC 6624,-70,270.756667,-32.4524589,7.36106374,-1.14998123,-5.00370533,-0.792106627,-0.14717656,-0.639996485,0.805663608,1.02892631,-20.5666416,111.746217,148.167466,-5.30711641,-1.45534173,-43.2510082,True,True
NGC 6624,-70.1,270.824362,-32.5856556,7.3647996,-1.23893959,-5.11836818,-0.789961543,-0.158611773,-0.655009183,0.805727581,1.03838045,-21.3791608,111.875142,145.417977,-5.23030603,-1.49722446,-43.8765346,True,True
NGC 6624,-70.2,270.889817,-32.7176624,7.36863819,-1.32791796,-5.2306638,-0.787734315,-0.170058986,-0.669740545,0.805881759,1.04785391,-22.1731092,111.980952,142.665936,-5.15378694,-1.53948368,-44.4662428,True,True
NGC 6624,-70.3,270.953034,-32.8484643,7.37257585,-1.41689499,-5.34059151,-0.78542682,-0.181515854,-0.684190374,0.806128584,1.05733616,-22.9489142,112.06401,139.912531,-5.07759345,-1.5820903,-45.0209666,True,True
NGC 6624,-70.4,271.014012,-32.9780473,7.37660899,-1.50584971,-5.44815192,-0.783040892,-0.192980068,-0.698358585,0.8064703,1.06681726,-23.7070036,112.124683,137.158846,-5.00175677,-1.62501711,-45.5415435,True,True
NGC 6624,-70.5,271.072754,-33.1063979,7.38073411,-1.59476159,-5.55334673,-0.780578321,-0.204449358,-0.712245202,0.806908951,1.07628773,-24.4478038,112.163337,134.405866,-4.92630519,-1.66823872,-46.0288124,True,True
NGC 6624,-70.6,271.129263,-33.2335037,7.38494777,-1.68361049,-5.65617872,-0.778040854,-0.215921492,-0.725850343,0.807446383,1.08573863,-25.1717389,112.180341,131.654488,-4.85126439,-1.71173143,-46.4836108,True,True
NGC 6624,-70.7,271.183542,-33.359353,7.38924662,-1.77237666,-5.7566516,-0.775430193,-0.227394273,-0.739174214,0.80808424,1.09516148,-25.8792294,112.176059,128.905524,-4.77665762,-1.75547312,-46.9067735,True,True
NGC 6624,-70.8,271.235595,-33.4839346,7.39362737,-1.86104078,-5.85476997,-0.772748,-0.238865543,-0.7522171,0.808823972,1.10454823,-26.5706911,112.150856,126.159713,-4.70250588,-1.79944319,-47.2991303,True,True
NGC 6624,-70.9,271.285428,-33.6072381,7.39808683,-1.94958391,-5.95053926,-0.769995892,-0.250333181,-0.764979359,0.809666829,1.11389128,-27.2465347,112.105093,123.417724,-4.62882813,-1.84362242,-47.6615048,True,True
NGC 6624,-71,271.333045,-33.7292536,7.40262186,-2.03798752,-6.04396561,-0.767175446,-0.261795102,-0.777461413,0.810613866,1.12318346,-27.9071648,112.039125,120.680162,-4.55564143,-1.88799297,-47.9947129,True,True
NGC 6624,-71.1,271.378455,-33.849972,7.40722942,-2.12623346,-6.13505585,-0.764288197,-0.273249259,-0.789663743,0.811665945,1.13241796,-28.5529794,111.953305,117.947575,-4.4829611,-1.9325382,-48.299562,True,True
NGC 6624,-71.2,271.421662,-33.9693844,7.41190653,-2.21430398,-6.22381743,-0.761335642,-0.284693639,-0.801586883,0.812823737,1.14158835,-29.1843694,111.847978,115.220456,-4.41080087,-1.97724269,-48.5768496,True,True
NGC 6624,-71.3,271.462674,-34.0874828,7.41665028,-2.30218171,-6.31025838,-0.758319234,-0.296126263,-0.813231417,0.814087725,1.15068856,-29.8017184,111.723487,112.499248,-4.33917298,-2.02209215,-48.8273632,True,True
NGC 6624,-71.4,271.5015,-34.2042592,7.42145784,-2.38984963,-6.39438721,-0.755240391,-0.307545191,-0.824597968,0.815458211,1.15971285,-30.4054023,111.580166,109.78435,-4.26808833,-2.0670733,-49.0518787,True,True
NGC 6624,-71.5,271.538147,-34.3197065,7.42632646,-2.47729114,-6.47621292,-0.752100492,-0.318948511,-0.835687202,0.816935312,1.16865581,-30.9957887,111.418343,107.076118,-4.19755653,-2.1121739,-49.2511606,True,True
NGC 6624,-71.6,271.572623,-34.4338178,7.43125344,-2.56448995,-6.55574494,-0.748900878,-0.33033435,-0.846499816,0.818518972,1.17751231,-31.5732375,111.23834,104.37487,-4.12758608,-2.15738263,-49.4259613,True,True
NGC 6624,-71.7,271.604938,-34.5465864,7.43623616,-2.65143015,-6.63299306,-0.745642855,-0.341700863,-0.857036539,0.820208965,1.18627753,-32.1380999,111.040472,101.680888,-4.05818439,-2.20268907,-49.5770207,True,True
NGC 6624,-71.8,271.635101,-34.6580065,7.44127208,-2.73809619,-6.70796744,-0.742327691,-0.35304624,-0.867298128,0.822004895,1.1949469,-32.6907191,110.825047,98.9944206,-3.9893579,-2.24808363,-49.7050659,True,True
NGC 6624,-71.9,271.663121,-34.768072,7.44635872,-2.82447284,-6.78067852,-0.738956621,-0.364368699,-0.877285363,0.823906207,1.20351612,-33.2314297,110.592365,96.3156881,-3.92111217,-2.29355752,-49.810811,True,True
NGC 6624,-72,271.689007,-34.8767776,7.45149364,-2.91054523,-6.85113705,-0.735530848,-0.375666493,-0.886999044,0.825912188,1.21198112,-33.7605579,110.342719,93.6448811,-3.85345189,-2.33910272,-49.8949573,True,True
NGC 6624,-72.1,271.712771,-34.9841181,7.45667451,-2.99629878,-6.919354,-0.732051539,-0.386937899,-0.89643999,0.828021976,1.22033809,-34.2784217,110.076394,90.9821651,-3.78638101,-2.38471188,-49.9581927,True,True
NGC 6624,-72.2,271.734421,-35.0900885,7.46189903,-3.08171928,-6.98534056,-0.72851983,-0.398181227,-0.905609038,0.830234564,1.2285834,-34.7853307,109.793669,88.327682,-3.7199028,-2.43037836,-50.0011919,True,True
NGC 6624,-72.3,271.753969,-35.1946842,7.46716499,-3.16679278,-7.04910812,-0.724936826,-0.409394813,-0.914507034,0.832548806,1.23671364,-35.2815862,109.494815,85.6815514,-3.65401983,-2.47609613,-50.0246166,True,True
NGC 6624,-72.4,271.771425,-35.2979008,7.47247021,-3.25150568,-7.11066823,-0.721303601,-0.420577022,-0.923134839,0.834963422,1.24472561,-35.7674815,109.180093,83.0438732,-3.58873414,-2.52185977,-50.0291152,True,True
NGC 6624,-72.5,271.7868,-35.3997341,7.47781259,-3.33584465,-7.17003258,-0.717621202,-0.431726243,-0.931493321,0.837477007,1.25261628,-36.2433018,108.84976,80.4147284,-3.52404716,-2.56766442,-50.0153231,True,True
NGC 6624,-72.6,271.800105,-35.5001801,7.48319009,-3.41979667,-7.22721298,-0.713890642,-0.442840893,-0.939583356,0.840088034,1.26038279,-36.7093245,108.504064,77.7941807,-3.45995989,-2.61350578,-49.9838628,True,True
NGC 6624,-72.7,271.811351,-35.599235,7.48860072,-3.50334898,-7.28222135,-0.710112912,-0.453919413,-0.947405827,0.842794863,1.26802247,-37.1658191,108.143245,75.1822782,-3.3964728,-2.65938004,-49.935344,True,True
NGC 6624,-72.8,271.820549,-35.6968951,7.49404256,-3.58648911,-7.33506968,-0.706288971,-0.464960268,-0.954961618,0.845595743,1.27553277,-37.6130475,107.767536,72.5790543,-3.333586,-2.70528385,-49.8703639,True,True
NGC 6624,-72.9,271.82771,-35.7931569,7.49951372,-3.66920486,-7.38577001,-0.702419755,-0.475961947,-0.962251619,0.848488825,1.28291132,-38.0512645,107.377164,69.9845287,-3.27129918,-2.75121436,-49.789507,True,True
NGC 6624,-73,271.832847,-35.8880172,7.5050124,-3.7514843,-7.43433447,-0.698506172,-0.486922962,-0.969276721,0.851472162,1.29015588,-38.480717,106.972347,67.398709,-3.20961169,-2.7971691,-49.6933457,True,True
NGC 6624,-73.1,271.83597,-35.9814727,7.51053682,-3.83331573,-7.48077518,-0.694549106,-0.497841846,-0.976037812,0.854543717,1.29726434,-38.9016454,106.553296,64.8215911,-3.14852255,-2.84314605,-49.5824405,True,True
NGC 6624,-73.2,271.837092,-36.0735202,7.51608527,-3.91468771,-7.52510429,-0.690549417,-0.508717154,-0.982535783,0.85770137,1.30423472,-39.3142826,106.120217,62.2531603,-3.0880305,-2.88914354,-49.4573398,True,True
NGC 6624,-73.3,271.836223,-36.1641568,7.52165609,-3.99558905,-7.56733396,-0.686507942,-0.519547461,-0.98877152,0.860942924,1.31106515,-39.7188551,105.673306,59.6933924,-3.02813401,-2.93516028,-49.3185806,True,True
NGC 6624,-73.4,271.833377,-36.2533797,7.52724766,-4.07600878,-7.60747634,-0.682425493,-0.530331364,-0.994745909,0.86426611,1.3177539,-40.1155826,105.212755,57.1422539,-2.96883132,-2.98119532,-49.1666884,True,True
NGC 6624,-73.5,271.828565,-36.3411859,7.53285844,-4.15593616,-7.64554357,-0.678302863,-0.541067475,-1.00045983,0.867668593,1.32429931,-40.5046784,104.738747,54.5997034,-2.91012041,-3.02724803,-49.0021779,True,True
NGC 6624,-73.6,271.821798,-36.4275728,7.53848689,-4.23536067,-7.68154773,-0.674140821,-0.551754429,-1.00591416,0.871147976,1.33069985,-40.8863495,104.251459,52.0656916,-2.85199912,-3.07331809,-48.8255525,True,True
NGC 6624,-73.7,271.81309,-36.5125377,7.54413155,-4.31427201,-7.71550089,-0.669940116,-0.562390876,-1.01110976,0.87470181,1.33695408,-41.2607968,103.751064,49.5401624,-2.79446506,-3.11940548,-48.6373055,True,True
NGC 6624,-73.8,271.802452,-36.5960779,7.549791,-4.39266008,-7.74741507,-0.665701477,-0.572975483,-1.01604751,0.878327593,1.34306065,-41.6282154,103.237723,47.0230533,-2.73751573,-3.16551042,-48.4379193,True,True
NGC 6624,-73.9,271.789896,-36.6781909,7.55546387,-4.47051497,-7.7773022,-0.661425613,-0.583506935,-1.02072826,0.88202278,1.34901829,-41.9887943,102.711597,44.5142958,-2.68114844,-3.21163343,-48.2278667,True,True
NGC 6624,-74,271.775436,-36.7588742,7.56114881,-4.547827,-7.80517418,-0.657113213,-0.593983932,-1.02515285,0.885784786,1.35482584,-42.3427172,102.172836,42.013816,-2.62536041,-3.25777525,-48.0076103,True,True
NGC 6624,-74.1,271.759082,-36.8381252,7.56684455,-4.62458664,-7.83104282,-0.652764951,-0.60440519,-1.02932214,0.889610991,1.36048219,-42.6901624,101.621586,39.5215353,-2.57014874,-3.30393685,-47.7776033,True,True
NGC 6624,-74.2,271.740848,-36.9159414,7.57254984,-4.70078456,-7.85491986,-0.648381479,-0.614769438,-1.03323696,0.893498743,1.36598632,-43.0313026,101.057986,37.0373704,-2.51551041,-3.35011942,-47.5382895,True,True
NGC 6624,-74.3,271.720746,-36.9923205,7.57826347,-4.77641161,-7.87681694,-0.643963433,-0.62507542,-1.03689813,0.897445365,1.37133727,-43.3663057,100.482171,34.5612339,-2.46144235,-3.39632437,-47.2901038,True,True
NGC 6624,-74.4,271.698788,-37.0672599,7.58398427,-4.8514588,-7.89674561,-0.639511433,-0.635321893,-1.04030647,0.901448157,1.37653417,-43.6953344,99.8942675,32.0930346,-2.40794139,-3.44255328,-47.033472,True,True
NGC 6624,-74.5,271.674987,-37.1407572,7.58971113,-4.92591731,-7.91471734,-0.635026081,-0.645507628,-1.04346279,0.905504402,1.3815762,-44.0185468,99.2943982,29.6326782,-2.35500431,-3.48880793,-46.7688116,True,True
NGC 6624,-74.6,271.649356,-37.2128099,7.59544295,-4.99977848,-7.93074348,-0.630507965,-0.655631407,-1.04636787,0.909611365,1.38646261,-44.3360962,98.6826795,27.180067,-2.30262784,-3.53509026,-46.4965315,True,True
NGC 6624,-74.7,271.621907,-37.2834156,7.6011787,-5.0730338,-7.94483527,-0.625957656,-0.665692023,-1.04902252,0.913766303,1.39119269,-44.6481312,98.0592221,24.7351005,-2.25080868,-3.58140239,-46.2170328,True,True
NGC 6624,-74.8,271.592653,-37.3525717,7.60691736,-5.1456749,-7.95700385,-0.621375711,-0.675688282,-1.05142751,0.917966464,1.39576582,-44.9547964,97.4241315,22.297676,-2.19954347,-3.62774657,-45.9307085,True,True
NGC 6624,-74.9,271.561607,-37.4202759,7.61265795,-5.21769358,-7.96726025,-0.616762671,-0.685618999,-1.0535836,0.922209089,1.40018142,-45.2562319,96.7775079,19.8676884,-2.14882884,-3.67412521,-45.6379443,True,True
NGC 6624,-75,271.528781,-37.4865255,7.61839955,-5.28908175,-7.97561537,-0.612119065,-0.695482999,-1.05549154,0.92649142,1.40443895,-45.5525738,96.119446,17.4450304,-2.09866142,-3.72054084,-45.3391184,True,True
NGC 6624,-75.1,271.494189,-37.551318,7.62414125,-5.35983147,-7.98208,-0.607445406,-0.705279118,-1.05715209,0.930810698,1.40853793,-45.843954,95.4500354,15.0295932,-2.04903781,-3.76699614,-45.0346017,True,True
NGC 6624,-75.2,271.457842,-37.6146508,7.62988219,-5.42993491,-7.98666478,-0.602742196,-0.715006198,-1.05856598,0.935164166,1.41247794,-46.1305008,94.7693606,12.6212664,-1.99995463,-3.81349389,-44.7247585,True,True
NGC 6624,-75.3,271.419755,-37.6765213,7.63562152,-5.49938437,-7.98938025,-0.598009922,-0.724663092,-1.05973392,0.939549074,1.4162586,-46.4123387,94.0775011,10.2199382,-1.95140847,-3.86003699,-44.4099462,True,True
NGC 6624,-75.4,271.379939,-37.7369269,7.64135847,-5.56817228,-7.99023681,-0.593249059,-0.73424866,-1.06065662,0.94396268,1.41987958,-46.6895884,93.3745313,7.82549547,-1.90339598,-3.90662845,-44.090516,True,True
NGC 6624,-75.5,271.338408,-37.7958648,7.64709225,-5.63629116,-7.98924474,-0.588460072,-0.743761769,-1.06133479,0.948402249,1.42334057,-46.9623674,92.6605208,5.43782441,-1.85591379,-3.95327136,-43.7668126,True,True
NGC 6624,-75.6,271.295176,-37.8533322,7.65282213,-5.70373365,-7.98641417,-0.583643411,-0.753201294,-1.06176911,0.952865059,1.42664133,-47.2307896,91.9355344,3.05681022,-1.80895856,-3.99996891,-43.4391748,True,True
NGC 6624,-75.7,271.250254,-37.9093264,7.65854742,-5.77049249,-7.98175511,-0.578799516,-0.762566115,-1.06196026,0.9573484,1.42978165,-47.4949656,91.1996322,0.682337453,-1.76252701,-4.0467244,-43.1079357,True,True
NGC 6624,-75.8,271.203657,-37.9638445,7.66426744,-5.83656052,-7.97527742,-0.573928816,-0.771855119,-1.0619089,0.961849578,1.43276136,-47.755003,90.4528695,-1.68570981,-1.71661584,-4.09354117,-42.7734225,True,True
NGC 6624,-75.9,271.155397,-38.0168836,7.66998155,-5.90193067,-7.96699083,-0.569031729,-0.781067197,-1.06161568,0.966365911,1.43558034,-48.0110062,89.695297,-4.04744784,-1.67122183,-4.14042266,-42.4359574,True,True
NGC 6624,-76,271.105488,-38.0684406,7.67568915,-5.96659597,-7.95690494,-0.564108662,-0.790201246,-1.06108124,0.970894738,1.4382385,-48.2630767,88.9269608,-6.40299316,-1.6263418,-4.18737237,-42.0958571,True,True
NGC 6624,-76.1,271.053943,-38.1185125,7.68138964,-6.03054951,-7.94502921,-0.559160013,-0.799256168,-1.0603062,0.975433412,1.44073578,-48.511313,88.1479025,-8.75246236,-1.58197258,-4.23439387,-41.7534333,True,True
NGC 6624,-76.2,271.000775,-38.1670963,7.68708249,-6.09378449,-7.93137295,-0.554186168,-0.808230868,-1.05929119,0.979979308,1.44307216,-48.7558111,87.3581594,-11.095972,-1.53811109,-4.28149079,-41.4089932,True,True
NGC 6624,-76.3,270.945998,-38.2141887,7.69276716,-6.15629417,-7.91594533,-0.549187505,-0.817124255,-1.0580368,0.984529819,1.44524768,-48.996664,86.5577641,-13.4336383,-1.49475429,-4.3286668,-41.062839,True,True
NGC 6624,-76.4,270.889625,-38.2597864,7.69844317,-6.21807187,-7.8987554,-0.544164392,-0.825935242,-1.05654364,0.989082357,1.44726237,-49.2339622,85.7467452,-15.7655776,-1.45189919,-4.37592563,-40.7152686,True,True
NGC 6624,-76.5,270.831669,-38.3038862,7.70411004,-6.279111,-7.87981204,-0.539117188,-0.834662742,-1.05481227,0.993634357,1.44911634,-49.4677938,84.9251266,-18.0919053,-1.40954287,-4.42327106,-40.3665758,True,True
NGC 6624,-76.6,270.772145,-38.3464846,7.70976733,-6.33940503,-7.85912403,-0.534046244,-0.843305673,-1.05284326,0.998183274,1.4508097,-49.6982445,84.0929282,-20.4127367,-1.36768249,-4.4707069,-40.0170501,True,True
NGC 6624,-76.7,270.711066,-38.3875782,7.71541464,-6.39894747,-7.83669997,-0.528951901,-0.851862954,-1.05063718,1.00272659,1.45234262,-49.9253973,83.2501657,-22.7281862,-1.32631524,-4.518237,-39.6669771,True,True
NGC 6624,-76.8,270.648446,-38.4271634,7.72105158,-6.4577319,-7.81254835,-0.523834492,-0.860333505,-1.04819456,1.00726179,1.45371529,-50.1493334,82.3968503,-25.0383676,-1.28543841,-4.56586525,-39.3166389,True,True
NGC 6624,-76.9,270.584298,-38.4652365,7.72667778,-6.51575196,-7.78667752,-0.518694341,-0.868716247,-1.04551595,1.01178641,1.45492795,-50.3701315,81.5329893,-27.3433937,-1.24504937,-4.61359557,-38.9663138,True,True
NGC 6624,-77,270.518637,-38.5017939,7.73229292,-6.57300131,-7.75909566,-0.513531767,-0.877010101,-1.04260185,1.01629798,1.45598084,-50.5878682,80.6585859,-29.6433765,-1.20514554,-4.66143188,-38.6162767,True,True
NGC 6624,-77.1,270.451476,-38.5368317,7.73789668,-6.62947368,-7.72981087,-0.508347078,-0.885213991,-1.03945279,1.02079408,1.45687428,-50.8026181,79.7736391,-31.9384266,-1.16572444,-4.70937815,-38.2667995,True,True
NGC 6624,-77.2,270.382829,-38.5703461,7.74348878,-6.68516283,-7.69883106,-0.503140575,-0.893326836,-1.03606925,1.02527229,1.45760858,-51.014454,78.8781439,-34.2286536,-1.12678367,-4.75743835,-37.9181508,True,True
NGC 6624,-77.3,270.31271,-38.6023331,7.74906897,-6.74006254,-7.66616403,-0.497912554,-0.901347558,-1.03245173,1.02973022,1.45818412,-51.2234464,77.9720913,-36.5141658,-1.08832092,-4.80561647,-37.5705963,True,True
NGC 6624,-77.4,270.241134,-38.6327886,7.75463701,-6.79416665,-7.63181746,-0.492663301,-0.909275077,-1.02860071,1.03416551,1.45860129,-51.4296643,77.0554681,-38.7950699,-1.05033396,-4.85391652,-37.224399,True,True
NGC 6624,-77.5,270.168115,-38.6617085,7.76019268,-6.84746902,-7.59579887,-0.487393098,-0.91710831,-1.02451665,1.0385758,1.45886053,-51.6331748,76.1282574,-41.0714709,-1.01282067,-4.90234249,-36.8798192,True,True
NGC 6624,-77.6,270.093667,-38.6890886,7.76573581,-6.8999635,-7.55811567,-0.482102216,-0.924846174,-1.0202,1.04295877,1.45896232,-51.834043,75.1904381,-43.3434725,-0.975778997,-4.95089839,-36.5371149,True,True
NGC 6624,-77.7,270.017804,-38.7149246,7.77126623,-6.95164402,-7.51877514,-0.476790924,-0.932487583,-1.01565122,1.04731212,1.45890715,-52.0323328,74.2419855,-45.611176,-0.93920702,-4.99958823,-36.1965415,True,True
NGC 6624,-77.8,269.940542,-38.739212,7.7767838,-7.00250448,-7.47778442,-0.471459482,-0.940031447,-1.01087073,1.05163357,1.45869558,-52.2281062,73.2828705,-47.8746811,-0.903102901,-5.048416,-35.8583525,True,True
NGC 6624,-77.9,269.861894,-38.7619463,7.78228841,-7.05253881,-7.43515054,-0.466108144,-0.947476675,-1.00585895,1.05592085,1.45832818,-52.4214237,72.3130607,-50.1340852,-0.867464913,-5.0973857,-35.5227992,True,True
NGC 6624,-78,269.781875,-38.7831231,7.78777997,-7.10174095,-7.39088041,-0.460737158,-0.954822171,-1.00061631,1.06017173,1.45780558,-52.6123442,71.3325192,-52.3894833,-0.832291438,-5.14650131,-35.190131,True,True
NGC 6624,-78.1,269.700501,-38.8027375,7.79325841,-7.15010486,-7.34498081,-0.455346767,-0.962066835,-0.995143214,1.06438399,1.45712844,-52.8009254,70.3412058,-54.6409681,-0.797580971,-5.19576678,-34.8605956,True,True
NGC 6624,-78.2,269.617786,-38.820785,7.79872368,-7.19762446,-7.2974584,-0.449937206,-0.969209563,-0.989440048,1.06855541,1.45629745,-52.9872233,69.3390761,-56.8886294,-0.763332125,-5.24518605,-34.5344391,True,True
NGC 6624,-78.3,269.533745,-38.8372605,7.80417575,-7.24429373,-7.24831974,-0.444508707,-0.976249248,-0.983507202,1.07268382,1.45531337,-53.1712928,68.326082,-59.1325544,-0.729543633,-5.29476303,-34.2119059,True,True
NGC 6624,-78.4,269.448393,-38.8521593,7.80961463,-7.29010658,-7.19757127,-0.439061495,-0.983184774,-0.977345056,1.07676706,1.45417697,-53.3531873,67.3021716,-61.372827,-0.696214354,-5.34450161,-33.8932392,True,True
NGC 6624,-78.5,269.361746,-38.8654762,7.81504034,-7.33505698,-7.14521932,-0.433595789,-0.990015024,-0.970953977,1.08080297,1.45288908,-53.532959,66.2672891,-63.6095281,-0.663343276,-5.39440564,-33.5786809,True,True
NGC 6624,-78.6,269.273819,-38.8772062,7.82045291,-7.37913883,-7.09127011,-0.428111804,-0.996738871,-0.964334328,1.08478942,1.45145058,-53.7106589,65.2213751,-65.8427348,-0.630929522,-5.4444789,-33.2684719,True,True
NGC 6624,-78.7,269.184627,-38.8873441,7.82585242,-7.42234605,-7.03572976,-0.422609749,-1.00335518,-0.957486461,1.08872431,1.44986239,-53.8863368,64.1643663,-68.0725206,-0.598972353,-5.49472518,-32.9628519,True,True
NGC 6624,-78.8,269.094185,-38.8958846,7.83123895,-7.46467254,-6.97860432,-0.417089829,-1.00986283,-0.950410723,1.09260553,1.44812548,-54.0600414,63.0961957,-70.2989549,-0.567471179,-5.54514817,-32.6620598,True,True
NGC 6624,-78.9,269.002511,-38.9028224,7.83661261,-7.50611216,-6.91989969,-0.411552242,-1.01626065,-0.943107453,1.09643101,1.44624086,-54.2318203,62.0167926,-72.5221029,-0.536425555,-5.59575153,-32.3663338,True,True
NGC 6624,-79,268.909619,-38.908152,7.84197353,-7.54665877,-6.85962173,-0.405997184,-1.02254751,-0.935576985,1.10019867,1.44420961,-54.4017199,60.9260825,-74.7420251,-0.505835198,-5.64653885,-32.0759115,True,True
NGC 6624,-79.1,268.815526,-38.9118679,7.84732185,-7.58630618,-6.7977762,-0.400424845,-1.02872223,-0.927819646,1.10390647,1.44203286,-54.5697858,59.8239874,-76.958777,-0.475699985,-5.69751365,-31.7910297,True,True
NGC 6624,-79.2,268.720247,-38.9139645,7.85265776,-7.6250482,-6.73436876,-0.394835408,-1.03478366,-0.919835756,1.10755236,1.43971179,-54.7360625,58.7104254,-79.1724087,-0.446019965,-5.74867936,-31.5119252,True,True
NGC 6624,-79.3,268.623799,-38.9144361,7.85798144,-7.66287856,-6.66940501,-0.389229057,-1.04073061,-0.911625634,1.11113431,1.43724763,-54.9005936,57.5853111,-81.3829647,-0.416795365,-5.80003934,-31.238834,True,True
NGC 6624,-79.4,268.526199,-38.913277,7.86329311,-7.699791,-6.60289048,-0.383605965,-1.0465619,-0.903189591,1.11465033,1.43464169,-55.0634216,56.4485555,-83.5904833,-0.388026599,-5.85159686,-30.9719924,True,True
NGC 6624,-79.5,268.427463,-38.9104813,7.86859302,-7.73577919,-6.53483064,-0.377966307,-1.05227634,-0.894527936,1.11809839,1.43189533,-55.2245882,55.300066,-85.7949961,-0.359714276,-5.90335507,-30.7116363,True,True
NGC 6624,-79.6,268.327607,-38.9060432,7.8738814,-7.77083677,-6.46523088,-0.372310249,-1.05787271,-0.885640975,1.12147652,1.42900998,-55.3841345,54.1397464,-87.9965275,-0.331859211,-5.95531703,-30.4580016,True,True
NGC 6624,-79.7,268.22665,-38.8999567,7.87915855,-7.80495733,-6.39409656,-0.366637955,-1.0633498,-0.876529013,1.12478273,1.42598713,-55.5421004,52.9674971,-90.1950944,-0.304462432,-6.00748565,-30.2113245,True,True
NGC 6624,-79.8,268.124607,-38.8922157,7.88442477,-7.83813441,-6.32143297,-0.360949585,-1.0687064,-0.867192351,1.12801506,1.42282836,-55.6985251,51.7832151,-92.3907052,-0.277525197,-6.05986374,-29.9718412,True,True
NGC 6624,-79.9,268.021496,-38.8828143,7.88968037,-7.8703615,-6.2472454,-0.355245295,-1.07394126,-0.857631293,1.13117153,1.4195353,-55.8534472,50.5867939,-94.5833594,-0.251049001,-6.11245393,-29.7397882,True,True
NGC 6624,-80,267.917335,-38.8717462,7.89492569,-7.90163204,-6.17153906,-0.349525235,-1.07905313,-0.847846141,1.13425021,1.41610968,-56.0069043,49.3781236,-96.7730467,-0.225035593,-6.16525871,-29.5154025,True,True
NGC 6624,-80.1,267.812142,-38.8590052,7.90016111,-7.9319394,-6.09431919,-0.343789555,-1.08404076,-0.8378372,1.13724915,1.41255329,-56.1589334,48.1570913,-98.9597465,-0.199486991,-6.21828039,-29.2989215,True,True
NGC 6624,-80.2,267.705933,-38.8445852,7.90538701,-7.96127691,-6.01559098,-0.338038398,-1.08890287,-0.827604777,1.1401664,1.40886802,-56.3095707,46.9235808,-101.143427,-0.174405493,-6.2715211,-29.0905832,True,True
NGC 6624,-80.3,267.598728,-38.8284798,7.91060378,-7.9896378,-5.93535963,-0.332271905,-1.09363819,-0.817149183,1.14300005,1.40505583,-56.4588518,45.6774728,-103.324043,-0.149793702,-6.32498273,-28.8906262,True,True
NGC 6624,-80.4,267.490544,-38.8106827,7.91581186,-8.01701528,-5.85363034,-0.326490212,-1.09824542,-0.806470733,1.14574817,1.4011188,-56.6068116,44.4186451,-105.501537,-0.125654539,-6.37866697,-28.6992896,True,True
NGC 6624,-80.5,267.3814,-38.7911877,7.9210117,-8.04340246,-5.77040834,-0.320693453,-1.10272325,-0.795569751,1.14840884,1.39705908,-56.7534842,43.1469726,-107.675837,-0.101991266,-6.43257526,-28.5168135,True,True
NGC 6624,-80.6,267.271315,-38.7699882,7.92620377,-8.06879239,-5.6856989,-0.314881759,-1.10707036,-0.784446567,1.15098015,1.39287893,-56.8989033,41.8623275,-109.846855,-0.0788075125,-6.48670876,-28.3434388,True,True
NGC 6624,-80.7,267.160308,-38.747078,7.93138855,-8.09317805,-5.5995073,-0.309055255,-1.11128543,-0.773101523,1.15346021,1.38858072,-57.0431017,40.5645796,-112.014486,-0.0561072949,-6.54106834,-28.1794071,True,True
NGC 6624,-80.8,267.048398,-38.7224506,7.93656656,-8.11655234,-5.51183891,-0.303214065,-1.11536709,-0.761534971,1.1558471,1.38416691,-57.1861117,39.2535961,-114.178605,-0.0338950482,-6.59565453,-28.0249609,True,True
NGC 6624,-80.9,266.935605,-38.6960996,7.94173833,-8.13890809,-5.42269916,-0.297358308,-1.119314,-0.749747278,1.15813893,1.37964009,-57.3279649,37.9292422,-116.339069,-0.0121756566,-6.65046751,-27.8803439,True,True
NGC 6624,-81,266.821949,-38.6680188,7.94690442,-8.16023804,-5.33209359,-0.291488102,-1.12312477,-0.737738826,1.16033381,1.37500296,-57.4686925,36.5913813,-118.49571,0.00904551314,-6.70550707,-27.7458004,True,True
NGC 6624,-81.1,266.707449,-38.6382017,7.9520654,-8.18053487,-5.24002781,-0.285603559,-1.12679802,-0.725510014,1.16242986,1.37025835,-57.6083247,35.2398747,-120.648339,0.029762574,-6.76077258,-27.621576,True,True
NGC 6624,-81.2,266.592127,-38.606642,7.95722188,-8.19979115,-5.14650761,-0.279704791,-1.13033235,-0.713061265,1.16442517,1.36540923,-57.7468913,33.8745828,-122.796736,0.0499690773,-6.81626292,-27.507917,True,True
NGC 6624,-81.3,266.476002,-38.5733335,7.96237446,-8.2179994,-5.05153888,-0.273791905,-1.13372634,-0.700393023,1.16631789,1.36045867,-57.8844214,32.4953647,-124.940656,0.0696579666,-6.87197648,-27.4050707,True,True
NGC 6624,-81.4,266.359097,-38.53827,7.96752379,-8.23515202,-4.95512772,-0.267865005,-1.13697855,-0.687505761,1.16810611,1.35540992,-58.0209434,31.1020787,-127.079819,0.0888215261,-6.92791104,-27.3132855,True,True
NGC 6624,-81.5,266.241432,-38.5014454,7.97267055,-8.25124137,-4.85728041,-0.261924193,-1.14008755,-0.67439998,1.16978797,1.35026635,-58.1564851,29.6945831,-129.213912,0.107451324,-6.98406381,-27.2328104,True,True
NGC 6624,-81.6,266.12303,-38.4628536,7.9778154,-8.26625968,-4.75800348,-0.255969569,-1.14305186,-0.661076218,1.17136159,1.3450315,-58.2910736,28.2727362,-131.342581,0.125538148,-7.04043125,-27.1638954,True,True
NGC 6624,-81.7,266.003914,-38.4224888,7.98295905,-8.28019912,-4.65730369,-0.250001227,-1.14587003,-0.647535048,1.17282511,1.33970906,-58.4247352,26.836397,-133.465431,0.143071935,-7.09700911,-27.1067908,True,True
NGC 6624,-81.8,265.884105,-38.3803452,7.98810224,-8.29305179,-4.5551881,-0.244019262,-1.14854055,-0.633777088,1.17417664,1.33430288,-58.5574954,25.3854259,-135.58202,0.160041695,-7.15379228,-27.0617478,True,True
NGC 6624,-81.9,265.763627,-38.3364172,7.99324572,-8.30480967,-4.45166412,-0.238023764,-1.15106192,-0.619803002,1.17541433,1.328817,-58.6893789,23.9196852,-137.691853,0.176435416,-7.21077472,-27.0290178,True,True
NGC 6624,-82,265.642504,-38.2906995,7.99839025,-8.3154647,-4.3467395,-0.232014822,-1.15343263,-0.60561351,1.17653632,1.32325562,-58.8204097,22.4390398,-139.794379,0.192239972,-7.26794938,-27.0088524,True,True
NGC 6624,-82.1,265.520761,-38.2431869,8.00353663,-8.3250087,-4.24042242,-0.225992523,-1.15565114,-0.59120939,1.17754074,1.31762313,-58.9506107,20.9433581,-141.888982,0.207441006,-7.32530806,-27.0015031,True,True
NGC 6624,-82.2,265.398422,-38.1938744,8.00868567,-8.33343344,-4.13272152,-0.219956949,-1.15771592,-0.576591486,1.17842573,1.31192414,-59.0800038,19.4325131,-143.974975,0.222022809,-7.38284131,-27.0072208,True,True
NGC 6624,-82.3,265.275513,-38.1427575,8.01383822,-8.34073061,-4.02364596,-0.213908182,-1.15962539,-0.561760718,1.17918945,1.30616342,-59.20861,17.906383,-146.051596,0.235968174,-7.4405383,-27.0262559,True,True
NGC 6624,-82.4,265.152061,-38.0898318,8.01899513,-8.34689183,-3.91320547,-0.207846302,-1.16137801,-0.546718086,1.17983006,1.30034596,-59.3364488,16.3648526,-148.117992,0.249258244,-7.49838662,-27.0588574,True,True
NGC 6624,-82.5,265.028091,-38.0350935,8.02415727,-8.35190866,-3.80141045,-0.201771386,-1.16297217,-0.531464683,1.1803457,1.29447699,-59.4635389,14.8078146,-150.173216,0.261872328,-7.55637217,-27.1052728,True,True
NGC 6624,-82.6,264.903633,-37.9785391,8.02932556,-8.35577259,-3.688272,-0.19568351,-1.1644063,-0.516001707,1.18073455,1.28856192,-59.589897,13.2351711,-152.216211,0.273787701,-7.6144789,-27.1657468,True,True
NGC 6624,-82.7,264.778715,-37.9201656,8.03450091,-8.35847507,-3.57380202,-0.189582748,-1.16567879,-0.500330466,1.18099478,1.28260642,-59.7155389,11.6468347,-154.2458,0.284979373,-7.67268865,-27.2405216,True,True
NGC 6624,-82.8,264.653367,-37.8599706,8.03968427,-8.36000749,-3.45801333,-0.183469172,-1.16678804,-0.484452398,1.18112457,1.27661638,-59.8404781,10.0427311,-156.260672,0.295419832,-7.73098085,-27.329835,True,True
NGC 6624,-82.9,264.527618,-37.7979523,8.04487659,-8.36036124,-3.34091971,-0.177342854,-1.16773242,-0.46836908,1.18112213,1.27059792,-59.9647268,8.42280004,-158.259363,0.305078753,-7.78933229,-27.4339204,True,True
NGC 6624,-83,264.401503,-37.7341095,8.05007886,-8.35952765,-3.2225361,-0.171203864,-1.16851031,-0.452082249,1.18098566,1.26455742,-60.0882946,6.78699845,-160.240243,0.313922665,-7.84771677,-27.5530047,True,True
NGC 6624,-83.1,264.275052,-37.6684419,8.05529208,-8.35749805,-3.10287865,-0.165052271,-1.1691201,-0.43559382,1.18071337,1.25850151,-60.2111892,5.13530228,-162.201489,0.321914577,-7.90610476,-27.6873077,True,True
NGC 6624,-83.2,264.148301,-37.6009501,8.06051726,-8.3542638,-2.98196491,-0.158888144,-1.16956016,-0.418905901,1.18030352,1.25243705,-60.3334157,3.46770937,-164.141068,0.329013558,-7.96446301,-27.83704,True,True
NGC 6624,-83.3,264.021286,-37.5316356,8.06575544,-8.34981625,-2.85981398,-0.15271155,-1.16982886,-0.402020822,1.17975437,1.24637118,-60.4549763,1.78424244,-166.056709,0.335174269,-8.02275411,-28.0024015,True,True
NGC 6624,-83.4,263.894045,-37.4605011,8.07100768,-8.34414679,-2.73644667,-0.146522559,-1.16992457,-0.38494116,1.17906419,1.24031128,-60.5758702,0.084952311,-167.94587,0.340346425,-8.08093597,-28.183579,True,True
NGC 6624,-83.5,263.766617,-37.3875506,8.07627503,-8.3372469,-2.61188574,-0.140321237,-1.1698457,-0.367669764,1.1782313,1.23426499,-60.6960933,-1.6300784,-169.805714,0.344474206,-8.1389613,-28.3807437,True,True
NGC 6624,-83.6,263.639043,-37.3127893,8.08155858,-8.32910811,-2.4861561,-0.134107655,-1.16959062,-0.350209793,1.17725404,1.2282402,-60.8156378,-3.36073132,-171.633064,0.3474956,-8.19677698,-28.5940482,True,True
NGC 6624,-83.7,263.511367,-37.2362242,8.08685941,-8.31972208,-2.35928508,-0.127881882,-1.16915776,-0.332564747,1.17613079,1.22224504,-60.9344916,-5.10684795,-173.424369,0.349341701,-8.25432338,-28.8236231,True,True
NGC 6624,-83.8,263.383635,-37.157864,8.09217862,-8.30908061,-2.23130267,-0.12164399,-1.16854553,-0.314738514,1.17485996,1.2162879,-61.0526383,-6.86822496,-175.175663,0.349935939,-8.31153369,-29.0695729,True,True
NGC 6624,-83.9,263.255897,-37.0777193,8.09751732,-8.29717567,-2.1022419,-0.115394052,-1.1677524,-0.296735406,1.17344001,1.21037736,-61.1700568,-8.64460909,-176.882513,0.349193273,-8.36833308,-29.3319713,True,True
NGC 6624,-84,263.128204,-36.9958032,8.1028766,-8.28399944,-1.9721391,-0.109132144,-1.16677684,-0.278560217,1.17186946,1.20452224,-61.2867206,-10.4356916,-178.53998,0.347019363,-8.42463795,-29.6108554,False,False
NGC 6624,-84.1,263.000612,-36.9121308,8.10825757,-8.26954436,-1.84103435,-0.102858344,-1.16561737,-0.260218274,1.17014687,1.19873152,-61.4025978,-12.2411022,-180.142569,0.34330982,-8.48035513,-29.9062199,False,False
NGC 6624,-84.2,262.873179,-36.8267205,8.11366133,-8.25380315,-1.70897184,-0.0965727349,-1.16427254,-0.241715496,1.16827088,1.19301435,-61.5176503,-14.0604032,-181.684188,0.337949496,-8.53538112,-30.2180094,False,False
NGC 6624,-84.3,262.745969,-36.7395934,8.11908897,-8.2367689,-1.57600031,-0.0902754035,-1.16274097,-0.223058455,1.1662402,1.18738001,-61.631834,-15.8930831,-183.158116,0.330812007,-8.58960149,-30.5461101,False,False
NGC 6624,-84.4,262.619049,-36.6507741,8.12454154,-8.21843509,-1.44217352,-0.083966441,-1.1610213,-0.204254448,1.16405362,1.18183785,-61.7450982,-17.7385497,-184.55698,0.32175957,-8.64289041,-30.890341,False,False
NGC 6624,-84.5,262.492492,-36.5602908,8.1300201,-8.19879565,-1.30755065,-0.0776459442,-1.15911227,-0.185311553,1.16171001,1.17639726,-61.8573856,-19.5961246,-185.872767,0.310643364,-8.69511067,-31.2504434,False,False
NGC 6624,-84.6,262.366374,-36.4681758,8.13552566,-8.17784506,-1.17219679,-0.0713140163,-1.15701267,-0.166238705,1.15920836,1.1710676,-61.9686322,-21.4650366,-187.096855,0.297304603,-8.74611402,-31.6260704,False,False
NGC 6624,-84.7,262.240779,-36.3744657,8.14105918,-8.15557836,-1.0361833,-0.0649707673,-1.1547214,-0.147045744,1.15654776,1.16585812,-62.0787673,-23.3444175,-188.220105,0.281576604,-8.79574242,-32.0167757,False,False
NGC 6624,-84.8,262.115795,-36.2792017,8.14662158,-8.13199126,-0.899588106,-0.0586163147,-1.15223743,-0.127743468,1.15372742,1.16077791,-62.1877143,-25.2332977,-189.233,0.263288073,-8.84383001,-32.4220037,False,False
NGC 6624,-84.9,261.991516,-36.1824295,8.15221371,-8.1070802,-0.762495879,-0.0522507842,-1.14955983,-0.108343658,1.15074669,1.15583576,-62.2953907,-27.1306051,-190.125867,0.242267853,-8.89020629,-32.8410804,False,False
NGC 6624,-85,261.868041,-36.0841999,8.15783636,-8.08084241,-0.624998028,-0.0458743102,-1.14668782,-0.0888590788,1.14760507,1.15104011,-62.4017091,-29.0351654,-190.889164,0.218351187,-8.93470037,-33.2732079,False,False
NGC 6624,-85.1,261.745475,-35.9845683,8.1634902,-8.05327599,-0.487192441,-0.0394870362,-1.1436207,-0.0693034505,1.14430221,1.14639893,-62.5065778,-30.9457062,-191.513845,0.191387382,-8.97714646,-33.7174626,False,False
NGC 6624,-85.2,261.623926,-35.8835946,8.16917583,-8.02438,-0.349182964,-0.0330891153,-1.14035795,-0.0496913754,1.14083791,1.1419196,-62.6099025,-32.8608646,-191.991773,0.161248452,-9.01739017,-34.1728002,False,False
NGC 6624,-85.3,261.503508,-35.781343,8.17489372,-7.99415445,-0.211078556,-0.0266807103,-1.13689916,-0.0300382228,1.13721218,1.13760883,-62.711587,-34.7791982,-192.316157,0.12783795,-9.05529515,-34.6380672,False,False
NGC 6624,-85.4,261.384335,-35.6778811,8.18064424,-7.96260041,-0.0729921541,-0.020261994,-1.13324407,-0.0103599693,1.1334252,1.13347254,-62.8115343,-36.6992006,-192.481955,0.0910989931,-9.09074952,-35.1120203,False,False
NGC 6624,-85.5,261.266522,-35.5732793,8.18642761,-7.92972004,0.0649607102,-0.0138331488,-1.12939261,0.00932699483,1.12947732,1.12951583,-62.9096483,-38.6193191,-192.486185,0.0510202978,-9.12367103,-35.5933527,False,False
NGC 6624,-85.6,261.150184,-35.46761,8.19224393,-7.89551657,0.202663484,-0.00739436717,-1.12534483,0.0290060881,1.12536913,1.12574288,-63.0058342,-40.5379761,-192.328121,0.00763926336,-9.15401042,-36.080725,False,False
NGC 6624,-85.7,261.035432,-35.3609464,8.19809316,-7.85999436,0.340000253,-0.000945851055,-1.12110098,0.0486607736,1.12110137,1.12215692,-63.0999994,-42.4535897,-192.009303,-0.0389584992,-9.18175232,-36.5727986,False,False
NGC 6624,-85.8,260.922376,-35.2533619,8.20397514,-7.82315886,0.476857296,0.00551218826,-1.11666143,0.0682747809,1.11667503,1.11876029,-63.1920537,-44.3645951,-191.533396,-0.0886431178,-9.20691384,-37.0682679,False,False
NGC 6624,-85.9,260.811116,-35.1449291,8.20988956,-7.78501659,0.613124524,0.0119795304,-1.11202674,0.0878323112,1.11209127,1.11555435,-63.2819097,-46.2694637,-190.905907,-0.141247336,-9.22954084,-37.565888,False,False
NGC 6624,-86,260.701748,-35.0357189,8.21583601,-7.74557513,0.748696656,0.0184559462,-1.10719762,0.107318208,1.10735143,1.11253961,-63.3694825,-48.1667195,-190.1338,-0.196575233,-9.24970295,-38.064497,False,False
NGC 6624,-86.1,260.594362,-34.9258003,8.22181398,-7.70484304,0.883474102,0.0249411979,-1.10217491,0.126718084,1.10245707,1.10971576,-63.4546892,-50.0549522,-189.225082,-0.254411646,-9.26748764,-38.56303,False,False
NGC 6624,-86.2,260.489037,-34.8152395,8.22782284,-7.66282984,1.01736353,0.0314350393,-1.09695961,0.146018404,1.09740993,1.10708172,-63.5374487,-51.9328261,-188.188386,-0.314531223,-9.28299449,-39.0605265,False,False
NGC 6624,-86.3,260.385845,-34.7041001,8.23386189,-7.61954593,1.15027818,0.0379372161,-1.09155284,0.165206535,1.0922119,1.1046357,-63.6176812,-53.799087,-187.032612,-0.376706343,-9.29632987,-39.5561319,False,False
NGC 6624,-86.4,260.284852,-34.5924425,8.23993034,-7.57500254,1.2821379,0.0444474657,-1.08595585,0.184270752,1.08686507,1.10237534,-63.6953074,-55.6525641,-185.766623,-0.4407135,-9.30760259,-40.0490936,False,False
NGC 6624,-86.5,260.186113,-34.4803245,8.24602735,-7.52921167,1.41286906,0.0509655177,-1.08017,0.203200228,1.08137168,1.10029771,-63.7702484,-57.4921717,-184.399024,-0.506338028,-9.3169205,-40.5387547,False,False
NGC 6624,-86.6,260.089678,-34.3678007,8.25215202,-7.48218601,1.54240423,0.0574910933,-1.07419677,0.221984993,1.07573413,1.09839941,-63.8424253,-59.316907,-182.938002,-0.573377292,-9.32438804,-41.0245452,False,False
NGC 6624,-86.7,259.99559,-34.254923,8.25830339,-7.4339389,1.67068186,0.0640239057,-1.06803772,0.240615889,1.06995496,1.09667663,-63.9117586,-61.125848,-181.391231,-0.641642559,-9.33010467,-41.5059726,False,False
NGC 6624,-86.8,259.903884,-34.1417405,8.26448048,-7.38448429,1.79764589,0.0705636602,-1.06169451,0.259084516,1.06403687,1.09512522,-63.9781686,-62.9181497,-179.765822,-0.710959861,-9.33416394,-41.9826128,False,False
NGC 6624,-86.9,259.814592,-34.0283,8.27068227,-7.33383663,1.92324529,0.0771100536,-1.05516888,0.277383171,1.05798267,1.09374071,-64.0415747,-64.6930401,-178.06831,-0.781170093,-9.33665307,-42.4541008,False,False
NGC 6624,-87,259.727738,-33.914646,8.2769077,-7.28201089,2.04743365,0.0836627745,-1.04846265,0.295504788,1.05179532,1.09251841,-64.1018957,-66.4498156,-176.304658,-0.852128594,-9.33765292,-42.9201231,False,False
NGC 6624,-87.1,259.643344,-33.8008207,8.28315571,-7.22902243,2.17016878,0.0902215033,-1.04157771,0.313442885,1.0454779,1.09145339,-64.1590494,-68.1878366,-174.480291,-0.923704405,-9.33723814,-43.3804099,False,False
NGC 6624,-87.2,259.561424,-33.6868643,8.28942521,-7.17488705,2.29141232,0.0967859118,-1.03451601,0.331191509,1.03903363,1.09054055,-64.2129531,-69.9065231,-172.600124,-0.995779332,-9.33547756,-43.8347292,False,False
NGC 6624,-87.3,259.481991,-33.5728154,8.2957151,-7.11962086,2.41112936,0.103355663,-1.02727954,0.348745184,1.03246581,1.08977468,-64.2635235,-71.6053502,-170.668605,-1.06824693,-9.33243454,-44.282881,False,False
NGC 6624,-87.4,259.405055,-33.4587108,8.30202425,-7.06324031,2.52928815,0.109930413,-1.01987037,0.366098868,1.02577788,1.08915042,-64.3106763,-73.283844,-168.689756,-1.14101147,-9.3281675,-44.7246925,False,False
NGC 6624,-87.5,259.330621,-33.3445856,8.30835156,-7.00576211,2.64585977,0.116509806,-1.01229059,0.383247908,1.01897339,1.08866236,-64.354327,-74.9415777,-166.667213,-1.21398692,-9.32273029,-45.1600146,False,False
NGC 6624,-87.6,259.258692,-33.2304736,8.3146959,-6.94720323,2.76081785,0.123093481,-1.00454235,0.400188008,1.012056,1.08830501,-64.3943905,-76.5781679,-164.604263,-1.28709603,-9.3161727,-45.5887176,False,False
NGC 6624,-87.7,259.189268,-33.1164074,8.32105613,-6.88758084,2.87413838,0.129681066,-0.996627839,0.416915189,1.00502947,1.08807284,-64.4307812,-78.1932712,-162.503884,-1.36026941,-9.30854084,-46.0106893,False,False
NGC 6624,-87.8,259.122347,-33.002418,8.32743113,-6.8269123,2.98579944,0.136272182,-0.988549256,0.433425764,0.997897659,1.08796031,-64.4634131,-79.7865807,-160.368773,-1.43344476,-9.29987749,-46.4258316,False,False
NGC 6624,-87.9,259.057927,-32.8885356,8.33381975,-6.76521516,3.09578104,0.142866439,-0.98030885,0.449716308,0.990664555,1.08796186,-64.4922001,-81.3578236,-158.201378,-1.5065661,-9.2902225,-46.8340592,False,False
NGC 6624,-88,258.996001,-32.7747892,8.34022087,-6.70250707,3.20406492,0.149463439,-0.971908889,0.465783634,0.98333423,1.08807197,-64.5170557,-82.9067577,-156.003925,-1.57958317,-9.27961304,-47.2352973,False,False
NGC 6624,-88.1,258.936562,-32.6612067,8.34663335,-6.63880584,3.31063442,0.156062777,-0.963351667,0.481624775,0.97591087,1.0882851,-64.5378933,-84.4331696,-153.778439,-1.65245079,-9.26808391,-47.6294801,False,False
NGC 6624,-88.2,258.879602,-32.5478152,8.35305607,-6.57412933,3.4154743,0.162664037,-0.954639497,0.497236958,0.96839876,1.08859577,-64.5546261,-85.9368721,-151.526771,-1.72512838,-9.25566776,-48.0165499,False,False
NGC 6624,-88.3,258.825111,-32.4346408,8.35948789,-6.50849554,3.51857068,0.169266795,-0.94577471,0.512617594,0.960802295,1.08899855,-64.5671673,-87.4177016,-149.250608,-1.79757947,-9.24239532,-48.3964556,False,False
NGC 6624,-88.4,258.773079,-32.3217088,8.36592769,-6.44192249,3.61991088,0.175870617,-0.936759653,0.527764259,0.953125973,1.08948806,-64.5754298,-88.875517,-146.9515,-1.86977129,-9.22829556,-48.7691521,False,False
NGC 6624,-88.5,258.723493,-32.2090437,8.37237436,-6.37442828,3.7194833,0.182475061,-0.927596685,0.542674678,0.9453744,1.09005897,-64.5793266,-90.3101969,-144.630866,-1.94167437,-9.2133959,-49.1345992,False,False
NGC 6624,-88.6,258.676341,-32.0966694,8.37882678,-6.30603102,3.81727742,0.189079677,-0.918288177,0.557346718,0.937552293,1.09070604,-64.5787707,-91.7216389,-142.290011,-2.0132623,-9.19772232,-49.4927611,False,False
NGC 6624,-88.7,258.631608,-31.9846087,8.38528384,-6.23674887,3.91328361,0.195684005,-0.908836512,0.571778374,0.929664475,1.09142409,-64.573675,-93.1097571,-139.930138,-2.08451133,-9.1812995,-49.8436056,False,False
NGC 6624,-88.8,258.589282,-31.8728841,8.39174444,-6.1666,4.00749313,0.202287576,-0.899244079,0.585967759,0.921715887,1.09220803,-64.5639523,-94.4744816,-137.552357,-2.15540019,-9.16415094,-50.187104,False,False
NGC 6624,-88.9,258.549346,-31.7615173,8.39820748,-6.09560256,4.09989805,0.208889913,-0.889513272,0.599913093,0.913711582,1.09305287,-64.5495154,-95.8157563,-135.157694,-2.2259098,-9.14629904,-50.52323,False,False
NGC 6624,-89,258.511787,-31.6505293,8.40467186,-6.02377472,4.19049116,0.215490528,-0.879646492,0.613612699,0.905656733,1.09395368,-64.5302774,-97.1335385,-132.747101,-2.29602311,-9.12776523,-50.85196,False,False
NGC 6624,-89.1,258.476587,-31.5399407,8.4111365,-5.95113461,4.27926596,0.222088926,-0.869646143,0.627064995,0.897556631,1.09490566,-64.5061509,-98.4277973,-130.32146,-2.36572489,-9.10857,-51.1732723,False,False
NGC 6624,-89.2,258.44373,-31.4297714,8.41760032,-5.87770036,4.36621657,0.228684603,-0.859514633,0.640268483,0.889416692,1.09590409,-64.4770488,-99.6985126,-127.881592,-2.43500157,-9.08873299,-51.4871471,False,False
NGC 6624,-89.3,258.413201,-31.3200407,8.42406224,-5.80349005,4.45133773,0.235277046,-0.84925437,0.653221748,0.88124246,1.09694436,-64.442884,-100.945674,-125.428262,-2.50384107,-9.06827306,-51.7935658,False,False
NGC 6624,-89.4,258.384981,-31.2107674,8.43052121,-5.72852172,4.5346247,0.241865732,-0.838867762,0.66592345,0.873039607,1.09802195,-64.403569,-102.169282,-122.962184,-2.5722327,-9.04720834,-52.0925114,False,False
NGC 6624,-89.5,258.359054,-31.10197,8.43697615,-5.65281338,4.61607329,0.24845013,-0.828357219,0.67837232,0.864813939,1.09913246,-64.3590168,-103.369343,-120.484024,-2.64016702,-9.02555627,-52.3839678,False,False
NGC 6624,-89.6,258.335402,-30.9936663,8.44342601,-5.57638298,4.69567977,0.2550297,-0.817725148,0.690567155,0.856571401,1.10027159,-64.3091399,-104.545871,-117.994408,-2.70763574,-9.00333367,-52.6679199,False,False
NGC 6624,-89.7,258.314008,-30.8858735,8.44986975,-5.49924841,4.77344088,0.261603893,-0.806973954,0.702506813,0.848318076,1.10143515,-64.2538509,-105.69889,-115.493921,-2.77463161,-8.98055673,-52.9443531,False,False
NGC 6624,-89.8,258.294854,-30.7786087,8.45630632,-5.42142749,4.84935376,0.268172152,-0.79610604,0.714190211,0.840060194,1.10261906,-64.1930625,-106.828427,-112.983114,-2.84114834,-8.95724111,-53.2132538,False,False
NGC 6624,-89.9,258.277922,-30.6718882,8.46273469,-5.342938,4.92341597,0.274733908,-0.785123807,0.72561632,0.831804131,1.10381935,-64.1266869,-107.934516,-110.462506,-2.90718052,-8.9334019,-53.4746086,False,False
NGC 6624,-90,258.263194,-30.5657283,8.46915383,-5.26379763,4.99562542,0.281288587,-0.77402965,0.736784163,0.823556414,1.10503216,-64.0546367,-109.017196,-107.932583,-2.97272352,-8.90905372,-53.7284046,False,False
NGC 6624,-90.1,258.250651,-30.4601444,8.47556272,-5.18402399,5.06598038,0.287835603,-0.762825961,0.747692812,0.815323727,1.10625373,-63.9768241,-110.076512,-105.393808,-3.03777349,-8.88421071,-53.9746291,False,False
NGC 6624,-90.2,258.240277,-30.3551518,8.48196035,-5.10363464,5.13447946,0.294374362,-0.751515127,0.758341382,0.807112911,1.10748043,-63.8931611,-111.112511,-102.846615,-3.10232722,-8.85888655,-54.2132699,False,False
NGC 6624,-90.3,258.232052,-30.2507654,8.4883457,-5.02264703,5.20112157,0.300904263,-0.74009953,0.768729036,0.798930967,1.10870872,-63.8035599,-112.125244,-100.291416,-3.16638214,-8.83309448,-54.4443146,False,False
NGC 6624,-90.4,258.225959,-30.1469996,8.49471777,-4.94107854,5.2659059,0.307424692,-0.728581548,0.778854973,0.790785061,1.10993517,-63.7079324,-113.114768,-97.7286036,-3.22993626,-8.80684736,-54.6677511,False,False
NGC 6624,-90.5,258.221979,-30.0438686,8.50107557,-4.85894645,5.32883193,0.31393503,-0.71696355,0.788718435,0.782682525,1.11115647,-63.6061903,-114.081141,-95.1585474,-3.29298809,-8.78015763,-54.8835673,False,False
NGC 6624,-90.6,258.220095,-29.941386,8.50741811,-4.77626799,5.3898994,0.320434646,-0.705247901,0.798318699,0.774630856,1.11236941,-63.4982451,-115.024424,-92.5816005,-3.35553664,-8.75303738,-55.0917509,False,False
NGC 6624,-90.7,258.220288,-29.8395654,8.51374441,-4.69306024,5.4491083,0.326922901,-0.693436959,0.807655077,0.766637724,1.11357089,-63.3840084,-115.944681,-89.9980984,-3.41758138,-8.72549833,-55.2922897,False,False
NGC 6624,-90.8,258.222541,-29.7384199,8.52005348,-4.60934023,5.50645882,0.333399148,-0.681533076,0.816726916,0.758710963,1.1147579,-63.2633914,-116.841977,-87.4083611,-3.47912215,-8.69755185,-55.4851715,False,False
NGC 6624,-90.9,258.226835,-29.637962,8.52634436,-4.52512488,5.56195142,0.339862729,-0.669538597,0.825533594,0.75085858,1.11592756,-63.1363052,-117.716381,-84.8126939,-3.54015921,-8.669209,-55.6703838,False,False
NGC 6624,-91,258.233154,-29.5382044,8.53261608,-4.44043101,5.61558672,0.346312978,-0.657455859,0.834074519,0.743088747,1.11707707,-63.0026607,-118.567961,-82.2113885,-3.60069314,-8.64048051,-55.8479139,False,False
NGC 6624,-91.1,258.241478,-29.4391592,8.53886769,-4.35527534,5.66736557,0.352749219,-0.645287194,0.842349129,0.7354098,1.11820375,-62.8623687,-119.396789,-79.6047242,-3.66072486,-8.61137681,-56.0177491,False,False
NGC 6624,-91.2,258.251791,-29.3408382,8.54509823,-4.26967451,5.71728899,0.35917077,-0.633034923,0.850356889,0.727830238,1.11930501,-62.7153397,-120.202936,-76.9929682,-3.72025557,-8.58190803,-56.1798762,False,False
NGC 6624,-91.3,258.264075,-29.243253,8.55130675,-4.18364502,5.76535818,0.365576935,-0.620701363,0.858097293,0.720358715,1.12037835,-62.561484,-120.986477,-74.376377,-3.77928674,-8.55208402,-56.3342822,False,False
NGC 6624,-91.4,258.278313,-29.1464149,8.55749231,-4.09720331,5.81157451,0.371967012,-0.608288823,0.865569858,0.713004032,1.12142139,-62.4007118,-121.747484,-71.7551969,-3.8378201,-8.52191437,-56.4809534,False,False
NGC 6624,-91.5,258.294488,-29.0503348,8.56365397,-4.01036567,5.85593951,0.378340289,-0.595799602,0.872774127,0.705775135,1.12243183,-62.2329329,-122.486034,-69.1296647,-3.89585761,-8.49140838,-56.6198762,False,False
NGC 6624,-91.6,258.312582,-28.9550237,8.56979081,-3.92314833,5.89845486,0.384696046,-0.583235994,0.879709667,0.698681095,1.12340748,-62.0580572,-123.202201,-66.5000084,-3.95340144,-8.46057512,-56.7510365,False,False
NGC 6624,-91.7,258.332579,-28.8604918,8.5759019,-3.83556738,5.93912237,0.39103355,-0.570600285,0.886376068,0.691731106,1.12434623,-61.8759941,-123.896061,-63.8664474,-4.01045395,-8.4294234,-56.8744201,False,False
NGC 6624,-91.8,258.354462,-28.7667496,8.58198632,-3.74763882,5.977944,0.397352064,-0.557894751,0.89277294,0.684934461,1.12524608,-61.6866528,-124.56769,-61.2291939,-4.06701768,-8.3979618,-56.9900124,False,False
NGC 6624,-91.9,258.378214,-28.6738069,8.58804315,-3.65937854,6.01492183,0.403650837,-0.545121662,0.898899917,0.678300541,1.1261051,-61.4899425,-125.217165,-58.5884524,-4.12309533,-8.36619866,-57.0977985,False,False
NGC 6624,-92,258.403819,-28.5816737,8.59407149,-3.57080232,6.05005809,0.409929112,-0.53228328,0.904756652,0.671838795,1.12692146,-61.2857719,-125.844563,-55.9444209,-4.17868976,-8.33414209,-57.1977633,False,False
NGC 6624,-92.1,258.431261,-28.4903594,8.60007043,-3.48192582,6.08335508,0.416186121,-0.519381859,0.910342819,0.665558714,1.12769342,-61.0740496,-126.449958,-53.2972911,-4.23380397,-8.3018,-57.2898914,False,False
NGC 6624,-92.2,258.460523,-28.3998733,8.60603907,-3.39276461,6.11481524,0.422421086,-0.506419645,0.915658111,0.65946981,1.12841934,-60.8546841,-127.033429,-50.6472487,-4.28844107,-8.26918007,-57.374167,False,False
NGC 6624,-92.3,258.491589,-28.3102246,8.61197652,-3.30333414,6.14444111,0.428633222,-0.493398877,0.920702238,0.653581587,1.12909765,-60.6275834,-127.59505,-47.9944741,-4.34260428,-8.2362898,-57.4505741,False,False
NGC 6624,-92.4,258.524444,-28.2214222,8.61788188,-3.21364974,6.17223532,0.434821733,-0.480321785,0.92547493,0.647903509,1.12972687,-60.3926555,-128.134898,-45.3391422,-4.39629696,-8.20313647,-57.5190963,False,False
NGC 6624,-92.5,258.559072,-28.1334748,8.62375428,-3.12372665,6.19820062,0.440985813,-0.467190593,0.929975935,0.642444968,1.13030561,-60.1498079,-128.653047,-42.6814235,-4.44952253,-8.16972717,-57.5797172,False,False
NGC 6624,-92.6,258.595458,-28.0463908,8.62959282,-3.03357998,6.22233981,0.447124648,-0.454007515,0.934205017,0.63721525,1.13083256,-59.8989482,-129.149573,-40.0214837,-4.50228449,-8.13606881,-57.6324196,False,False
NGC 6624,-92.7,258.633587,-27.9601786,8.63539665,-2.94322475,6.2446558,0.453237413,-0.44077476,0.938161956,0.63222349,1.1313065,-59.6399834,-129.624551,-37.3594846,-4.55458646,-8.10216811,-57.6771865,False,False
NGC 6624,-92.8,258.673442,-27.8748464,8.64116487,-2.85267583,6.26515159,0.459323275,-0.427494526,0.941846552,0.627478638,1.13172628,-59.3728206,-130.078053,-34.6955838,-4.60643208,-8.06803162,-57.7140002,False,False
NGC 6624,-92.9,258.71501,-27.7904019,8.64689664,-2.76194803,6.28383022,0.465381392,-0.414169008,0.945258616,0.622989411,1.13209083,-59.0973663,-130.510153,-32.0299355,-4.65782508,-8.03366571,-57.742843,False,False
NGC 6624,-93,258.758276,-27.7068531,8.65259107,-2.67105601,6.30069483,0.471410909,-0.400800389,0.948397978,0.61876425,1.13239919,-58.8135271,-130.920923,-29.3626904,-4.70876924,-7.99907659,-57.7636969,False,False
NGC 6624,-93.1,258.803225,-27.6242076,8.65824732,-2.58001432,6.31574863,0.477410964,-0.387390848,0.951264483,0.614811271,1.13265044,-58.5212091,-131.310436,-26.6939963,-4.75926838,-7.96427029,-57.7765434,False,False
NGC 6624,-93.2,258.849843,-27.5424726,8.66386453,-2.48883743,6.32899488,0.483380687,-0.373942556,0.953857989,0.61113822,1.13284376,-58.2203182,-131.67876,-24.0239979,-4.80932636,-7.92925271,-57.7813639,False,False
NGC 6624,-93.3,258.898115,-27.4616556,8.66944185,-2.39753966,6.3404369,0.489319195,-0.360457674,0.95617837,0.607752424,1.13297841,-57.9107601,-132.025968,-21.3528374,-4.85894708,-7.89402957,-57.7781394,False,False
NGC 6624,-93.4,258.948029,-27.3817636,8.67497843,-2.30613524,6.35007809,0.495225596,-0.34693836,0.958225515,0.604660745,1.13305373,-57.5924402,-132.352127,-18.6806544,-4.90813448,-7.85860646,-57.7668507,False,False
NGC 6624,-93.5,258.999569,-27.3028035,8.68047343,-2.21463829,6.35792187,0.50109899,-0.333386763,0.959999326,0.601869531,1.13306912,-57.2652636,-132.657306,-16.0075864,-4.9568925,-7.82298879,-57.7474784,False,False
NGC 6624,-93.6,259.052722,-27.2247823,8.68592601,-2.12306281,6.36397173,0.506938467,-0.319805025,0.96149972,0.599384571,1.13302408,-56.9291353,-132.941571,-13.3337688,-5.00522512,-7.78718188,-57.7200026,False,False
NGC 6624,-93.7,259.107476,-27.1477065,8.69133533,-2.03142269,6.36823123,0.512743106,-0.306195282,0.962726627,0.597211054,1.13291818,-56.5839598,-133.204989,-10.6593355,-5.05313633,-7.75119085,-57.6844034,False,False
NGC 6624,-93.8,259.163815,-27.0715827,8.69670057,-1.93973172,6.37070393,0.518511976,-0.292559661,0.96367999,0.595353529,1.13275105,-56.2296415,-133.447624,-7.98441833,-5.10063011,-7.71502074,-57.6406604,False,False
NGC 6624,-93.9,259.221729,-26.9964172,8.70202089,-1.84800356,6.37139346,0.524244139,-0.278900286,0.964359767,0.593815869,1.13252243,-55.8660844,-133.66954,-5.30914799,-5.14771048,-7.67867642,-57.5887532,False,False
NGC 6624,-94,259.281203,-26.9222164,8.70729547,-1.75625179,6.3703035,0.529938643,-0.265219273,0.964765928,0.592601238,1.1322321,-55.4931924,-133.8708,-2.63365386,-5.19438142,-7.64216266,-57.5286608,False,False
NGC 6624,-94.1,259.342225,-26.8489864,8.71252348,-1.66448985,6.36743775,0.53559453,-0.251518729,0.964898458,0.591712068,1.13187994,-55.1108688,-134.051464,0.0419356817,-5.24064693,-7.60548408,-57.4603623,False,False
NGC 6624,-94.2,259.404783,-26.7767331,8.71770412,-1.57273109,6.36279995,0.541210829,-0.23780076,0.964757352,0.591150034,1.13146591,-54.7190171,-134.211594,2.71749312,-5.28651099,-7.5686452,-57.3838362,False,False
NGC 6624,-94.3,259.468863,-26.7054626,8.72283656,-1.48098875,6.35639386,0.546786562,-0.224067461,0.964342621,0.590916045,1.13099004,-54.31754,-134.351247,5.3928916,-5.33197759,-7.53165042,-57.2990611,False,False
NGC 6624,-94.4,259.534454,-26.6351804,8.72791999,-1.38927595,6.34822331,0.55232074,-0.210320925,0.963654287,0.591010229,1.13045242,-53.9063403,-134.470482,8.06800473,-5.37705066,-7.49450403,-57.206015,False,False
NGC 6624,-94.5,259.601545,-26.5658924,8.7329536,-1.29760573,6.33829211,0.557812362,-0.196563236,0.962692385,0.591431937,1.12985325,-53.4853203,-134.569354,10.7427064,-5.42173415,-7.45721018,-57.1046761,False,False
NGC 6624,-94.6,259.670122,-26.4976041,8.7379366,-1.20599099,6.32660414,0.563260419,-0.182796474,0.961456966,0.592179745,1.12919279,-53.0543821,-134.647919,13.4168705,-5.46603197,-7.41977295,-56.9950218,False,False
NGC 6624,-94.7,259.740175,-26.4303208,8.74286817,-1.11444455,6.31316329,0.568663893,-0.169022714,0.959948089,0.593251465,1.12847137,-52.6134274,-134.70623,16.090371,-5.50994799,-7.3821963,-56.8770298,False,False
NGC 6624,-94.8,259.811691,-26.364048,8.74774751,-1.02297912,6.29797347,0.574021753,-0.155244023,0.958165829,0.594644162,1.12768942,-52.1623578,-134.744338,18.7630813,-5.55348605,-7.3444841,-56.7506772,False,False
NGC 6624,-94.9,259.88466,-26.2987909,8.75257383,-0.931607294,6.28103862,0.57933296,-0.141462466,0.956110274,0.59635418,1.12684744,-51.7010744,-134.762295,21.4348743,-5.59664997,-7.30664011,-56.6159412,False,False
NGC 6624,-95,259.959071,-26.2345546,8.75734634,-0.84034158,6.26236269,0.584596465,-0.1276801,0.953781523,0.598377168,1.12594602,-51.2294782,-134.76015,24.1056224,-5.6394435,-7.26866801,-56.4727983,False,False
NGC 6624,-95.1,260.034912,-26.1713442,8.76206424,-0.749194372,6.24194967,0.589811207,-0.11389898,0.951179691,0.600708114,1.1249858,-50.7474697,-134.73795,26.7751968,-5.68187036,-7.23057138,-56.3212253,False,False
NGC 6624,-95.2,260.112172,-26.1091646,8.76672675,-0.658177968,6.21980357,0.594976117,-0.100121154,0.948304904,0.603341384,1.12396753,-50.2549493,-134.695742,29.4434674,-5.72393423,-7.19235373,-56.1611986,False,False
NGC 6624,-95.3,260.190842,-26.0480208,8.77133307,-0.567304565,6.19592839,0.600090115,-0.0863486661,0.945157302,0.606270763,1.12289205,-49.751817,-134.63357,32.110303,-5.76563871,-7.15401847,-55.9926942,False,False
NGC 6624,-95.4,260.270909,-25.9879174,8.77588243,-0.476586258,6.17032819,0.60515211,-0.0725835554,0.941737038,0.609489498,1.12176027,-49.2379726,-134.551478,34.7755703,-5.80698736,-7.11556895,-55.8156882,False,False
NGC 6624,-95.5,260.352365,-25.9288593,8.78037405,-0.386035048,6.14300701,0.610161001,-0.0588278572,0.93804428,0.612990346,1.12057317,-48.7133157,-134.449507,37.4391343,-5.84798366,-7.07700843,-55.6301564,False,False
NGC 6624,-95.6,260.435199,-25.8708509,8.78480714,-0.295662836,6.11396893,0.615115678,-0.0450836026,0.934079209,0.616765619,1.11933185,-48.1777453,-134.327697,40.1008577,-5.88863102,-7.03834012,-55.4360745,False,False
NGC 6624,-95.7,260.5194,-25.8138969,8.78918092,-0.205481428,6.08321806,0.620015019,-0.0313528184,0.92984202,0.620807235,1.11803748,-47.6311605,-134.186087,42.7606007,-5.9289328,-6.99956715,-55.2334178,False,False
NGC 6624,-95.8,260.604959,-25.7580017,8.79349464,-0.115502535,6.05075849,0.624857892,-0.0176375277,0.925332923,0.625106765,1.11669131,-47.0734602,-134.024714,45.4182207,-5.96889225,-6.9606926,-55.0221618,False,False
NGC 6624,-95.9,260.691867,-25.7031698,8.79774751,-0.0257377732,6.01659436,0.629643156,-0.00393974992,0.920552143,0.629655482,1.1152947,-46.5045427,-133.843614,48.0735717,-6.00851255,-6.92171949,-54.8022817,False,False
NGC 6624,-96,260.780112,-25.6494053,8.80193876,0.0638013327,5.98072983,0.634369659,0.00973849924,0.91549992,0.634444404,1.11384909,-45.9243066,-133.64282,50.7265045,-6.04779677,-6.88265078,-54.5737526,False,False
NGC 6624,-96.1,260.869687,-25.5967125,8.80606763,0.15310335,5.94316905,0.639036236,0.0233952074,0.910176508,0.639464344,1.11235602,-45.3326499,-133.422365,53.376866,-6.0867479,-6.84348941,-54.3365495,False,False
NGC 6624,-96.2,260.960581,-25.5450957,8.81013336,0.242156934,5.90391622,0.643641716,0.0370283653,0.904582179,0.644705948,1.11081712,-44.7294707,-133.18228,56.0244987,-6.12536883,-6.80423825,-54.0906475,False,False
NGC 6624,-96.3,261.052786,-25.4945589,8.81413518,0.330950832,5.86297555,0.648184915,0.0506359669,0.89871722,0.650159738,1.10923412,-44.1146669,-132.922594,58.6692405,-6.16366231,-6.76490016,-53.8360214,False,False
NGC 6624,-96.4,261.146291,-25.4451061,8.81807233,0.419473877,5.82035127,0.652664638,0.0642160091,0.892581935,0.655816152,1.10760884,-43.4881364,-132.643336,61.3109243,-6.20163099,-6.72547796,-53.5726463,False,False
NGC 6624,-96.5,261.241089,-25.3967413,8.82194405,0.507714986,5.77604763,0.657079681,0.0777664914,0.886176645,0.661665576,1.10594321,-42.849777,-132.344532,63.9493775,-6.23927739,-6.68597445,-53.300497,False,False
NGC 6624,-96.6,261.33717,-25.3494685,8.82574959,0.595663166,5.73006892,0.661428829,0.0912854162,0.87950169,0.667698377,1.10423926,-42.1994864,-132.026207,66.5844213,-6.27660388,-6.64639243,-53.0195487,False,False
NGC 6624,-96.7,261.434526,-25.3032913,8.82948819,0.683307505,5.68241947,0.665710856,0.104770788,0.872557428,0.673904936,1.10249913,-41.5371627,-131.688385,69.2158703,-6.3136127,-6.60673466,-52.7297764,False,False
NGC 6624,-96.8,261.533148,-25.2582136,8.8331591,0.770637172,5.6331036,0.669924528,0.118220615,0.865344237,0.680275669,1.10072505,-40.8627037,-131.331088,71.843532,-6.35030591,-6.56700395,-52.4311556,False,False
NGC 6624,-96.9,261.633027,-25.2142391,8.83676157,0.857641418,5.58212572,0.674068596,0.131632905,0.857862513,0.686801059,1.09891937,-40.1760076,-130.954338,74.4672063,-6.38668544,-6.52720308,-52.1236618,False,False
NGC 6624,-97,261.734155,-25.1713714,8.84029486,0.944309575,5.52949023,0.678141805,0.145005671,0.850112676,0.693471667,1.09708455,-39.476973,-130.558155,77.0866843,-6.422753,-6.48733486,-51.8072707,False,False
NGC 6624,-97.1,261.836523,-25.1296141,8.84375821,1.03063105,5.4752016,0.682142888,0.158336926,0.842095166,0.700278161,1.09522316,-38.7654986,-130.142557,79.7017483,-6.45851013,-6.44740213,-51.4819585,False,False
NGC 6624,-97.2,261.940123,-25.0889707,8.84715089,1.11659533,5.41926434,0.686070567,0.171624685,0.833810445,0.707211323,1.09333788,-38.0414837,-129.707564,82.3121705,-6.49395815,-6.40740778,-51.1477018,False,False
NGC 6624,-97.3,262.044948,-25.0494445,8.85047216,1.20219198,5.36168302,0.689923555,0.184866966,0.825259001,0.714262071,1.0914315,-37.304828,-129.253191,84.9177123,-6.52909819,-6.36735474,-50.8044775,False,False
NGC 6624,-97.4,262.150988,-25.011039,8.85372127,1.28741063,5.30246225,0.693700553,0.198061787,0.816441344,0.721421464,1.08950695,-36.5554319,-128.779454,87.5181237,-6.5639311,-6.32724601,-50.4522634,False,False
NGC 6624,-97.5,262.258236,-24.9737574,8.85689748,1.37224099,5.24160672,0.697400254,0.21120717,0.807358014,0.728680714,1.08756726,-35.7931967,-128.286371,90.1131418,-6.59845751,-6.28708466,-50.0910375,False,False
NGC 6624,-97.6,262.366683,-24.937603,8.86000007,1.45667284,5.17912118,0.70102134,0.224301135,0.798009576,0.736031193,1.08561559,-35.0180246,-127.773954,92.7024902,-6.63267776,-6.24687386,-49.7207791,False,False
NGC 6624,-97.7,262.476322,-24.9025789,8.86302831,1.54069604,5.11501047,0.704562482,0.237341706,0.788396624,0.743464442,1.08365521,-34.2298187,-127.242219,95.2858776,-6.6665919,-6.20661687,-49.3414679,False,False
NGC 6624,-97.8,262.587145,-24.8686881,8.86598145,1.6243005,5.04927951,0.708022342,0.250326909,0.778519784,0.750972169,1.08168954,-33.4284835,-126.69118,97.8629967,-6.70019967,-6.16631709,-48.9530849,False,False
NGC 6624,-97.9,262.699143,-24.8359335,8.86885878,1.70747621,4.98193332,0.711399574,0.263254771,0.768379713,0.75854626,1.0797221,-32.6139249,-126.120851,100.433523,-6.73350045,-6.12597808,-48.5556121,False,False
NGC 6624,-98,262.812309,-24.8043182,8.87165957,1.79021324,4.91297701,0.71469282,0.276123318,0.757977104,0.766178774,1.07775656,-31.7860505,-125.531246,102.997111,-6.76649326,-6.08560352,-48.1490329,False,False
NGC 6624,-98.1,262.926635,-24.7738449,8.87438309,1.8725017,4.84241583,0.717900713,0.288930581,0.747312683,0.773861948,1.07579671,-30.9447697,-124.92238,105.553399,-6.79917674,-6.04519732,-47.7333321,False,False
NGC 6624,-98.2,263.042113,-24.7445162,8.87702864,1.95433178,4.77025514,0.721021879,0.30167459,0.736387217,0.781588195,1.07384647,-30.089994,-124.294267,108.101999,-6.83154906,-6.00476357,-47.308496,False,False
NGC 6624,-98.3,263.158734,-24.7163348,8.8795955,2.03569375,4.69650044,0.724054931,0.314353377,0.725201513,0.789350105,1.0719099,-29.2216374,-123.646924,110.642499,-6.86360795,-5.9643066,-46.874513,False,False
NGC 6624,-98.4,263.276491,-24.6893031,8.88208294,2.11657791,4.62115742,0.726998478,0.326964977,0.713756422,0.797140441,1.06999117,-28.3396166,-122.980368,113.174463,-6.89535062,-5.92383104,-46.4313732,False,False
NGC 6624,-98.5,263.395377,-24.6634236,8.88449027,2.19697465,4.54423191,0.729851117,0.339507426,0.70205284,0.804952138,1.06809463,-27.4438511,-122.294617,115.697424,-6.92677372,-5.88334177,-45.9790691,False,False
NGC 6624,-98.6,263.515381,-24.6386983,8.88681678,2.27687442,4.46572995,0.732611438,0.351978762,0.690091713,0.812778302,1.06622471,-26.5342642,-121.589692,118.210885,-6.95787331,-5.84284404,-45.5175958,False,False
NGC 6624,-98.7,263.636497,-24.6151295,8.88906177,2.35626774,4.38565777,0.735278026,0.364377025,0.67787404,0.820612205,1.06438602,-25.6107827,-120.865613,120.714312,-6.98864478,-5.80234345,-45.0469509,False,False
NGC 6624,-98.8,263.758716,-24.5927191,8.89122454,2.43514516,4.30402186,0.737849454,0.376700257,0.665400876,0.828447283,1.06258328,-24.6733377,-120.122407,123.207135,-7.01908281,-5.76184604,-44.5671353,False,False
NGC 6624,-98.9,263.882029,-24.5714689,8.8933044,2.51349734,4.22082895,0.740324292,0.388946503,0.652673335,0.836277131,1.06082134,-23.7218651,-119.360101,125.688745,-7.04918128,-5.72135829,-44.078153,False,False
NGC 6624,-99,264.006427,-24.5513804,8.89530066,2.59131496,4.13608606,0.742701102,0.401113812,0.639692598,0.844095502,1.05910521,-22.7563059,-118.578726,128.158485,-7.07893322,-5.68088721,-43.5800119,False,False
NGC 6624,-99.1,264.131903,-24.5324552,8.89721264,2.66858881,4.04980053,0.74497844,0.413200235,0.626459915,0.851896303,1.05743999,-21.776607,-117.778318,130.615648,-7.1083307,-5.64044039,-43.0727237,False,False
NGC 6624,-99.2,264.258446,-24.5146943,8.89903966,2.74530972,3.96198003,0.747154859,0.425203828,0.61297661,0.859673588,1.05583095,-20.7827219,-116.958916,133.059475,-7.13736476,-5.60002605,-42.5563047,False,False
NGC 6624,-99.3,264.386047,-24.4980989,8.90078106,2.82146857,3.87263262,0.749228904,0.437122651,0.599244089,0.86742156,1.05428347,-19.7746109,-116.120564,135.489146,-7.16602528,-5.55965312,-42.0307758,False,False
NGC 6624,-99.4,264.514696,-24.4826696,8.90243617,2.89705635,3.78176678,0.75119912,0.448954767,0.585263844,0.875134561,1.05280305,-18.7522423,-115.263314,137.903775,-7.19430087,-5.51933134,-41.4961632,False,False
NGC 6624,-99.5,264.644385,-24.468407,8.90400434,2.97206409,3.68939145,0.753064046,0.460698247,0.571037461,0.882807076,1.05139532,-17.7155934,-114.387223,140.302403,-7.22217875,-5.47907132,-40.952499,False,False
NGC 6624,-99.6,264.775101,-24.4553112,8.90548491,3.04648291,3.59551611,0.754822223,0.472351168,0.55656663,0.890433722,1.05006601,-16.6646506,-113.492356,142.68399,-7.24964458,-5.43888465,-40.3998211,False,False
NGC 6624,-99.7,264.906834,-24.4433821,8.90687725,3.12030399,3.50015076,0.756472187,0.483911612,0.54185315,0.898009253,1.04882098,-15.5994113,-112.578784,145.047408,-7.27668229,-5.39878403,-39.8381744,False,False
NGC 6624,-99.8,265.039573,-24.4326191,8.90818072,3.19351859,3.40330607,0.758012477,0.495377671,0.526898941,0.905528549,1.04766619,-14.5198844,-111.646591,147.391429,-7.3032739,-5.35878337,-39.2676108,False,False
NGC 6624,-99.9,265.173306,-24.4230214,8.90939471,3.26611808,3.30499339,0.759441633,0.506747446,0.511706055,0.91298662,1.04660769,-13.4260916,-110.695868,149.714716,-7.3293993,-5.31889795,-38.6881899,False,False
NGC 6624,-100,265.308021,-24.4145877,8.91051861,3.33809388,3.20522483,0.760758198,0.518019045,0.496276685,0.9203786,1.04565162,-12.3180687,-109.72672,152.015808,-7.355036,-5.27914458,-38.0999798,False,False
NGC 6624,-100.1,265.443703,-24.407316,8.91155181,3.40943752,3.10401339,0.761960718,0.529190592,0.480613182,0.927699745,1.04480422,-11.1958672,-108.739261,154.293111,-7.38015885,-5.23954174,-37.5030574,False,False
NGC 6624,-100.2,265.58034,-24.4012042,8.91249373,3.48014063,3.00137297,0.763047746,0.540260219,0.464718067,0.934945435,1.04407176,-10.0595553,-107.733622,156.544876,-7.40473976,-5.20010983,-36.897509,False,False
NGC 6624,-100.3,265.717916,-24.3962492,8.9133438,3.55019494,2.89731856,0.764017845,0.551226074,0.448594048,0.942111168,1.04346062,-8.90922034,-106.709949,158.769186,-7.42874728,-5.16087139,-36.2834311,False,False
NGC 6624,-100.4,265.856414,-24.3924475,8.91410146,3.61959229,2.7918663,0.764869586,0.562086322,0.432244039,0.94919256,1.04297719,-7.74496976,-105.668404,160.963935,-7.45214626,-5.12185129,-35.6609305,False,False
NGC 6624,-100.5,265.995819,-24.3897947,8.91476617,3.68832463,2.68503365,0.76560155,0.572839143,0.41567118,0.956185347,1.0426279,-6.56693366,-104.609167,163.126804,-7.47489738,-5.08307709,-35.0301252,False,False
NGC 6624,-100.6,266.136112,-24.3882858,8.91533739,3.75638405,2.5768395,0.766212338,0.583482739,0.398878859,0.963085382,1.0424192,-5.37526666,-103.53244,165.255238,-7.49695661,-5.04457932,-34.3911446,False,False
NGC 6624,-100.7,266.277273,-24.3879148,8.91581463,3.82376278,2.46730437,0.766700562,0.594015332,0.381870741,0.969888636,1.04235753,-4.17015029,-102.438446,167.346416,-7.51827472,-5.00639182,-33.7441301,False,False
NGC 6624,-100.8,266.41928,-24.3886746,8.91619738,3.89045319,2.35645056,0.767064859,0.604435168,0.364650792,0.976591199,1.04244931,-2.95179549,-101.327434,169.397221,-7.53879654,-4.96855214,-33.0892348,False,False
NGC 6624,-100.9,266.562111,-24.3905573,8.91648519,3.95644781,2.24430239,0.767303886,0.614740521,0.347223314,0.983189281,1.04270091,-1.72044518,-100.19968,171.404204,-7.55846036,-4.93110197,-32.4266238,False,False
NGC 6624,-101,266.70574,-24.3935535,8.9166776,4.02173936,2.13088642,0.767416329,0.624929694,0.329592982,0.989679213,1.04311863,-0.476377167,-99.0554882,173.36355,-7.57719709,-4.89408758,-31.756474,False,False
NGC 6624,-101.1,266.85014,-24.3976525,8.91677418,4.08632072,2.01623171,0.767400903,0.635001023,0.311764879,0.99605745,1.04370867,0.780092785,-97.8951963,175.271033,-7.59492951,-4.85756036,-31.078973,False,False
NGC 6624,-101.2,266.995281,-24.4028422,8.91677453,4.15018502,1.90037009,0.767256357,0.644952879,0.293744546,1.00232057,1.04447709,2.04860778,-96.7191769,177.121976,-7.6115713,-4.82157728,-30.3943189,False,False
NGC 6624,-101.3,267.141131,-24.4091087,8.91667827,4.21332558,1.78333648,0.766981479,0.654783676,0.275538024,1.0084653,1.04542979,3.3287664,-95.5278411,178.911207,-7.62702625,-4.78620147,-29.7027179,False,False
NGC 6624,-101.4,267.287653,-24.4164364,8.91648504,4.27573597,1.66516925,0.766575101,0.66449187,0.257151911,1.01448846,1.04657247,4.62011932,-94.3216417,180.633021,-7.6411874,-4.75150263,-29.0043829,False,False
NGC 6624,-101.5,267.434808,-24.4248075,8.91619452,4.33741005,1.54591056,0.766036104,0.674075965,0.238593417,1.02038704,1.04791056,5.92216581,-93.1010768,182.281142,-7.65393629,-4.71755755,-28.2995297,False,False
NGC 6624,-101.6,267.582553,-24.434202,8.91580639,4.39834196,1.42560679,0.765363421,0.683534519,0.219870428,1.02615818,1.04944919,7.23435022,-91.8666927,183.848697,-7.66514238,-4.68445034,-27.5883739,False,False
NGC 6624,-101.7,267.73084,-24.4445975,8.91532038,4.45852615,1.30430892,0.764556047,0.692866151,0.200991558,1.03179913,1.05119316,8.55605875,-90.6190883,185.328211,-7.67466295,-4.65227255,-26.8711261,False,False
NGC 6624,-101.8,267.879618,-24.4559687,8.91473623,4.51795742,1.18207289,0.763613042,0.70206954,0.18196622,1.03730734,1.05314682,9.88661646,-89.3589176,186.711623,-7.68234341,-4.62112291,-26.1479862,False,False
NGC 6624,-101.9,268.028829,-24.4682879,8.91405369,4.57663096,1.05896006,0.762533538,0.711143437,0.162804677,1.04268038,1.05531405,11.2252849,-88.0868935,187.990347,-7.68801843,-4.59110664,-25.4191367,False,False
NGC 6624,-102,268.17841,-24.4815239,8.91327256,4.63454235,0.935037482,0.761316746,0.720086669,0.143518093,1.04791603,1.05769818,12.5712608,-86.8037892,189.155376,-7.6915141,-4.56233415,-24.6847363,False,False
NGC 6624,-102.1,268.328295,-24.4956425,8.91239263,4.69168763,0.810378132,0.759961962,0.728898146,0.124118567,1.0530122,1.0603019,13.9236753,-85.5104408,190.197455,-7.69265138,-4.53491897,-23.9449121,False,False
NGC 6624,-102.2,268.478409,-24.5106065,8.91141371,4.74806329,0.68506104,0.758468576,0.737576864,0.10461915,1.05796702,1.06312717,15.2815956,-84.2077463,191.107327,-7.69125101,-4.5089748,-23.1997535,False,False
NGC 6624,-102.3,268.628674,-24.5263752,8.91033563,4.80366635,0.559171186,0.756836074,0.746121917,0.0850338225,1.06277879,1.06617518,16.6440279,-82.8966648,191.876052,-7.68714007,-4.4846117,-22.4493068,False,False
NGC 6624,-102.4,268.779005,-24.5429052,8.90915819,4.85849434,0.432799184,0.755064048,0.754532498,0.0653774491,1.06744602,1.06944622,18.0099231,-81.5782123,192.495397,-7.68015979,-4.46193147,-21.6935731,False,False
NGC 6624,-102.5,268.929312,-24.5601502,8.90788123,4.9125454,0.3060407,0.753152199,0.762807908,0.0456656812,1.07196742,1.07293965,19.3781847,-80.2534554,192.958264,-7.67017435,-4.44102247,-20.9325093,False,False
NGC 6624,-102.6,269.079503,-24.5780616,8.90650455,4.9658182,0.178995588,0.751100345,0.770947558,0.0259148209,1.07634189,1.07665382,20.7476797,-78.9235025,193.259132,-7.6570797,-4.42195455,-20.1660335,False,False
NGC 6624,-102.7,269.229482,-24.5965893,8.90502797,5.01831207,0.0517667099,0.748908416,0.778950975,0.00614163524,1.08056857,1.08058602,22.1172511,-77.5894916,193.394435,-7.64081143,-4.40477447,-19.3940355,False,False
NGC 6624,-102.8,269.379151,-24.6156821,8.90345126,5.07002693,-0.0755414034,0.746576465,0.786817803,-0.013636855,1.0846468,1.08473252,23.4857333,-76.252577,193.36284,-7.62135036,-4.38950269,-18.6163903,False,False
NGC 6624,-102.9,269.528413,-24.6352885,8.9017742,5.12096332,-0.202824067,0.744104664,0.794547803,-0.0334036135,1.08857612,1.0890885,24.8519673,-74.9139138,193.16538,-7.59872513,-4.37613192,-17.8329741,False,False
NGC 6624,-103,269.677172,-24.6553577,8.89999655,5.17112239,-0.329977974,0.741493299,0.802140856,-0.0531418288,1.09235629,1.09364817,26.2148167,-73.574642,192.805396,-7.57301118,-4.36462776,-17.0436811,False,False
NGC 6624,-103.1,269.825335,-24.6758398,8.89811808,5.2205059,-0.456902643,0.738742774,0.809596957,-0.0728351412,1.09598728,1.09840479,27.5731819,-72.2358714,192.288327,-7.54432631,-4.35493125,-16.2484377,False,False
NGC 6624,-103.2,269.972811,-24.6966872,8.8961385,5.26911616,-0.583501671,0.735853602,0.816916211,-0.0924678395,1.09946924,1.10335077,28.9260135,-70.8986678,191.62136,-7.51282349,-4.34696309,-15.4472136,False,False
NGC 6624,-103.3,270.119516,-24.7178544,8.89405758,5.31695602,-0.709683744,0.732826399,0.824098831,-0.112025019,1.10280253,1.10847779,30.2723218,-69.5640418,190.813,-7.47868212,-4.34062858,-14.6400277,False,False
NGC 6624,-103.4,270.265371,-24.7392986,8.89187505,5.36402885,-0.835363341,0.729661881,0.831145129,-0.131492694,1.10598765,1.11377691,31.6111845,-68.2329397,189.872624,-7.44209881,-4.33582298,-13.8269504,False,False
NGC 6624,-103.5,270.410302,-24.7609802,8.88959065,5.41033846,-0.960461165,0.726360854,0.838055512,-0.150857862,1.10902531,1.11923868,32.9417513,-66.9062377,188.810055,-7.40327863,-4.33243639,-13.008101,False,False
NGC 6624,-103.6,270.554244,-24.7828624,8.88720415,5.45588907,-1.08490431,0.722924205,0.844830471,-0.170108534,1.11191633,1.12485325,34.2632462,-65.5847385,187.635201,-7.3624277,-4.330358,-12.1836424,False,False
NGC 6624,-103.7,270.697133,-24.8049115,8.88471533,5.5006853,-1.20862621,0.719352899,0.851470576,-0.189233726,1.11466171,1.13061052,35.574967,-64.2691703,186.357764,-7.31974726,-4.32947941,-11.3537743,False,False
NGC 6624,-103.8,270.838916,-24.8270968,8.88212397,5.54473208,-1.33156641,0.715647969,0.857976468,-0.208223425,1.11726256,1.13650017,36.876284,-62.9601879,184.987033,-7.27542941,-4.32969699,-10.5187254,False,False
NGC 6624,-103.9,270.979542,-24.8493901,8.8794299,5.5880346,-1.4536703,0.711810508,0.864348851,-0.227068542,1.11972011,1.14251182,38.1666369,-61.6583745,183.531746,-7.22965428,-4.33091347,-9.67874556,False,False
NGC 6624,-104,271.118968,-24.871766,8.87663295,5.63059833,-1.57488864,0.707841663,0.870588484,-0.245760849,1.12203571,1.14863507,39.4455311,-60.3642452,182.000013,-7.18258846,-4.33303879,-8.83409892,False,False
NGC 6624,-104.1,271.257153,-24.8942015,8.87373298,5.67242893,-1.69517722,0.703742629,0.876696178,-0.264292916,1.12421078,1.15485957,40.7125336,-59.0782514,180.39928,-7.13438436,-4.33599046,-7.98505762,False,False
NGC 6624,-104.2,271.394061,-24.9166757,8.87072988,5.71353222,-1.81449633,0.699514641,0.882672784,-0.282658037,1.12624685,1.16117507,41.9672683,-57.8007844,178.736332,-7.08518025,-4.33969349,-7.13189669,False,False
NGC 6624,-104.3,271.529662,-24.9391696,8.86762357,5.75391415,-1.93281042,0.695158971,0.888519193,-0.300850169,1.12814554,1.16757149,43.2094114,-56.5321805,177.017316,-7.03510075,-4.34408013,-6.27488991,False,False
NGC 6624,-104.4,271.663928,-24.961666,8.86441398,5.79358081,-2.05008763,0.690676921,0.894236326,-0.318863867,1.1299085,1.17403892,44.4386868,-55.2727256,175.247775,-6.98425764,-4.34908944,-5.41430667,True,True
NGC 6624,-104.5,271.796833,-24.9841494,8.86110107,5.83253832,-2.16629941,0.68606982,0.899825131,-0.336694224,1.13153748,1.18056769,45.6548622,-54.0226592,173.432694,-6.93275078,-4.35466671,-4.55040957,True,True
NGC 6624,-104.6,271.928356,-25.0066057,8.85768482,5.87079288,-2.28142023,0.681339018,0.905286579,-0.354336813,1.13303427,1.18714836,46.8577444,-52.7821791,171.576545,-6.88066913,-4.36076299,-3.68345284,True,True
NGC 6624,-104.7,272.058477,-25.0290218,8.85416523,5.90835072,-2.39542715,0.676485882,0.910621659,-0.371787645,1.1344007,1.19377176,48.0471757,-51.5514448,169.683337,-6.82809176,-4.36733449,-2.81368117,True,True
NGC 6624,-104.8,272.187178,-25.0513863,8.85054234,5.94521806,-2.50829965,0.671511795,0.915831373,-0.389043115,1.13563867,1.20042898,49.2230303,-50.3305823,167.756661,-6.77508884,-4.37434204,-1.94132919,True,True
NGC 6624,-104.9,272.314445,-25.0736882,8.84681619,5.98140114,-2.62001928,0.66641815,0.920916738,-0.406099969,1.1367501,1.20711142,50.3852109,-49.1196863,165.79973,-6.72172252,-4.38175065,-1.06662112,True,True
NGC 6624,-105,272.440264,-25.0959179,8.84298683,6.01690616,-2.73056947,0.66120635,0.925878776,-0.422955262,1.13773694,1.21381073,51.5336453,-47.9188246,163.815424,-6.66804782,-4.38952902,-0.189770821,True,True
NGC 6624,-105.1,272.564623,-25.1180664,8.83905437,6.05173929,-2.8399353,0.655877803,0.930718515,-0.439606329,1.13860118,1.22051889,52.6682841,-46.7280402,161.806319,-6.61411334,-4.39764916,0.689018015,True,True
NGC 6624,-105.2,272.687511,-25.1401254,8.83501888,6.08590664,-2.94810333,0.650433922,0.935436987,-0.456050754,1.13934483,1.22722815,53.7890979,-45.5473544,159.774725,-6.55996203,-4.40608602,1.56955148,True,True
NGC 6624,-105.3,272.808919,-25.1620874,8.83088049,6.11941428,-3.05506142,0.644876122,0.940035226,-0.472286345,1.13996993,1.23393105,54.8960747,-44.3767691,157.722713,-6.50563173,-4.41481713,2.451645,True,True
NGC 6624,-105.4,272.928838,-25.1839454,8.82663934,6.15226818,-3.16079861,0.639205817,0.944514263,-0.488311109,1.14047853,1.24062041,55.9892182,-43.2162691,155.652142,-6.45115578,-4.42382238,3.33512282,True,True
NGC 6624,-105.5,273.047261,-25.2056929,8.82229555,6.18447427,-3.26530494,0.633424422,0.948875129,-0.504123237,1.1408727,1.24728936,57.0685456,-42.0658239,153.564677,-6.39656349,-4.43308371,4.21981741,True,True
NGC 6624,-105.6,273.164181,-25.227324,8.8178493,6.21603837,-3.36857138,0.627533348,0.95311885,-0.519721077,1.14115452,1.25393128,58.1340858,-40.9253899,151.461817,-6.34188061,-4.4425849,5.10556885,True,True
NGC 6624,-105.7,273.279593,-25.2488331,8.81330075,6.24696623,-3.47058969,0.621534003,0.957246448,-0.535103126,1.14132611,1.26053982,59.185878,-39.7949117,149.344909,-6.28712964,-4.45231138,5.99222424,True,True
NGC 6624,-105.8,273.39349,-25.270215,8.80865009,6.27726348,-3.57135235,0.615427791,0.961258936,-0.550268011,1.14138955,1.26710891,60.22397,-38.6743236,147.215162,-6.23233029,-4.46225007,6.87963712,True,True
NGC 6624,-105.9,273.505868,-25.2914649,8.80389751,6.30693567,-3.67085247,0.609216111,0.965157322,-0.565214474,1.14134698,1.27363273,61.2484174,-37.5635511,145.073666,-6.17749966,-4.47238918,7.76766687,True,True
NGC 6624,-106,273.616723,-25.3125784,8.79904321,6.33598825,-3.7690837,0.602900354,0.968942608,-0.579941364,1.14120051,1.2801057,62.2592818,-36.4625118,142.921402,-6.12265261,-4.48271812,8.65617813,True,True
NGC 6624,-106.1,273.72605,-25.3335511,8.79408741,6.36442656,-3.8660402,0.596481907,0.972615782,-0.594447628,1.14095229,1.28652249,63.2566303,-35.3711169,140.75925,-6.06780196,-4.49322736,9.54504026,True,True
NGC 6624,-106.2,273.833847,-25.3543792,8.78903035,6.39225582,-3.96171652,0.589962147,0.976177827,-0.608732294,1.14060444,1.29287799,64.2405342,-34.2892716,138.588007,-6.01295867,-4.50390832,10.4341268,True,True
NGC 6624,-106.3,273.94011,-25.3750587,8.78387225,6.41948115,-4.0561076,0.583342447,0.979629715,-0.62279447,1.14015911,1.29916733,65.2110683,-33.2168766,136.408387,-5.9581321,-4.51475329,11.3233152,True,True
NGC 6624,-106.4,274.044835,-25.3955864,8.77861335,6.44610757,-4.14920871,0.57662417,0.982972407,-0.636633334,1.13961844,1.30538584,66.1683101,-32.1538282,134.221035,-5.9033301,-4.52575533,12.2124858,True,True
NGC 6624,-106.5,274.148021,-25.4159586,8.77325393,6.47213998,-4.24101539,0.569808671,0.986206853,-0.650248124,1.13898458,1.31152907,67.1123391,-31.1000195,132.02653,-5.84855921,-4.53690821,13.101522,True,True
NGC 6624,-106.6,274.249664,-25.4361724,8.76779423,6.49758315,-4.33152339,0.562897296,0.989333992,-0.663638136,1.13825969,1.31759276,68.0432364,-30.0553405,129.825394,-5.7938248,-4.54820636,13.9903095,True,True
NGC 6624,-106.7,274.349762,-25.4562245,8.76223454,6.52244177,-4.42072871,0.555891386,0.992354752,-0.676802716,1.13744591,1.32357286,68.9610836,-29.0196794,127.618097,-5.73913114,-4.55964476,14.8787361,True,True
NGC 6624,-106.8,274.448312,-25.4761122,8.75657513,6.54672039,-4.50862749,0.548792271,0.995270051,-0.689741256,1.13654539,1.32946547,69.865963,-27.9929223,125.405058,-5.68448152,-4.57121894,15.7666912,True,True
NGC 6624,-106.9,274.545312,-25.4958327,8.7508163,6.57042346,-4.595216,0.541601272,0.998080793,-0.702453189,1.1355603,1.3352669,70.7579567,-26.9749539,123.186657,-5.62987839,-4.58292491,16.6540655,True,True
NGC 6624,-107,274.64076,-25.5153832,8.74495834,6.59355531,-4.68049066,0.534319703,1.00078787,-0.714937983,1.1344928,1.34097361,71.6371462,-25.9656583,120.963232,-5.57532339,-4.59475912,17.5407505,True,True
NGC 6624,-107.1,274.734654,-25.5347611,8.73900157,6.61612017,-4.76444793,0.526948869,1.00339216,-0.727195142,1.13334502,1.34658224,72.5036123,-24.9649187,118.735085,-5.52081743,-4.60671843,18.4266386,True,True
NGC 6624,-107.2,274.826991,-25.553964,8.73294629,6.63812214,-4.84708438,0.519490068,1.00589454,-0.739224195,1.13211915,1.35208956,73.3574346,-23.972618,116.502488,-5.46636079,-4.61880007,19.3116226,True,True
NGC 6624,-107.3,274.917768,-25.5729895,8.72679283,6.65956522,-4.92839661,0.511944589,1.00829586,-0.7510247,1.13081732,1.35749251,74.1986911,-22.9886392,114.265681,-5.41195317,-4.63100161,20.1955953,True,True
NGC 6624,-107.4,275.006985,-25.5918351,8.72054154,6.68045331,-5.00838122,0.504313713,1.01059697,-0.762596239,1.12944171,1.36278817,75.0274583,-22.0128651,112.024877,-5.3575937,-4.64332094,21.0784495,True,True
NGC 6624,-107.5,275.094637,-25.6104986,8.71419274,6.70079018,-5.08703486,0.496598714,1.01279871,-0.773938412,1.12799446,1.36797374,75.8438106,-21.0451794,109.780265,-5.30328107,-4.65575623,21.9600774,True,True
NGC 6624,-107.6,275.180724,-25.6289778,8.70774679,6.7205795,-5.16435416,0.488800857,1.01490188,-0.785050837,1.12647774,1.37304658,76.6478203,-20.085466,107.532012,-5.24901348,-4.66830593,22.8403709,True,True
NGC 6624,-107.7,275.265241,-25.6472703,8.70120405,6.73982485,-5.24033572,0.4809214,1.0169073,-0.795933152,1.12489371,1.37800415,77.4395574,-19.1336096,105.280263,-5.19478877,-4.68096874,23.7192211,True,True
NGC 6624,-107.8,275.348188,-25.665374,8.69456489,6.75852968,-5.31497613,0.472961597,1.01881578,-0.806585004,1.12324452,1.38284404,78.2190894,-18.1894958,103.025144,-5.14060439,-4.69374357,24.596518,True,True
NGC 6624,-107.9,275.429561,-25.6832868,8.68782968,6.77669734,-5.3882719,0.464922691,1.02062809,-0.817006054,1.12153234,1.38756394,78.9864811,-17.253011,100.766765,-5.08645747,-4.70662958,25.4721503,True,True
NGC 6624,-108,275.509357,-25.7010066,8.68099882,6.79433108,-5.46021951,0.456805922,1.02234501,-0.827195975,1.11975933,1.39216168,79.7417944,-16.324043,98.5052181,-5.03234481,-4.7196261,26.3460057,True,True
NGC 6624,-108.1,275.587573,-25.7185311,8.67407271,6.81143406,-5.53081538,0.448612521,1.0239673,-0.837154446,1.11792765,1.39663517,80.4850885,-15.4024804,96.2405825,-4.97826296,-4.73273265,27.21797,True,True
NGC 6624,-108.2,275.664207,-25.7358584,8.66705174,6.82800932,-5.60005583,0.440343714,1.02549572,-0.846881155,1.11603945,1.40098242,81.2164195,-14.4882133,93.9729229,-4.9242082,-4.74594893,28.0879276,True,True
NGC 6624,-108.3,275.739256,-25.7529863,8.65993634,6.84405981,-5.66793712,0.432000723,1.026931,-0.856375795,1.1140969,1.40520155,81.9358403,-13.5811328,91.702292,-4.87017658,-4.75927481,28.9557609,True,True
NGC 6624,-108.4,275.812715,-25.7699126,8.65272693,6.85958839,-5.73445539,0.423584762,1.02827388,-0.865638065,1.11210216,1.40929077,82.6434007,-12.6811317,89.4287309,-4.81616393,-4.7727103,29.8213504,True,True
NGC 6624,-108.5,275.884582,-25.7866355,8.64542396,6.8745978,-5.79960671,0.415097043,1.02952507,-0.874667666,1.11005739,1.41324837,83.3391473,-11.7881038,87.1522703,-4.76216588,-4.78625556,30.6845743,True,True
NGC 6624,-108.6,275.954854,-25.8031526,8.63802786,6.8890907,-5.86338701,0.406538771,1.03068528,-0.883464304,1.10796476,1.41707272,84.0231231,-10.9019445,84.8729311,-4.7081779,-4.79991088,31.5453087,True,True
NGC 6624,-108.7,276.023525,-25.8194619,8.63053911,6.90306965,-5.92579215,0.397911149,1.03175521,-0.892027684,1.10582643,1.42076229,84.6953679,-10.0225507,82.5907256,-4.65419528,-4.81367667,32.4034271,True,True
NGC 6624,-108.8,276.090593,-25.8355613,8.62295817,6.91653713,-5.98681782,0.389215373,1.03273554,-0.900357515,1.10364456,1.42431561,85.355918,-9.14982055,80.3056576,-4.60021316,-4.82755347,33.2588005,True,True
NGC 6624,-108.9,276.156053,-25.8514486,8.61528553,6.92949551,-6.04645962,0.380452639,1.03362696,-0.908453501,1.10142131,1.4277313,86.0048061,-8.28365384,78.0177233,-4.54622653,-4.84154194,34.1112973,True,True
NGC 6624,-109,276.219902,-25.8671217,8.60752168,6.94194707,-6.104713,0.371624138,1.03443012,-0.916315351,1.09915885,1.43100803,86.6420613,-7.42395171,75.7269122,-4.49223027,-4.85564282,34.9607829,True,True
NGC 6624,-109.1,276.282135,-25.8825783,8.59966712,6.95389402,-6.16157329,0.362731057,1.03514569,-0.92394277,1.09685934,1.43414457,87.2677092,-6.57061677,73.433207,-4.43821913,-4.86985697,35.80712,True,True
NGC 6624,-109.2,276.342746,-25.8978162,8.59172239,6.96533846,-6.21703567,0.353774583,1.0357743,-0.931335459,1.09452495,1.43713973,87.8817717,-5.7235531,71.1365847,-4.38418776,-4.88418534,36.6501679,True,True
NGC 6624,-109.3,276.401733,-25.9128333,8.58368801,6.97628241,-6.27109517,0.3447559,1.03631661,-0.938493119,1.09215784,1.43999239,88.4842668,-4.88266622,68.8370169,-4.3301307,-4.89862897,37.489783,True,True
NGC 6624,-109.4,276.459088,-25.9276271,8.57556453,6.98672781,-6.32374669,0.33567619,1.03677322,-0.945415448,1.08976017,1.44270149,89.075209,-4.04786306,66.5344698,-4.27604239,-4.91318898,38.3258181,True,True
NGC 6624,-109.5,276.514809,-25.9421954,8.56735251,6.99667651,-6.37498495,0.326536633,1.03714477,-0.952102139,1.0873341,1.44526604,89.654609,-3.21905198,64.2289054,-4.2219172,-4.92786659,39.1581229,True,True
NGC 6624,-109.6,276.568888,-25.9565359,8.55905253,7.00613027,-6.42480454,0.317338411,1.03743186,-0.95855288,1.0848818,1.4476851,90.2224736,-2.39614273,61.9202812,-4.16774942,-4.94266308,39.9865431,True,True
NGC 6624,-109.7,276.621321,-25.970646,8.55066517,7.01509078,-6.47319988,0.308082702,1.03763508,-0.964767358,1.08240543,1.44995778,90.7788057,-1.57904642,59.6085507,-4.11353327,-4.95757979,40.810921,True,True
NGC 6624,-109.8,276.672102,-25.9845234,8.54219105,7.02355962,-6.52016522,0.298770686,1.03775503,-0.970745251,1.07990714,1.45208325,91.3236046,-0.767675509,57.2936639,-4.05926288,-4.97261817,41.6310951,True,True
NGC 6624,-109.9,276.721225,-25.9981657,8.53363077,7.03153834,-6.56569464,0.289403543,1.0377923,-0.976486234,1.07738909,1.45406074,91.8568653,0.0380562348,54.9755675,-4.00493234,-4.9877797,42.4468998,True,True
NGC 6624,-110,276.768685,-26.0115701,8.52498499,7.03902835,-6.60978208,0.279982453,1.03774744,-0.981989976,1.07485344,1.4558895,92.3785791,0.838233749,52.6542052,-3.95053569,-5.00306595,43.2581654,True,True
NGC 6624,-110.1,276.814473,-26.0247343,8.51625435,7.04603103,-6.65242128,0.270508598,1.03762103,-0.98725614,1.07230234,1.45756886,92.8887335,1.63294071,50.3295179,-3.8960669,-5.01847852,44.0647183,True,True
NGC 6624,-110.2,276.858586,-26.0376554,8.50743952,7.05254765,-6.69360582,0.260983161,1.03741362,-0.992284382,1.06973792,1.45909819,93.3873115,2.42225959,48.0014439,-3.84151991,-5.0340191,44.8663804,True,True
NGC 6624,-110.3,276.901014,-26.0503309,8.49854118,7.05857942,-6.73332909,0.251407326,1.03712575,-0.997074354,1.06716235,1.46047689,93.8742926,3.20627164,45.6699195,-3.7868886,-5.04968942,45.6629689,True,True
NGC 6624,-110.4,276.941752,-26.0627579,8.48956006,7.06412747,-6.77158432,0.241782281,1.03675798,-1.0016257,1.06457774,1.46170442,94.3496518,3.98505699,43.3348785,-3.73216683,-5.06549125,46.454297,True,True
NGC 6624,-110.5,276.980793,-26.0749337,8.48049686,7.06919285,-6.80836455,0.232109215,1.03631082,-1.00593805,1.06198625,1.46278029,94.8133604,4.75869463,40.9962534,-3.6773484,-5.08142643,47.2401727,True,True
NGC 6624,-110.6,277.018129,-26.0868554,8.47135233,7.07377652,-6.84366262,0.222389323,1.0357848,-1.01001105,1.05938999,1.46370402,95.2653853,5.52726248,38.6539747,-3.62242711,-5.09749685,48.0203995,True,True
NGC 6624,-110.7,277.053753,-26.0985201,8.46212723,7.07787941,-6.87747122,0.212623801,1.03518043,-1.0138443,1.05679109,1.46447522,95.7056893,6.2908374,36.3079714,-3.56739672,-5.11370442,48.7947756,True,True
NGC 6624,-110.8,277.087656,-26.1099247,8.45282235,7.08150233,-6.90978283,0.20281385,1.03449822,-1.01743744,1.05419164,1.4650935,96.1342311,7.04949527,33.9581716,-3.51225097,-5.13005111,49.5630945,True,True
NGC 6624,-110.9,277.119832,-26.1210662,8.44343849,7.08464604,-6.94058976,0.192960674,1.03373867,-1.02079006,1.05159377,1.46555853,96.550965,7.803311,31.6045018,-3.45698356,-5.14653894,50.3251441,True,True
NGC 6624,-111,277.150271,-26.1319415,8.43397648,7.08731121,-6.9698841,0.183065485,1.03290227,-1.02390177,1.04899956,1.46587002,96.9558412,8.55235858,29.2468881,-3.4015882,-5.16316994,51.0807072,True,True
NGC 6624,-111.1,277.178966,-26.1425474,8.42443715,7.08949848,-6.99765777,0.173129497,1.03198951,-1.02677215,1.04641109,1.4660277,97.3488054,9.29671112,26.8852555,-3.34605857,-5.1799462,51.8295609,True,True
NGC 6624,-111.2,277.205908,-26.1528805,8.41482138,7.09120836,-7.02390252,0.163153931,1.03100086,-1.0294008,1.04383044,1.46603137,97.7297992,10.0364409,24.5195286,-3.29038837,-5.19686984,52.5714767,True,True
NGC 6624,-111.3,277.231088,-26.1629376,8.40513006,7.09244133,-7.04860986,0.153140016,1.02993679,-1.03178729,1.04125965,1.46588085,98.0987596,10.7716194,22.1496313,-3.23457125,-5.21394299,53.3062205,True,True
NGC 6624,-111.4,277.254497,-26.1727153,8.3953641,7.0931978,-7.07177114,0.143088985,1.02879776,-1.0339312,1.03870077,1.465576,98.4556193,11.5023173,19.7754876,-3.17860089,-5.23116784,54.0335518,True,True
NGC 6624,-111.5,277.276125,-26.1822099,8.38552445,7.09347807,-7.0933775,0.133002079,1.02758423,-1.03583207,1.03615583,1.46511671,98.8003064,12.2286046,17.397021,-3.12247097,-5.24854659,54.7532245,True,True
NGC 6624,-111.6,277.295965,-26.1914181,8.37561206,7.09328243,-7.1134199,0.122880547,1.02629664,-1.03748948,1.03362683,1.46450293,99.1327447,12.9505509,15.0141553,-3.06617516,-5.26608147,55.4649858,True,True
NGC 6624,-111.7,277.314005,-26.200336,8.36562794,7.09261105,-7.13188908,0.112725647,1.02493544,-1.03890295,1.03111576,1.46373463,99.4528532,13.6682247,12.6268144,-3.00970715,-5.28377471,56.1685769,True,True
NGC 6624,-111.8,277.330236,-26.2089601,8.35557309,7.09146405,-7.14877562,0.102538642,1.02350105,-1.04007204,1.0286246,1.46281182,99.7605464,14.3816942,10.2349224,-2.95306065,-5.3016286,56.8637321,True,True
NGC 6624,-111.9,277.344648,-26.2172864,8.34544856,7.08984149,-7.16406986,0.092320808,1.02199391,-1.04099627,1.02615529,1.46173456,100.055734,15.0910273,7.8384041,-2.89622938,-5.3196454,57.5501792,True,True
NGC 6624,-112,277.35723,-26.225311,8.33525542,7.08774335,-7.17776198,0.0820734283,1.02041443,-1.04167517,1.02370976,1.46050293,100.338322,15.7962909,5.4371847,-2.83920709,-5.33782744,58.2276389,True,True
NGC 6624,-112.1,277.367973,-26.2330301,8.32499477,7.08516955,-7.18984194,0.0717977966,1.01876303,-1.04210824,1.02128989,1.45911707,100.608209,16.497552,3.03119033,-2.78198754,-5.356177,58.8958251,True,True
NGC 6624,-112.2,277.376865,-26.2404395,8.31466774,7.08211993,-7.20029951,0.061495217,1.01704012,-1.04229501,1.01889757,1.45757715,100.865292,17.1948769,0.620348041,-2.72456454,-5.37469641,59.5544443,True,True
NGC 6624,-112.3,277.383895,-26.2475351,8.30427549,7.07859428,-7.20912427,0.0511670046,1.01524608,-1.04223496,1.01653464,1.45588337,101.109461,17.8883317,-1.79541404,-2.66693194,-5.39338799,60.2031958,True,True
NGC 6624,-112.4,277.389053,-26.2543126,8.29381922,7.07459231,-7.2163056,0.0408144861,1.01338132,-1.0419276,1.0142029,1.45403599,101.340601,18.5779821,-4.21616648,-2.60908361,-5.41225407,60.841771,True,True
NGC 6624,-112.5,277.392328,-26.2607677,8.28330013,7.07011367,-7.22183269,0.0304389997,1.01144623,-1.04137241,1.01190415,1.45203529,101.558594,19.2638938,-6.64197845,-2.5510135,-5.43129696,61.4698539,True,True
NGC 6624,-112.6,277.393706,-26.266896,8.2727195,7.06515793,-7.22569452,0.0200418965,1.00944117,-1.04056886,1.00964011,1.44988161,101.763316,19.9461322,-9.07291746,-2.49271558,-5.450519,62.0871205,True,True
NGC 6624,-112.7,277.393178,-26.272693,8.2620786,7.05972461,-7.2278799,0.00962454034,1.00736652,-1.03951643,1.00741249,1.44757533,101.954636,20.6247625,-11.5090493,-2.43418391,-5.46992248,62.6932386,True,True
NGC 6624,-112.8,277.39073,-26.2781541,8.25137876,7.05381314,-7.22837744,-0.000811691343,1.00522265,-1.03821459,1.00522298,1.44511687,102.13242,21.2998499,-13.9504376,-2.37541261,-5.48950972,63.2878679,True,True
NGC 6624,-112.9,277.386352,-26.2832746,8.24062134,7.04742292,-7.22717554,-0.0112654071,1.00300991,-1.03666279,1.00307318,1.44250669,102.296528,21.9714597,-16.397144,-2.31639586,-5.50928297,63.8706596,True,True
NGC 6624,-113,277.380029,-26.2880497,8.22980773,7.04055324,-7.22426245,-0.021735201,1.00072867,-1.0348605,1.00096468,1.4397453,102.446815,22.6396571,-18.8492277,-2.25712794,-5.52924452,64.4412562,True,True
NGC 6624,-113.1,277.371751,-26.2924745,8.21893937,7.03320335,-7.2196262,-0.0322196517,0.998379258,-1.03280714,0.998899018,1.43683327,102.583131,23.3045074,-21.3067452,-2.19760321,-5.54939658,64.9992915,True,True
NGC 6624,-113.2,277.361505,-26.296544,8.20801772,7.02537243,-7.21325466,-0.0427173225,0.99596202,-1.03050218,0.996877683,1.4337712,102.705319,23.966076,-23.7697504,-2.13781615,-5.56974138,65.5443902,True,True
NGC 6624,-113.3,277.349277,-26.3002532,8.19704429,7.01705958,-7.20513551,-0.0532267604,0.993477288,-1.02794503,0.99490211,1.43055975,102.813218,24.6244287,-26.2382938,-2.0777613,-5.59028106,66.0761678,True,True
NGC 6624,-113.4,277.335054,-26.303597,8.18602063,7.00826385,-7.19525625,-0.0637464954,0.990925387,-1.02513514,0.992973684,1.42719963,102.90666,25.2796314,-28.7124229,-2.01743338,-5.61101777,66.5942307,True,True
NGC 6624,-113.5,277.318823,-26.30657,8.17494833,6.99898421,-7.18360422,-0.0742750403,0.988306635,-1.02207193,0.991093733,1.42369162,102.985473,25.9317503,-31.1921815,-1.95682718,-5.63195357,67.0981754,True,True
NGC 6624,-113.6,277.300572,-26.309167,8.16382902,6.98921956,-7.17016656,-0.0848108899,0.985621346,-1.01875482,0.989263527,1.42003652,103.049479,26.5808522,-33.6776095,-1.89593767,-5.6530905,67.5875889,True,True
NGC 6624,-113.7,277.280286,-26.3113824,8.15266438,6.97896873,-7.15493028,-0.0953525203,0.982869824,-1.01518323,0.987484275,1.41623522,103.098493,27.227004,-36.1687427,-1.83475995,-5.67443053,68.0620481,True,True
NGC 6624,-113.8,277.257951,-26.3132108,8.14145613,6.96823051,-7.1378822,-0.105898389,0.980052367,-1.01135658,0.985757125,1.41228866,103.132325,27.8702734,-38.6656126,-1.77328928,-5.69597554,68.52112,True,True
NGC 6624,-113.9,277.233555,-26.3146464,8.13020602,6.95700358,-7.119009,-0.116446933,0.977169266,-1.00727428,0.984083158,1.40819783,103.150779,28.5107285,-41.1682456,-1.7115211,-5.71772737,68.9643611,True,True
NGC 6624,-114,277.207082,-26.3156837,8.11891588,6.94528658,-7.09829721,-0.126996569,0.974220806,-1.00293573,0.982463388,1.40396381,103.153653,29.148438,-43.6766633,-1.64945104,-5.73968776,69.3913176,True,True
NGC 6624,-114.1,277.178518,-26.3163166,8.10758755,6.93307807,-7.07573319,-0.137545694,0.971207265,-0.998340351,0.980898756,1.39958773,103.140739,29.7834713,-46.1908815,-1.58707494,-5.76185835,69.8015251,True,True
NGC 6624,-114.2,277.147851,-26.3165395,8.09622295,6.92037653,-7.0513032,-0.148092681,0.968128912,-0.99348754,0.979390133,1.3950708,103.111823,30.4158986,-48.7109104,-1.52438884,-5.7842407,70.1945081,True,True
NGC 6624,-114.3,277.115064,-26.3163462,8.08482402,6.9071804,-7.02499332,-0.158635884,0.96498601,-0.988376705,0.977938312,1.39041427,103.066684,31.045791,-51.2367538,-1.46138902,-5.80683625,70.5697806,True,True
NGC 6624,-114.4,277.080144,-26.3157306,8.07339279,6.89348801,-6.99678954,-0.169173631,0.961778814,-0.983007252,0.976544011,1.38561952,103.005096,31.6732202,-53.7684086,-1.39807203,-5.82964632,70.926845,True,True
NGC 6624,-114.5,277.043075,-26.3146866,8.0619313,6.87929764,-6.96667774,-0.179704228,0.958507574,-0.977378586,0.975207864,1.38068797,102.926826,32.2982589,-56.3058646,-1.33443466,-5.8526721,71.2651927,True,True
NGC 6624,-114.6,277.003844,-26.3132079,8.05044168,6.86460751,-6.93464365,-0.190225957,0.955172529,-0.971490116,0.973930426,1.37562114,102.831635,32.9209811,-58.8491037,-1.27047403,-5.87591464,71.5843035,True,True
NGC 6624,-114.7,276.962436,-26.3112882,8.03892608,6.84941575,-6.90067295,-0.200737076,0.951773912,-0.965341251,0.972712164,1.37042062,102.719278,33.5414614,-61.3980999,-1.20618753,-5.89937483,71.8836459,True,True
NGC 6624,-114.8,276.918835,-26.3089211,8.02738673,6.83372042,-6.8647512,-0.211235815,0.94831195,-0.958931404,0.971553459,1.36508812,102.589502,34.1597759,-63.9528178,-1.14157291,-5.92305339,72.1626764,True,True
NGC 6624,-114.9,276.873027,-26.3061,8.01582592,6.81751951,-6.82686389,-0.221720379,0.94478686,-0.952259993,0.970454604,1.3596254,102.442049,34.7760016,-66.513213,-1.07662828,-5.94695088,72.42084,True,True
NGC 6624,-115,276.824996,-26.3028184,8.00424598,6.80081093,-6.78699645,-0.232188949,0.941198851,-0.945326438,0.969415796,1.35403436,102.276654,35.3902171,-69.0792305,-1.01135211,-5.97106763,72.6575694,True,True
NGC 6624,-115.1,276.774729,-26.2990697,7.99264931,6.78359254,-6.74513426,-0.242639674,0.937548125,-0.938130169,0.968437142,1.34831699,102.093046,36.002502,-71.6508049,-0.945743296,-5.99540378,72.8722857,True,True
NGC 6624,-115.2,276.722209,-26.294847,7.98103837,6.76586209,-6.70126264,-0.253070678,0.933834875,-0.930670622,0.967518652,1.34247538,101.890947,36.6129374,-74.2278587,-0.879801172,-6.01995924,73.0643979,True,True
NGC 6624,-115.3,276.667422,-26.2901438,7.96941568,6.74761727,-6.65536692,-0.263480056,0.930059286,-0.922947239,0.966660238,1.33651174,101.670073,37.2216058,-76.8103023,-0.813525537,-6.04473366,73.2333028,True,True
NGC 6624,-115.4,276.610353,-26.2849531,7.95778382,6.72885572,-6.60743238,-0.273865873,0.926221534,-0.914959475,0.965861712,1.33042838,101.430134,37.8285914,-79.3980326,-0.746916692,-6.06972643,73.3783851,True,True
NGC 6624,-115.5,276.550987,-26.279268,7.94614545,6.70957495,-6.55744434,-0.284226163,0.922321788,-0.906706795,0.965122786,1.32422778,101.170832,38.4339797,-81.9909322,-0.679975472,-6.09493665,73.4990174,True,True
NGC 6624,-115.6,276.489309,-26.2730817,7.93450329,6.68977244,-6.50538814,-0.29455893,0.918360206,-0.898188678,0.964443068,1.31791249,100.891864,39.037858,-84.5888685,-0.612703288,-6.12036313,73.5945604,True,True
NGC 6624,-115.7,276.425304,-26.2663871,7.92286011,6.66944558,-6.45124915,-0.304862149,0.914336938,-0.889404615,0.963822061,1.31148524,100.592921,39.6403154,-87.1916923,-0.545102159,-6.14600431,73.6643627,True,True
NGC 6624,-115.8,276.358957,-26.2591774,7.91121876,6.64859167,-6.39501283,-0.315133759,0.910252125,-0.880354116,0.963259164,1.30494888,100.273686,40.2414423,-89.799237,-0.477174759,-6.17185831,73.7077609,True,True
NGC 6624,-115.9,276.290255,-26.2514454,7.89958218,6.62720794,-6.33666471,-0.32537167,0.906105898,-0.871036706,0.962753666,1.29830642,99.9338383,40.8413315,-92.4113171,-0.408924462,-6.19792284,73.7240799,True,True
NGC 6624,-116,276.219182,-26.2431842,7.88795335,6.60529155,-6.27619044,-0.335573756,0.901898378,-0.861451933,0.962304749,1.29156102,99.5730497,41.4400771,-95.0277266,-0.340355386,-6.22419521,73.7126333,True,True
NGC 6624,-116.1,276.145724,-26.2343868,7.87633534,6.58283957,-6.2135758,-0.345737859,0.897629679,-0.851599365,0.961911486,1.28471599,99.1909871,42.0377755,-97.6482381,-0.271472445,-6.25067229,73.672723,True,True
NGC 6624,-116.2,276.069867,-26.225046,7.86473128,6.55984898,-6.14880673,-0.355861785,0.893299902,-0.841478594,0.961572839,1.27777484,98.7873115,42.6345249,-100.272601,-0.202281405,-6.27735047,73.60364,True,True
NGC 6624,-116.3,275.991598,-26.2151549,7.8531444,6.53631671,-6.0818694,-0.365943307,0.888909139,-0.831089241,0.961287658,1.27074124,98.361679,43.2304253,-102.900538,-0.132788946,-6.30422562,73.5046648,True,True
NGC 6624,-116.4,275.910902,-26.2047066,7.84157798,6.51223959,-6.01275015,-0.375980162,0.884457471,-0.820430956,0.961054681,1.26361903,97.9137406,43.825579,-105.531748,-0.063002715,-6.33129308,73.3750673,True,True
NGC 6624,-116.5,275.827767,-26.1936941,7.83003539,6.48761437,-5.94143562,-0.385970049,0.87994497,-0.80950342,0.960872535,1.25641228,97.4431425,44.4200901,-108.165897,0.00706859761,-6.3585476,73.2141079,True,True
NGC 6624,-116.6,275.742179,-26.1821106,7.81852007,6.46243772,-5.86791273,-0.395910635,0.875371696,-0.798306352,0.960739734,1.24912524,96.9495272,45.0140648,-110.802623,0.0774151916,-6.38598329,73.0210377,True,True
NGC 6624,-116.7,275.654126,-26.1699491,7.80703556,6.43670625,-5.79216874,-0.405799545,0.870737698,-0.786839508,0.960654678,1.24176239,96.432533,45.6076115,-113.441528,0.148026078,-6.41359359,72.7950992,True,True
NGC 6624,-116.8,275.563596,-26.1572031,7.79558544,6.41041645,-5.71419126,-0.41563437,0.866043015,-0.775102687,0.960615653,1.2343284,95.8917952,46.2008405,-116.08218,0.218888994,-6.44137123,72.5355273,True,True
NGC 6624,-116.9,275.470577,-26.143866,7.78417341,6.38356478,-5.63396833,-0.425412664,0.861287673,-0.763095733,0.960620836,1.22682822,95.3269463,46.793864,-118.724104,0.28999032,-6.46930815,72.2415496,True,True
NGC 6624,-117,275.375059,-26.1299312,7.77280323,6.35614757,-5.55148847,-0.435131941,0.856471687,-0.750818543,0.960668287,1.21926701,94.737617,47.3867964,-121.366787,0.361314975,-6.49739546,71.9123882,True,True
NGC 6624,-117.1,275.277029,-26.1153924,7.76147875,6.32816111,-5.46674069,-0.444789679,0.851595062,-0.738271068,0.960755956,1.21165019,94.1234365,47.9797539,-124.009668,0.43284632,-6.52562337,71.5472602,True,True
NGC 6624,-117.2,275.176479,-26.1002436,7.75020391,6.29960159,-5.37971458,-0.454383318,0.846657787,-0.725453318,0.960881682,1.20398344,93.4840338,48.5728548,-126.652135,0.504566041,-6.55398115,71.1453792,True,True
NGC 6624,-117.3,275.073399,-26.0844787,7.73898271,6.27046514,-5.29040036,-0.463910258,0.841659843,-0.712365369,0.961043193,1.19627273,92.8190383,49.166219,-129.293525,0.57645403,-6.58245701,70.7059566,True,True
NGC 6624,-117.4,274.96778,-26.0680921,7.72781925,6.24074781,-5.19878891,-0.473367865,0.836601196,-0.699007367,0.961238106,1.18852429,92.1280809,49.759968,-131.933117,0.648488253,-6.61103808,70.2282033,True,True
NGC 6624,-117.5,274.859615,-26.0510782,7.71671771,6.21044555,-5.10487189,-0.482753463,0.8314818,-0.685379536,0.961463931,1.18074468,91.4107954,50.3542251,-134.570124,0.720644608,-6.63971028,69.7113316,True,True
NGC 6624,-117.6,274.748897,-26.033432,7.70568236,6.17955428,-5.00864178,-0.492064341,0.826301598,-0.671482184,0.961718071,1.17294074,90.6668195,50.9491149,-137.203693,0.79289677,-6.66845828,69.1545567,True,True
NGC 6624,-117.7,274.635619,-26.0151486,7.69471754,6.14806982,-4.91009196,-0.501297753,0.821060519,-0.657315708,0.961997823,1.16511963,89.8957965,51.5447629,-139.832895,0.865216019,-6.69726533,68.5570997,True,True
NGC 6624,-117.8,274.519777,-25.9962235,7.68382769,6.11598793,-4.80921678,-0.510450912,0.815758477,-0.642880606,0.962300383,1.15728886,89.0973767,52.1412959,-142.456722,0.937571061,-6.72611323,67.9181894,True,True
NGC 6624,-117.9,274.401368,-25.9766525,7.67301729,6.08330431,-4.70601168,-0.519521001,0.810395377,-0.628177484,0.962622843,1.14945626,88.2712192,52.7388413,-145.074074,1.00992782,-6.75498217,67.2370653,True,True
NGC 6624,-118,274.280387,-25.9564322,7.66229096,6.0500146,-4.60047326,-0.528505165,0.804971107,-0.613207064,0.962962197,1.14163002,87.4169943,53.3375266,-147.683758,1.08224923,-6.78385061,66.5129807,True,True
NGC 6624,-118.1,274.156834,-25.9355592,7.65165335,6.01611437,-4.4925994,-0.537400518,0.799485546,-0.597970195,0.963315346,1.13381868,86.5343848,53.9374794,-150.284472,1.15449498,-6.81269515,65.745206,True,True
NGC 6624,-118.2,274.030709,-25.9140312,7.64110921,5.98159915,-4.38238936,-0.546204141,0.793938556,-0.582467866,0.963679093,1.12603118,85.6230894,54.5388269,-152.874801,1.22662124,-6.84149038,64.9330322,True,True
NGC 6624,-118.3,273.902014,-25.8918459,7.63066335,5.94646442,-4.26984389,-0.554913086,0.78832999,-0.566701217,0.964050157,1.11827679,84.6828245,55.1416952,-155.453203,1.2985804,-6.87020869,64.0757755,True,True
NGC 6624,-118.4,273.770752,-25.8690023,7.62032067,5.91070561,-4.1549654,-0.563524375,0.782659684,-0.550671553,0.964425167,1.1105652,83.7133275,55.7462087,-158.017994,1.3703207,-6.89882011,63.1727815,True,True
NGC 6624,-118.5,273.636928,-25.8454995,7.61008612,5.87431813,-4.03775806,-0.572035009,0.776927464,-0.534380358,0.964800672,1.10290648,82.71436,56.3524896,-160.56734,1.44178592,-6.9272921,62.2234302,True,True
NGC 6624,-118.6,273.500548,-25.821338,7.59996472,5.83729736,-3.91822798,-0.58044196,0.771133144,-0.517829313,0.965173142,1.09531109,81.6857108,56.960657,-163.099236,1.51291494,-6.95558931,61.2271414,True,True
NGC 6624,-118.7,273.361623,-25.7965187,7.58996157,5.79963863,-3.79638337,-0.588742185,0.765276525,-0.501020313,0.965538979,1.0877899,80.6272003,57.5708262,-165.611493,1.58364131,-6.98367333,60.1833808,True,True
NGC 6624,-118.8,273.220164,-25.7710438,7.58008179,5.76133731,-3.67223472,-0.596932621,0.759357395,-0.483955487,0.965894512,1.08035416,79.5386839,58.1831075,-168.101714,1.65389277,-7.01150245,59.0916669,True,True
NGC 6624,-118.9,273.076184,-25.7449165,7.57033058,5.72238875,-3.54579499,-0.605010194,0.753375535,-0.46663722,0.966236012,1.07301553,78.4200569,58.797605,-170.567275,1.72359067,-7.03903127,57.9515776,True,True
NGC 6624,-119,272.929699,-25.718141,7.56071316,5.68278829,-3.41707988,-0.612971821,0.747330711,-0.44906818,0.966559696,1.06578604,77.2712589,59.4144155,-173.005299,1.79264938,-7.06621043,56.7627586,True,True
NGC 6624,-119.1,272.780731,-25.6907231,7.5512348,5.64253133,-3.286108,-0.620814416,0.741222684,-0.431251342,0.966861731,1.0586781,76.0922789,60.033627,-175.412629,1.86097559,-7.09298616,55.5249318,True,True
NGC 6624,-119.2,272.6293,-25.6626698,7.5419008,5.60161331,-3.15290118,-0.628534894,0.735051203,-0.413190019,0.967138244,1.05170451,74.8831612,60.6553171,-177.785797,1.92846755,-7.11929987,54.2379046,True,True
NGC 6624,-119.3,272.475433,-25.6339898,7.53271647,5.56002971,-3.01748475,-0.636130176,0.728816011,-0.394887896,0.967385331,1.04487838,73.6440103,61.2795509,-180.120987,1.99501421,-7.14508768,52.9015806,True,True
NGC 6624,-119.4,272.319161,-25.6046934,7.52368713,5.5177761,-2.87988783,-0.643597201,0.722516846,-0.37634907,0.967599064,1.03821316,72.3749981,61.9063793,-182.414,2.06049427,-7.17027981,51.5159703,True,True
NGC 6624,-119.5,272.160517,-25.5747929,7.5148181,5.47484815,-2.74014376,-0.650932925,0.71615344,-0.357578086,0.967775502,1.03172259,71.0763693,62.5358365,-184.660205,2.12477516,-7.19480006,50.0812035,True,True
NGC 6624,-119.6,271.999538,-25.5443028,7.50611467,5.43124165,-2.59829041,-0.658134336,0.709725523,-0.338579991,0.9679107,1.02542066,69.748449,63.1679373,-186.854498,2.18771186,-7.21856509,48.5975423,True,True
NGC 6624,-119.7,271.83627,-25.5132396,7.49758211,5.38695253,-2.45437062,-0.665198458,0.703232826,-0.319360375,0.968000721,1.01932156,68.3916488,63.8026745,-188.991248,2.24914573,-7.24148376,47.0653957,True,True
NGC 6624,-119.8,271.670759,-25.4816226,7.48922566,5.34197691,-2.30843268,-0.672122362,0.69667508,-0.299925435,0.968041651,1.01343964,67.0064744,64.4400157,-191.064242,2.30890318,-7.26345632,45.4853342,True,True
NGC 6624,-119.9,271.503061,-25.4494738,7.48105046,5.2963111,-2.16053083,-0.678903178,0.690052022,-0.280282036,0.968029606,1.00778933,65.5935328,65.0798999,-193.066633,2.36679441,-7.28437367,43.8581076,True,True
NGC 6624,-120,271.333235,-25.4168183,7.4730616,5.24995167,-2.01072585,-0.685538101,0.683363396,-0.260437779,0.967960753,1.00238508,64.1535387,65.7222338,-194.990887,2.42261219,-7.30411665,42.1846617,True,True
NGC 6624,-120.1,271.16135,-25.3836847,7.46526404,5.20289545,-1.85908558,-0.692024405,0.676608957,-0.240401071,0.967831317,0.997241261,62.6873222,66.3668881,-196.828736,2.47613078,-7.32255535,40.466158,False,False
NGC 6624,-120.2,270.98748,-25.350105,7.45766264,5.1551396,-1.70568558,-0.698359457,0.669788478,-0.220181203,0.967637605,0.992372056,61.1958341,67.0136932,-198.571145,2.52710532,-7.33954866,38.7039931,False,False
NGC 6624,-120.3,270.811707,-25.3161153,7.45026207,5.10668164,-1.55060974,-0.704540725,0.662901747,-0.199788432,0.967376018,0.987791363,59.6801524,67.6624357,-200.208313,2.5752718,-7.35494423,36.8998192,False,False
NGC 6624,-120.4,270.634124,-25.2817563,7.44306686,5.0575195,-1.39395093,-0.710565796,0.655948581,-0.179234054,0.967043066,0.983512653,58.141486,68.3128541,-201.7297,2.62034803,-7.36857888,35.0555651,False,False
NGC 6624,-120.5,270.45483,-25.247073,7.43608131,5.00765156,-1.23581153,-0.716432388,0.648928823,-0.158530476,0.966635394,0.979548823,56.5811778,68.9646355,-203.124122,2.66203612,-7.38027991,33.1734551,False,False
NGC 6624,-120.6,270.273936,-25.2121155,7.42930947,4.95707671,-1.0763039,-0.722138361,0.641842353,-0.137691277,0.966149791,0.975912038,55.0007054,69.6174133,-204.379918,2.70002684,-7.38986752,31.2560264,False,False
NGC 6624,-120.7,270.091561,-25.1769387,7.42275514,4.90579441,-0.915550654,-0.727681733,0.634689089,-0.116731241,0.965583215,0.972613555,53.4016793,70.2707655,-205.485221,2.73400649,-7.39715859,29.3061408,False,False
NGC 6624,-120.8,269.907835,-25.1416028,7.41642179,4.85380473,-0.753684709,-0.733060697,0.627468996,-0.0956663603,0.964932809,0.969663539,51.7858372,70.9242151,-206.428333,2.76366655,-7.40197217,27.3269896,False,False
NGC 6624,-120.9,269.722896,-25.1061728,7.41031257,4.8011084,-0.590848921,-0.738273624,0.620182092,-0.0745137945,0.96419592,0.967070875,50.1550346,71.5772327,-207.198221,2.78871612,-7.40413656,25.3220865,False,False
NGC 6624,-121,269.536893,-25.0707185,7.40443025,4.74770685,-0.427195318,-0.743319086,0.612828449,-0.0532917735,0.963370112,0.964842985,48.5112307,72.2292411,-207.785096,2.80889658,-7.4034978,23.2952463,False,False
NGC 6624,-121.1,269.34998,-25.0353134,7.39877718,4.69360227,-0.262883832,-0.748195856,0.605408203,-0.0320194371,0.962453184,0.962985657,46.8564692,72.8796239,-208.181038,2.82399732,-7.39992884,21.2505462,False,False
NGC 6624,-121.2,269.162317,-25.0000342,7.39335531,4.63879762,-0.0980805443,-0.752902921,0.597921551,-0.0107166155,0.96144318,0.961502904,45.1928546,73.5277349,-208.38058,2.83387045,-7.39333821,19.1922678,False,False
NGC 6624,-121.3,268.974068,-24.9649599,7.38816613,4.58329665,0.0670445231,-0.757439484,0.590368761,0.0105964477,0.960338401,0.96039686,43.5225249,74.1729117,-208.381168,2.83844238,-7.38367707,17.1248229,False,False
NGC 6624,-121.4,268.785399,-24.93017,7.38321067,4.52710391,0.232319923,-0.761804968,0.582750166,0.0318994098,0.959137407,0.959667722,41.8476206,74.8144889,-208.183407,2.83772013,-7.37094318,15.0526669,False,False
NGC 6624,-121.5,268.596474,-24.8957437,7.37848953,4.47022473,0.397575368,-0.765999014,0.575066168,0.0531721515,0.957839019,0.959313747,40.1702544,75.451812,-207.791056,2.83179114,-7.35518116,12.9802077,False,False
NGC 6624,-121.6,268.407452,-24.8617584,7.37400284,4.41266522,0.562644248,-0.770021476,0.567317235,0.0743950878,0.956442324,0.959331302,38.4924811,76.0842509,-207.210753,2.82081656,-7.33647903,10.9117175,False,False
NGC 6624,-121.7,268.218488,-24.8282888,7.36975032,4.35443222,0.727365851,-0.773872413,0.559503897,0.0955494413,0.95494666,0.959714967,36.8162713,76.7112099,-206.451536,2.80501936,-7.31496155,8.85125674,False,False
NGC 6624,-121.8,268.029729,-24.7954056,7.36573126,4.29553325,0.891587128,-0.777552082,0.551626743,0.116617456,0.953351617,0.96045767,35.143489,77.3321367,-205.524239,2.7846692,-7.29078163,6.80261464,False,False
NGC 6624,-121.9,267.841312,-24.7631754,7.36194462,4.23597648,1.05516396,-0.781060924,0.543686417,0.137582548,0.951657022,0.961550854,33.4758753,77.9465273,-204.440854,2.76006643,-7.26411114,4.76926854,False,False
NGC 6624,-122,267.653367,-24.7316598,7.35838897,4.17577065,1.21796197,-0.78439955,0.535683609,0.158429392,0.949862929,0.962984661,31.8150364,78.5539287,-203.213932,2.7315272,-7.23513224,2.75436201,False,False
NGC 6624,-122.1,267.466012,-24.7009156,7.35506261,4.11492503,1.37985679,-0.78756873,0.527619057,0.179143957,0.947969606,0.964748118,30.1624385,79.1539394,-201.856086,2.69937073,-7.20402992,0.760698883,False,False
NGC 6624,-122.2,267.279357,-24.6709945,7.35196355,4.05344938,1.54073412,-0.790569375,0.519493534,0.199713483,0.94597752,0.966829325,28.5194049,79.7462079,-200.379598,2.66390964,-7.17098624,-1.20925031,False,False
NGC 6624,-122.3,267.093502,-24.6419433,7.34908956,3.99135386,1.70048932,-0.793402525,0.511307848,0.220126442,0.943887325,0.969215628,26.8871187,80.33043,-198.796157,2.62544299,-7.13617613,-3.15333319,False,False
NGC 6624,-122.4,266.908538,-24.6138045,7.3464382,3.92864899,1.85902701,-0.796069334,0.503062836,0.24037246,0.941699847,0.971893781,25.2666274,80.9063458,-197.116684,2.58425195,-7.09976474,-5.06969494,False,False
NGC 6624,-122.5,266.724548,-24.586616,7.34400685,3.86534562,2.01626045,-0.798571056,0.494759358,0.260442239,0.939416071,0.974850098,23.6588489,81.4737353,-195.351248,2.54059741,-7.06190594,-6.95675466,False,False
NGC 6624,-122.6,266.541608,-24.5604118,7.34179275,3.80145487,2.17211086,-0.800909033,0.486398297,0.280327464,0.93703713,0.978070585,22.0645802,82.0324154,-193.509039,2.4947192,-7.02274165,-8.81318082,False,False
NGC 6624,-122.7,266.359786,-24.5352225,7.33979299,3.7369881,2.32650681,-0.803084683,0.47798055,0.300020716,0.934564291,0.981541056,20.4845057,82.5822357,-191.598377,2.44683621,-6.98240195,-10.6378669,False,False
NGC 6624,-122.8,266.179145,-24.511075,7.33800457,3.67195684,2.47938355,-0.805099488,0.469507031,0.319515385,0.931998947,0.985247237,18.9192064,83.1230748,-189.62676,2.39714732,-6.94100538,-12.4299079,False,False
NGC 6624,-122.9,265.99974,-24.4879934,7.33642439,3.60637282,2.63068241,-0.806954984,0.460978664,0.338805587,0.929342603,0.989174858,17.3691688,83.6548377,-187.600913,2.34583262,-6.8986597,-14.1885787,False,False
NGC 6624,-123,265.821622,-24.465999,7.33504928,3.54024787,2.7803502,-0.808652754,0.452396379,0.357886089,0.92659687,0.993309727,15.8347936,84.1774519,-185.526854,2.29305489,-6.85546263,-15.9133138,False,False
NGC 6624,-123.1,265.644839,-24.4451107,7.33387601,3.47359394,2.92833874,-0.810194416,0.443761117,0.376752241,0.923763455,0.997637796,14.3164048,84.6908656,-183.409955,2.23896108,-6.81150271,-17.6036889,False,False
NGC 6624,-123.2,265.469433,-24.4253452,7.33290132,3.40642306,3.07460434,-0.81158162,0.435073818,0.395399911,0.920844152,1.00214522,12.8142569,85.1950446,-181.255012,2.18368382,-6.7668601,-19.2594043,False,False
NGC 6624,-123.3,265.295442,-24.406717,7.33212191,3.33874732,3.21910738,-0.812816036,0.42633543,0.413825432,0.91784084,1.0068184,11.3285428,85.6899704,-179.066297,2.12734287,-6.72160744,-20.88027,False,False
NGC 6624,-123.4,265.122901,-24.389239,7.33153447,3.27057885,3.36181194,-0.813899352,0.417546899,0.432025546,0.914755469,1.01164403,9.85940085,86.1756382,-176.847619,2.07004637,-6.67581055,-22.4661925,False,False
NGC 6624,-123.5,264.951842,-24.3729224,7.33113565,3.2019298,3.50268544,-0.81483327,0.408709171,0.449997368,0.911590063,1.01660911,8.40692076,86.6520553,-174.602372,2.01189208,-6.62952916,-24.0171625,False,False
NGC 6624,-123.6,264.782294,-24.3577767,7.33092214,3.13281234,3.6416983,-0.815619494,0.399823192,0.467738338,0.908346709,1.02170098,6.97114968,87.1192392,-172.333582,1.95296851,-6.58281749,-25.5332445,False,False
NGC 6624,-123.7,264.614283,-24.3438106,7.33089059,3.06323863,3.77882373,-0.816259736,0.390889904,0.485246188,0.905027554,1.02690736,5.55209735,87.5772166,-170.043946,1.89335579,-6.53572485,-27.0145673,False,False
NGC 6624,-123.8,264.447835,-24.331031,7.33103769,2.9932208,3.91403741,-0.816755703,0.381910247,0.502518912,0.901634801,1.03221634,4.14974088,88.0260218,-167.735869,1.83312667,-6.48829614,-28.4613157,False,False
NGC 6624,-123.9,264.28297,-24.319444,7.33136014,2.92277096,4.04731731,-0.817109101,0.372885158,0.519554736,0.89817071,1.03761638,2.76402897,88.4656959,-165.411497,1.77234718,-6.4405723,-29.8737229,False,False
NGC 6624,-124,264.11971,-24.3090549,7.33185466,2.8519012,4.17864346,-0.817321629,0.363815568,0.536352092,0.894637587,1.04309634,1.39488583,88.8962855,-163.072746,1.71107741,-6.39259071,-31.2520644,False,False
NGC 6624,-124.1,263.958072,-24.2998676,7.33251798,2.78062355,4.30799781,-0.817394976,0.354702404,0.5529096,0.891037789,1.04864549,0.0422145076,89.317842,-160.721324,1.64937206,-6.34438556,-32.5966513,False,False
NGC 6624,-124.2,263.798074,-24.2918857,7.33334687,2.70894997,4.43536403,-0.817330821,0.345546586,0.569226043,0.887373717,1.05425348,-1.2941,89.730421,-158.35876,1.58728101,-6.29598814,-33.9078261,False,False
NGC 6624,-124.3,263.63973,-24.2851117,7.33433813,2.63689239,4.56072736,-0.817130831,0.336349029,0.585300353,0.883647817,1.05991036,-2.614188,90.1340811,-155.986416,1.52484981,-6.24742717,-35.1859576,False,False
NGC 6624,-124.4,263.483056,-24.2795475,7.33548859,2.56446267,4.68407453,-0.816796657,0.327110643,0.601131593,0.879862576,1.06560656,-3.91819263,90.5288834,-153.605508,1.46212005,-6.19872901,-36.4314371,False,False
NGC 6624,-124.5,263.328065,-24.2751946,7.33679512,2.49167258,4.80539358,-0.816329937,0.317832331,0.616718943,0.876020523,1.07133291,-5.20626782,90.9148915,-151.217125,1.39912982,-6.14991792,-37.6446744,False,False
NGC 6624,-124.6,263.174767,-24.2720536,7.33825463,2.41853384,4.9246738,-0.815732292,0.308514988,0.63206169,0.872124228,1.07708061,-6.47857629,91.2921699,-148.822236,1.33591398,-6.10101622,-38.8260956,False,False
NGC 6624,-124.7,263.023174,-24.2701249,7.33986405,2.34505808,5.04190559,-0.815005325,0.299159504,0.647159213,0.8681763,1.08284123,-7.73528787,91.6607848,-146.421706,1.27250447,-6.05204451,-39.9761393,False,False
NGC 6624,-124.8,262.873296,-24.2694082,7.34162036,2.27125684,5.15708044,-0.814150623,0.289766761,0.662010976,0.864179387,1.0886067,-8.97657802,92.0208024,-144.016307,1.2089306,-6.00302181,-41.0952547,False,False
NGC 6624,-124.9,262.725141,-24.2699029,7.3435206,2.19714162,5.27019075,-0.813169754,0.280337636,0.676616516,0.860136174,1.09436929,-10.2026265,92.3722897,-141.606725,1.14521928,-5.9539657,-42.1838996,False,False
NGC 6624,-125,262.578719,-24.2716079,7.34556181,2.12272377,5.38122984,-0.812064266,0.270872997,0.690975438,0.856049387,1.10012163,-11.4136162,92.7153133,-139.193573,1.0813952,-5.90489243,-43.2425381,False,False
NGC 6624,-125.1,262.434036,-24.2745218,7.34774112,2.04801461,5.49019187,-0.810835692,0.261373706,0.705087405,0.851921788,1.10585667,-12.6097321,93.0499395,-136.777394,1.01748107,-5.8558171,-44.2716389,False,False
NGC 6624,-125.2,262.291099,-24.2786431,7.35005566,1.97302534,5.59707174,-0.809485542,0.25184062,0.718952132,0.84775618,1.11156768,-13.7911604,93.376234,-134.358668,0.953497724,-5.80675368,-45.2716744,False,False
NGC 6624,-125.3,262.149916,-24.2839695,7.35250264,1.89776708,5.70186507,-0.808015309,0.242274586,0.732569382,0.843555401,1.11724823,-14.9580877,93.6942618,-131.937823,0.889464347,-5.75771515,-46.2431188,False,False
NGC 6624,-125.4,262.010491,-24.2904988,7.35507928,1.82225085,5.80456813,-0.806426466,0.232676447,0.745938956,0.83932233,1.1228922,-16.1107003,94.0040865,-129.515232,0.825398556,-5.70871359,-47.186447,False,False
NGC 6624,-125.5,261.872829,-24.2982284,7.35778287,1.7464876,5.9051778,-0.804720469,0.223047039,0.759060694,0.835059887,1.12849375,-17.2491837,94.3057705,-127.091228,0.761316545,-5.65976023,-48.1021341,False,False
NGC 6624,-125.6,261.736936,-24.3071556,7.36061073,1.67048817,6.00369154,-0.802898752,0.213387191,0.771934467,0.830771026,1.13404732,-18.373722,94.599375,-124.666099,0.697233192,-5.61086552,-48.9906541,False,False
NGC 6624,-125.7,261.602816,-24.3172773,7.36356022,1.59426332,6.10010732,-0.800962732,0.203697726,0.784560172,0.826458748,1.1395476,-19.4844972,94.8849593,-122.240098,0.633162161,-5.5620392,-49.8524791,False,False
NGC 6624,-125.8,261.470472,-24.3285904,7.36662875,1.5178237,6.1944236,-0.798913808,0.193979462,0.796937732,0.822126088,1.14498954,-20.5816893,95.1625812,-119.813442,0.569115992,-5.51329038,-50.6880788,False,False
NGC 6624,-125.9,261.339908,-24.3410914,7.36981377,1.44117989,6.28663931,-0.79675336,0.18423321,0.809067089,0.817776126,1.15036835,-21.6654754,95.4322964,-117.386319,0.505106183,-5.46462754,-51.49792,False,False
NGC 6624,-126,261.211128,-24.3547768,7.37311278,1.36434236,6.37675379,-0.79448275,0.174459775,0.820948204,0.813411983,1.15567946,-22.7360301,95.6941588,-114.958889,0.441143265,-5.41605861,-52.2824658,False,False
NGC 6624,-126.1,261.084133,-24.3696429,7.37652332,1.28732151,6.46476678,-0.792103322,0.164659959,0.832581054,0.80903682,1.16091851,-23.7935244,95.9482203,-112.531287,0.377236871,-5.367591,-53.0421755,False,False
NGC 6624,-126.2,260.958928,-24.3856859,7.38004295,1.21012764,6.55067838,-0.789616404,0.154834557,0.843965625,0.804653842,1.16608138,-24.8381262,96.1945305,-110.103623,0.313395797,-5.31923166,-53.7775038,False,False
NGC 6624,-126.3,260.835513,-24.4029017,7.38366931,1.13277095,6.63448904,-0.787023306,0.144984359,0.855101918,0.800266298,1.17116414,-25.8699996,96.4331368,-107.675989,0.249628058,-5.27098708,-54.4889009,False,False
NGC 6624,-126.4,260.713892,-24.4212863,7.38740006,1.05526156,6.7161995,-0.78432532,0.13511015,0.865989938,0.795877478,1.17616306,-26.8893051,96.6640844,-105.248454,0.185940942,-5.22286335,-55.1768118,False,False
NGC 6624,-126.5,260.594065,-24.4408354,7.39123289,0.977609518,6.79581084,-0.781523725,0.125212711,0.876629698,0.791490717,1.18107459,-27.8961994,96.8874162,-102.821075,0.122341057,-5.17486618,-55.8416767,False,False
NGC 6624,-126.6,260.476035,-24.4615448,7.39516555,0.899824757,6.87332437,-0.778619781,0.11529282,0.887021217,0.787109394,1.18589537,-28.8908351,97.1031725,-100.393886,0.0588343733,-5.12700093,-56.4839299,False,False
NGC 6624,-126.7,260.359804,-24.48341,7.39919582,0.821917141,6.94874167,-0.775614736,0.105351249,0.897164515,0.782736932,1.19062222,-29.8733609,97.3113913,-97.9669135,-0.00457373754,-5.07927264,-57.1040005,False,False
NGC 6624,-126.8,260.245372,-24.5064266,7.40332152,0.743896448,7.02206457,-0.772509819,0.0953887673,0.907059615,0.778376797,1.1952521,-30.8439211,97.5121079,-95.5401657,-0.0678784629,-5.03168602,-57.7023116,False,False
NGC 6624,-126.9,260.13274,-24.53059,7.40754052,0.665772368,7.09329509,-0.769306248,0.08540614,0.916706541,0.774032501,1.19978214,-31.8026561,97.7053555,-93.1136408,-0.131075517,-4.98424554,-58.2792807,False,False
NGC 6624,-127,260.021911,-24.5558957,7.4118507,0.587554513,7.16243548,-0.766005225,0.0754041297,0.926105313,0.769707599,1.20420963,-32.7497018,97.8911641,-90.6873254,-0.19416111,-4.93695537,-58.8353191,False,False
NGC 6624,-127.1,259.912884,-24.5823387,7.41625001,0.509252411,7.22948817,-0.762607939,0.0653834958,0.935255953,0.76540569,1.20853199,-33.68519,98.0695617,-88.2611961,-0.257131917,-4.88981946,-59.3708324,False,False
NGC 6624,-127.2,259.80566,-24.6099146,7.42073642,0.430875514,7.29445574,-0.759115564,0.0553449947,0.944158478,0.761130415,1.21274677,-34.6092483,98.2405732,-85.83522,-0.319985055,-4.84284154,-59.8862199,False,False
NGC 6624,-127.3,259.700242,-24.6386183,7.42530793,0.352433191,7.35734095,-0.755529264,0.0452893809,0.952812902,0.756885458,1.21685168,-35.5219997,98.4042212,-83.4093557,-0.382718055,-4.7960251,-60.381875,False,False
NGC 6624,-127.4,259.596628,-24.668445,7.4299626,0.273934738,7.41814672,-0.751850189,0.0352174063,0.961219233,0.752674546,1.22084454,-36.4235631,98.5605252,-80.9835542,-0.445328841,-4.74937347,-60.8581849,False,False
NGC 6624,-127.5,259.494819,-24.6993899,7.4346985,0.195389374,7.47687608,-0.748079478,0.0251298211,0.969377475,0.748501445,1.22472328,-37.3140531,98.7095023,-78.557759,-0.507815705,-4.70288979,-61.3155307,False,False
NGC 6624,-127.6,259.394817,-24.731448,7.43951375,0.116806242,7.53353219,-0.744218256,0.0150273738,0.977287626,0.744369958,1.22848595,-38.1935798,98.8511668,-76.1319073,-0.570177295,-4.65657702,-61.7542874,False,False
NGC 6624,-127.7,259.296622,-24.7646143,7.4444065,0.0381944171,7.58811832,-0.74026764,0.00491081181,0.984949677,0.740283929,1.23213074,-39.0622492,98.9855301,-73.7059303,-0.632412587,-4.61043799,-62.1748237,False,False
NGC 6624,-127.8,259.200235,-24.7988838,7.44937493,-0.040437101,7.64063786,-0.736228735,-0.00521911873,0.99236361,0.736247234,1.23565591,-39.9201629,99.1126008,-71.2797537,-0.694520874,-4.56447537,-62.5775026,False,False
NGC 6624,-127.9,259.105655,-24.8342514,7.45441726,-0.11907938,7.69109428,-0.732102636,-0.0153616723,0.999529401,0.732263785,1.23905984,-40.7674181,99.2323849,-68.853298,-0.756501751,-4.51869171,-62.9626806,False,False
NGC 6624,-128,259.012883,-24.870712,7.45953173,-0.197723555,7.73949113,-0.727890428,-0.0255161039,1.00644702,0.728337523,1.242341,-41.604108,99.3448853,-66.4264794,-0.818355093,-4.47308942,-63.3307085,False,False
NGC 6624,-128.1,258.92192,-24.9082605,7.46471663,-0.27636083,7.78583205,-0.723593188,-0.0356816686,1.01311642,0.724472417,1.24549796,-42.4303214,99.4501022,-63.9992096,-0.88008105,-4.42767084,-63.681931,False,False
NGC 6624,-128.2,258.832767,-24.9468917,7.46997026,-0.35498247,7.83012072,-0.719211981,-0.0458576214,1.01953755,0.720672461,1.24852938,-43.2461427,99.5480328,-61.5713967,-0.941680026,-4.38243816,-64.0166867,False,False
NGC 6624,-128.3,258.745424,-24.9866006,7.47529098,-0.433579806,7.87236092,-0.714747868,-0.0560432168,1.02571036,0.716941669,1.25143402,-44.0516525,99.6386713,-59.1429451,-1.00315267,-4.33739353,-64.3353084,False,False
NGC 6624,-128.4,258.65989,-25.0273819,7.48067715,-0.512144229,7.91255644,-0.710201898,-0.0662377087,1.03163477,0.713284074,1.2542107,-44.8469267,99.7220092,-56.7137562,-1.06449987,-4.29253897,-64.6381232,False,False
NGC 6624,-128.5,258.576168,-25.0692303,7.48612718,-0.590667189,7.95071116,-0.705575115,-0.0764403499,1.0373107,0.70970372,1.25685833,-45.6320375,99.7980349,-54.2837285,-1.12572273,-4.24787647,-64.9254521,False,False
NGC 6624,-128.6,258.494258,-25.1121408,7.4916395,-0.669140195,7.98682895,-0.700868554,-0.0866503918,1.04273806,0.706204659,1.25937591,-46.4070527,99.8667336,-51.8527577,-1.18682257,-4.20340792,-65.1976106,False,False
NGC 6624,-128.7,258.41416,-25.156108,7.49721256,-0.747554812,8.02091375,-0.696083246,-0.0968670842,1.04791676,0.702790948,1.26176251,-47.1720359,99.9280877,-49.4207372,-1.24780092,-4.15913516,-65.4549082,False,False
NGC 6624,-128.8,258.335875,-25.2011266,7.50284486,-0.825902658,8.05296952,-0.691220211,-0.107089675,1.05284666,0.699466639,1.26401728,-47.9270467,99.9820766,-46.9875583,-1.30865948,-4.11506,-65.6976491,False,False
NGC 6624,-128.9,258.259403,-25.2471914,7.50853491,-0.904175405,8.08300023,-0.686280469,-0.11731741,1.05752766,0.696235777,1.26613941,-48.6721405,100.028676,-44.5531103,-1.36940017,-4.07118418,-65.9261316,False,False
NGC 6624,-129,258.184747,-25.2942971,7.51428126,-0.982364775,8.11100986,-0.68126503,-0.127549531,1.06195962,0.69310239,1.26812821,-49.4073689,100.06786,-42.1172809,-1.43002506,-4.02750942,-66.1406487,False,False
NGC 6624,-129.1,258.111905,-25.3424384,7.52008246,-1.06046254,8.13700243,-0.6761749,-0.137785279,1.06614238,0.690070488,1.26998301,-50.132779,100.099597,-39.6799562,-1.49053641,-3.9840374,-66.3414878,False,False
NGC 6624,-129.2,258.040881,-25.39161,7.52593713,-1.13846051,8.16098193,-0.671011082,-0.148023891,1.0700758,0.68714405,1.27170325,-50.8484141,100.123854,-37.2410209,-1.55093662,-3.94076978,-66.5289309,False,False
NGC 6624,-129.3,257.971674,-25.4418064,7.53184388,-1.21635056,8.18295238,-0.665774574,-0.1582646,1.07375969,0.684327017,1.2732884,-51.5543134,100.140595,-34.8003585,-1.61122827,-3.89770822,-66.7032547,False,False
NGC 6624,-129.4,257.904286,-25.4930224,7.53780135,-1.29412459,8.20291778,-0.660466368,-0.168506634,1.07719388,0.68162329,1.274738,-52.2505121,100.14978,-32.3578518,-1.67141407,-3.85485434,-66.8647305,False,False
NGC 6624,-129.5,257.838718,-25.5452526,7.54380822,-1.37177455,8.22088213,-0.655087456,-0.17874922,1.08037818,0.679036714,1.27605167,-52.9370414,100.151365,-29.9133824,-1.73149689,-3.81220979,-67.0136246,False,False
NGC 6624,-129.6,257.774972,-25.5984915,7.54986317,-1.44929241,8.23684942,-0.649638826,-0.188991578,1.08331237,0.676571076,1.27722907,-53.6139282,100.145304,-27.4668313,-1.79147972,-3.7697762,-67.1501978,False,False
NGC 6624,-129.7,257.713048,-25.6527339,7.55596492,-1.52667022,8.25082361,-0.644121461,-0.199232922,1.08599624,0.67423009,1.27826994,-54.2811958,100.131546,-25.0180791,-1.8513657,-3.72755521,-67.274706,False,False
NGC 6624,-129.8,257.652949,-25.7079741,7.56211222,-1.60390001,8.26280866,-0.638536345,-0.209472463,1.08842955,0.672017393,1.27917405,-54.9388632,100.110038,-22.5670059,-1.91115808,-3.68554848,-67.3873999,False,False
NGC 6624,-129.9,257.594677,-25.7642069,7.56830382,-1.68097389,8.27280851,-0.632884459,-0.219709406,1.09061206,0.669936536,1.27994126,-55.5869455,100.080722,-20.1134915,-1.97086025,-3.6437577,-67.4885253,False,False
NGC 6624,-130,257.538233,-25.8214267,7.57453851,-1.75788397,8.28082705,-0.627166782,-0.22994295,1.09254352,0.667990968,1.28057147,-56.2254538,100.043538,-17.6574157,-2.0304757,-3.60218457,-67.5783229,False,False
NGC 6624,-130.1,257.483618,-25.879628,7.5808151,-1.83462241,8.28686818,-0.621384294,-0.240172285,1.09422366,0.666184034,1.28106463,-56.854395,99.9984218,-15.1986582,-2.09000804,-3.56083083,-67.6570287,False,False
NGC 6624,-130.2,257.430836,-25.9388054,7.5871324,-1.91118137,8.29093574,-0.615537972,-0.250396597,1.0956522,0.664518962,1.28142077,-57.4737721,99.9453043,-12.737099,-2.14946098,-3.51969827,-67.7248736,False,False
NGC 6624,-130.3,257.379889,-25.9989533,7.59348927,-1.98755306,8.29303355,-0.609628795,-0.260615065,1.09682884,0.662998854,1.28163996,-58.0835843,99.8841137,-10.2726183,-2.20883834,-3.4787887,-67.7820839,False,False
NGC 6624,-130.4,257.330778,-26.0600662,7.59988456,-2.0637297,8.29316539,-0.603657741,-0.270826859,1.09775328,0.661626674,1.28172233,-58.6838264,99.8147741,-7.8050966,-2.26814404,-3.43810401,-67.8288811,False,False
NGC 6624,-130.5,257.283507,-26.1221384,7.60631718,-2.13970354,8.291335,-0.597625789,-0.281031141,1.09842521,0.660405244,1.28166806,-59.2744893,99.7372056,-5.33441526,-2.32738209,-3.39764612,-67.8654818,False,False
NGC 6624,-130.6,257.238078,-26.1851643,7.61278602,-2.21546682,8.2875461,-0.591533919,-0.291227066,1.09884428,0.659337229,1.28147741,-59.8555598,99.6513243,-2.86045615,-2.38655659,-3.35741704,-67.8920982,False,False
NGC 6624,-130.7,257.194493,-26.2491384,7.61929,-2.29101181,8.28180235,-0.585383115,-0.301413779,1.09901017,0.658425134,1.28115066,-60.4270207,99.5570422,-0.383102067,-2.44567172,-3.31741882,-67.9089377,False,False
NGC 6624,-130.8,257.152757,-26.3140548,7.62582806,-2.36633082,8.27410738,-0.579174358,-0.311590417,1.09892253,0.657671289,1.28068819,-60.9888507,99.4542672,2.09776321,-2.50473176,-3.27765361,-67.9162031,False,False
NGC 6624,-130.9,257.112871,-26.379908,7.63239917,-2.44141611,8.26446475,-0.572908636,-0.321756104,1.09858097,0.657077846,1.2800904,-61.5410244,99.3429027,4.58225472,-2.56374104,-3.23812362,-67.9140929,False,False
NGC 6624,-131,257.07484,-26.4466921,7.6390023,-2.51626001,8.25287802,-0.566586937,-0.331909959,1.09798513,0.656646769,1.27935778,-62.083512,99.222848,7.0704862,-2.622704,-3.19883118,-67.9028009,False,False
NGC 6624,-131.1,257.038666,-26.5144014,7.64563644,-2.5908548,8.23935066,-0.560210255,-0.342051087,1.09713462,0.656379826,1.27849085,-62.61628,99.0939978,9.5625699,-2.68162513,-3.15977867,-67.8825165,False,False
NGC 6624,-131.2,257.004354,-26.5830299,7.65230059,-2.6651928,8.22388611,-0.553779584,-0.352178583,1.09602905,0.656278586,1.27749022,-63.1392903,98.9562425,12.0586164,-2.74050897,-3.12096861,-67.8534245,False,False
NGC 6624,-131.3,256.971907,-26.6525719,7.65899379,-2.73926631,8.20648778,-0.547295925,-0.36229153,1.09466799,0.656344408,1.27635653,-63.652501,98.8094676,14.5587345,-2.79936016,-3.08240362,-67.8157057,False,False
NGC 6624,-131.4,256.941329,-26.7230214,7.66571508,-2.81306762,8.187159,-0.540760282,-0.372389001,1.09305102,0.656578442,1.2750905,-64.1558655,98.6535541,17.063031,-2.85818336,-3.04408642,-67.7695363,False,False
NGC 6624,-131.5,256.912625,-26.7943724,7.6724635,-2.88658904,8.16590307,-0.534173665,-0.382470053,1.09117773,0.656981618,1.27369293,-64.6493334,98.4883779,19.5716103,-2.91698331,-3.00601985,-67.7150881,False,False
NGC 6624,-131.6,256.885799,-26.8666188,7.67923812,-2.95982285,8.14272325,-0.527537089,-0.392533733,1.08904765,0.657554646,1.27216465,-65.1328496,98.3138103,22.0845745,-2.9757648,-2.96820691,-67.6525288,False,False
NGC 6624,-131.7,256.860854,-26.9397546,7.68603803,-3.03276131,8.11762272,-0.520851575,-0.402579074,1.08666034,0.658298013,1.27050658,-65.6063551,98.1297174,24.6020232,-3.03453265,-2.93065071,-67.5820217,False,False
NGC 6624,-131.8,256.837797,-27.0137735,7.69286233,-3.10539669,8.09060464,-0.514118149,-0.412605095,1.08401534,0.659211981,1.2687197,-66.0697862,97.9359602,27.1240528,-3.09329172,-2.8933545,-67.5037261,False,False
NGC 6624,-131.9,256.816633,-27.0886693,7.69971012,-3.17772121,8.06167211,-0.507337846,-0.422610799,1.08111216,0.660296583,1.26680507,-66.5230751,97.7323944,29.6507569,-3.15204693,-2.85632171,-67.4177968,False,False
NGC 6624,-132,256.797365,-27.1644357,7.70658052,-3.24972708,8.03082818,-0.500511706,-0.432595177,1.07795034,0.661551627,1.26476381,-66.9661493,97.5188704,32.1822254,-3.2108032,-2.8195559,-67.3243847,False,False
NGC 6624,-132.1,256.78,-27.2410663,7.71347266,-3.32140651,7.99807586,-0.493640778,-0.442557202,1.07452937,0.662976692,1.26259711,-67.398932,97.2952331,34.7185448,-3.2695655,-2.78306081,-67.2236364,False,False
NGC 6624,-132.2,256.764543,-27.3185545,7.7203857,-3.39275164,7.96341811,-0.486726118,-0.45249583,1.07084875,0.664571133,1.26030625,-67.8213421,97.0613217,37.2597976,-3.32833881,-2.74684038,-67.1156944,False,False
NGC 6624,-132.3,256.750999,-27.396894,7.72731879,-3.4637546,7.92685785,-0.479768792,-0.462410005,1.06690799,0.66633408,1.25789259,-68.2332936,96.8169699,39.8060619,-3.38712812,-2.71089869,-67.0006972,False,False
NGC 6624,-132.4,256.739376,-27.4760779,7.73427109,-3.53440748,7.88839794,-0.472769874,-0.472298647,1.06270655,0.668264443,1.25535755,-68.6346963,96.5620054,42.3574113,-3.44593845,-2.67524006,-66.8787793,False,False
NGC 6624,-132.5,256.729679,-27.5560995,7.74124179,-3.60470233,7.84804123,-0.465730447,-0.482160664,1.05824392,0.670360914,1.25270266,-69.0254553,96.29625,44.9139145,-3.50477479,-2.63986899,-66.7500708,False,False
NGC 6624,-132.6,256.721914,-27.636952,7.74823007,-3.67463117,7.80579051,-0.458651605,-0.491994942,1.05351957,0.672621973,1.24992952,-69.4054709,96.0195193,47.4756347,-3.56364216,-2.60479019,-66.6146982,False,False
NGC 6624,-132.7,256.716088,-27.7186283,7.75523512,-3.74418594,7.76164853,-0.451534453,-0.501800349,1.04853296,0.675045889,1.24703982,-69.7746392,95.7316229,50.0426294,-3.62254554,-2.57000861,-66.4727839,False,False
NGC 6624,-132.8,256.712207,-27.8011214,7.76225616,-3.81335857,7.71561803,-0.444380104,-0.511575733,1.04328355,0.677630731,1.24403536,-70.1328512,95.4323638,52.6149502,-3.6814899,-2.53552943,-66.3244463,False,False
NGC 6624,-132.9,256.71028,-27.8844241,7.76929239,-3.88214092,7.66770168,-0.437189686,-0.521319923,1.03777078,0.68037437,1.240918,-70.4799936,95.1215389,55.1926417,-3.74048018,-2.50135808,-66.1697999,False,False
NGC 6624,-133,256.710312,-27.9685289,7.77634305,-3.95052477,7.61790217,-0.429964336,-0.531031723,1.03199412,0.683274485,1.23768974,-70.815948,94.7989382,57.7757417,-3.7995213,-2.46750024,-66.0089552,False,False
NGC 6624,-133.1,256.712312,-28.0534285,7.78340735,-4.01850187,7.56622212,-0.422705205,-0.540709919,1.02595301,0.686328571,1.23435266,-71.1405916,94.464345,60.3642801,-3.85861812,-2.43396186,-65.8420191,False,False
NGC 6624,-133.2,256.716288,-28.1391151,7.79048455,-4.08606389,7.51266417,-0.415413457,-0.550353274,1.01964688,0.689533948,1.23090895,-71.4537967,94.1175361,62.9582788,-3.91777542,-2.40074917,-65.6690945,False,False
NGC 6624,-133.3,256.722246,-28.225581,7.79757387,-4.15320242,7.45723091,-0.408090266,-0.559960525,1.01307518,0.692887765,1.2273609,-71.7554309,93.758281,65.5577508,-3.97699796,-2.36786869,-65.4902805,False,False
NGC 6624,-133.4,256.730196,-28.3128183,7.80467458,-4.219909,7.39992493,-0.400736825,-0.569530388,1.00623736,0.696387009,1.22371095,-72.045357,93.3863422,68.1626999,-4.03629038,-2.33532727,-65.3056726,False,False
NGC 6624,-133.5,256.740145,-28.4008188,7.81178594,-4.28617507,7.34074883,-0.393354338,-0.579061554,0.999132834,0.700028513,1.21996161,-72.3234332,93.0014753,70.7731195,-4.09565725,-2.30313205,-65.1153624,False,False
NGC 6624,-133.6,256.752102,-28.4895742,7.81890719,-4.35199199,7.2797052,-0.385944023,-0.588552687,0.991761063,0.703808962,1.21611556,-72.5895129,92.6034282,73.3889922,-4.15510301,-2.27129052,-64.9194379,False,False
NGC 6624,-133.7,256.766076,-28.5790761,7.82603761,-4.41735104,7.21679663,-0.378507116,-0.598002427,0.984121486,0.707724904,1.21217558,-72.8434446,92.1919419,76.0102891,-4.214632,-2.23981052,-64.7179837,False,False
NGC 6624,-133.8,256.782075,-28.6693156,7.83317648,-4.4822434,7.15202574,-0.371044867,-0.607409384,0.97621355,0.711772754,1.20814459,-73.0850724,91.7667496,78.6369686,-4.27424841,-2.20870025,-64.5110807,False,False
NGC 6624,-133.9,256.80011,-28.7602841,7.84032307,-4.54666017,7.08539516,-0.363558543,-0.616772144,0.968036708,0.715948805,1.20402565,-73.3142356,91.327577,81.2689761,-4.33395628,-2.17796828,-64.2988063,False,False
NGC 6624,-134,256.820189,-28.8519723,7.84747666,-4.61059232,7.01690754,-0.356049426,-0.626089263,0.959590417,0.720249234,1.19982196,-73.5307689,90.8741424,83.9062422,-4.39375945,-2.14762359,-64.0812346,False,False
NGC 6624,-134.1,256.842321,-28.9443709,7.85463653,-4.67403074,6.9465656,-0.348518817,-0.635359266,0.950874144,0.724670106,1.19553687,-73.7345026,90.4061562,86.5486824,-4.45366161,-2.11767559,-63.8584364,False,False
NGC 6624,-134.2,256.866518,-29.0374703,7.86180197,-4.7369662,6.87437206,-0.340968033,-0.644580652,0.941887366,0.729207389,1.19117389,-73.9252625,89.9233212,89.1961957,-4.51366618,-2.08813407,-63.6304792,False,False
NGC 6624,-134.3,256.892788,-29.1312608,7.86897226,-4.79938935,6.80032974,-0.333398412,-0.653751885,0.932629569,0.733856953,1.18673668,-74.10287,89.4253325,91.8486633,-4.57377636,-2.05900933,-63.3974275,False,False
NGC 6624,-134.4,256.921141,-29.2257321,7.87614672,-4.86129072,6.72444151,-0.325811307,-0.6628714,0.923100253,0.738614581,1.18222907,-74.2671424,88.9118774,94.5059475,-4.63399509,-2.0303121,-63.1593426,False,False
NGC 6624,-134.5,256.951589,-29.3208739,7.88332461,-4.92266074,6.64671032,-0.318208091,-0.671937598,0.913298933,0.743475975,1.17765507,-74.4178927,88.3826355,97.1678903,-4.69432499,-2.00205361,-62.9162832,False,False
NGC 6624,-134.6,256.984141,-29.4166755,7.89050525,-4.98348967,6.56713922,-0.310590158,-0.680948849,0.903225143,0.748436758,1.17301886,-74.5549301,87.8372787,99.8343117,-4.75476834,-1.9742456,-62.6683051,False,False
NGC 6624,-134.7,257.018809,-29.513126,7.89768792,-5.04376767,6.48573135,-0.302958918,-0.689903488,0.892878434,0.753492488,1.16832479,-74.6780602,87.2754714,102.505008,-4.81532709,-1.94690035,-62.4154615,False,False
NGC 6624,-134.8,257.055602,-29.610214,7.90487193,-5.10348474,6.40249,-0.295315806,-0.698799814,0.88225838,0.758638653,1.16357744,-74.787085,86.6968704,105.179752,-4.87600276,-1.92003069,-62.1578035,False,False
NGC 6624,-134.9,257.094533,-29.7079279,7.91205657,-5.16263075,6.31741857,-0.287662274,-0.707636092,0.871364582,0.763870685,1.15878154,-74.881803,86.1011252,107.858287,-4.93679643,-1.89365003,-61.8953797,False,False
NGC 6624,-135,257.135611,-29.8062557,7.91924115,-5.22119542,6.23052063,-0.279999795,-0.716410551,0.860196665,0.769183959,1.15394205,-74.96201,85.4878781,110.540329,-4.9977087,-1.86777237,-61.6282369,False,False
NGC 6624,-135.1,257.178848,-29.9051851,7.92642495,-5.27916831,6.14179992,-0.272329864,-0.725121382,0.848754286,0.774573801,1.14906415,-75.027499,84.8567643,113.225563,-5.05873962,-1.84241237,-61.3564201,False,False
NGC 6624,-135.2,257.224256,-30.0047032,7.93360727,-5.33653883,6.05126038,-0.264653996,-0.733766738,0.837037136,0.780035489,1.14415319,-75.0780608,84.2074125,115.913639,-5.11988866,-1.81758532,-61.0799729,False,False
NGC 6624,-135.3,257.271845,-30.104797,7.94078742,-5.39329624,5.95890616,-0.25697373,-0.742344736,0.825044944,0.785564259,1.1392148,-75.1134841,83.539445,118.604172,-5.18115467,-1.79330722,-60.7989377,False,False
NGC 6624,-135.4,257.321628,-30.2054528,7.94796469,-5.4494296,5.86474164,-0.249290625,-0.750853452,0.812777481,0.791155309,1.1342548,-75.1335563,82.852478,121.296739,-5.24253574,-1.76959475,-60.5133563,False,False
NGC 6624,-135.5,257.373614,-30.3066566,7.95513838,-5.50492786,5.76877149,-0.241606261,-0.759290923,0.800234561,0.796803797,1.12927926,-75.1380638,82.1461224,123.990875,-5.30402922,-1.74646538,-60.2232697,False,False
NGC 6624,-135.6,257.427817,-30.408394,7.96230778,-5.55977973,5.67100065,-0.23392224,-0.767655145,0.78741605,0.802504852,1.12429448,-75.1267926,81.4199839,126.686069,-5.36563162,-1.72393733,-59.928719,False,False
NGC 6624,-135.7,257.484246,-30.5106498,7.96947218,-5.61397381,5.57143439,-0.226240189,-0.775944076,0.774321867,0.80825357,1.11930701,-75.0995291,80.673664,129.381764,-5.42733848,-1.70202965,-59.6297457,False,False
NGC 6624,-135.8,257.542914,-30.6134087,7.97663088,-5.66749847,5.47007834,-0.218561752,-0.784155631,0.760951992,0.814045019,1.11432366,-75.0560604,79.9067604,132.077348,-5.48914436,-1.68076223,-59.3263922,False,False
NGC 6624,-135.9,257.603832,-30.7166545,7.98378316,-5.72034195,5.3669385,-0.210888599,-0.792287684,0.747306471,0.819874244,1.10935149,-74.9961754,79.1188682,134.772156,-5.55104268,-1.66015587,-59.0187022,False,False
NGC 6624,-136,257.66701,-30.8203707,7.99092833,-5.77249225,5.26202131,-0.203222419,-0.800338068,0.733385418,0.825736262,1.10439782,-74.9196659,78.3095802,137.465461,-5.61302564,-1.64023228,-58.7067213,False,False
NGC 6624,-136.1,257.732459,-30.9245401,7.99806566,-5.82393725,5.15533369,-0.195564922,-0.808304573,0.719189029,0.831626071,1.09947023,-74.8263266,77.4784885,140.156471,-5.6750841,-1.62101416,-58.3904977,False,False
NGC 6624,-136.2,257.800191,-31.0291449,8.00519445,-5.87466459,5.04688305,-0.187917841,-0.816184949,0.70471758,0.837538647,1.09457656,-74.7159573,76.6251857,142.844322,-5.73720746,-1.60252523,-58.0700829,False,False
NGC 6624,-136.3,257.870215,-31.1341666,8.01231399,-5.92466177,4.93667737,-0.180282926,-0.823976904,0.689971443,0.843468951,1.08972495,-74.588363,75.7492656,145.528075,-5.79938349,-1.58479028,-57.7455323,False,False
NGC 6624,-136.4,257.942542,-31.2395862,8.01942355,-5.97391609,4.82472523,-0.172661949,-0.831678103,0.674951089,0.849411924,1.08492377,-74.4433561,74.8503253,148.206708,-5.86159822,-1.56783522,-57.416906,False,False
NGC 6624,-136.5,258.017181,-31.3453837,8.02652244,-6.02241467,4.71103589,-0.1650567,-0.839286173,0.659657095,0.855362493,1.08018169,-74.2807567,73.9279667,150.87911,-5.92383573,-1.55168718,-57.0842695,False,False
NGC 6624,-136.6,258.094142,-31.4515386,8.03360994,-6.07014445,4.59561934,-0.157468988,-0.846798698,0.644090162,0.861315573,1.07550763,-74.100395,72.9817981,153.54407,-5.98607796,-1.53637449,-56.7476951,False,False
NGC 6624,-136.7,258.173432,-31.5580295,8.04068534,-6.11709219,4.47848635,-0.149900636,-0.854213223,0.628251116,0.867266067,1.07091078,-73.9021123,72.0114364,156.200273,-6.04830454,-1.52192685,-56.4072621,False,False
NGC 6624,-136.8,258.25506,-31.6648343,8.04774793,-6.1632445,4.35964859,-0.142353486,-0.861527255,0.612140925,0.873208867,1.0664006,-73.6857629,71.0165095,158.846288,-6.11049252,-1.50837531,-56.0630582,False,False
NGC 6624,-136.9,258.339034,-31.7719299,8.05479701,-6.20858782,4.23911866,-0.134829391,-0.868738263,0.59576071,0.879138859,1.0619868,-73.451216,69.9966586,161.480559,-6.17261613,-1.49575245,-55.7151806,False,False
NGC 6624,-137,258.425359,-31.8792924,8.06183188,-6.25310843,4.11691019,-0.12733022,-0.87584368,0.579111757,0.885050923,1.05767933,-73.1983576,68.9515408,164.10139,-6.23464648,-1.48409238,-55.3637368,False,False
NGC 6624,-137.1,258.514042,-31.986897,8.06885184,-6.29679246,3.99303796,-0.119857849,-0.882840906,0.562195533,0.890939936,1.05348839,-72.9270927,67.8808327,166.706938,-6.29655126,-1.47343092,-55.0088457,False,False
NGC 6624,-137.2,258.605086,-32.0947177,8.0758562,-6.33962594,3.867518,-0.112414165,-0.889727308,0.545013703,0.896800774,1.0494244,-72.6373475,66.7842329,169.295192,-6.35829441,-1.46380568,-54.6506388,False,False
NGC 6624,-137.3,258.698495,-32.2027276,8.08284427,-6.38159473,3.74036768,-0.105001061,-0.896500224,0.527568146,0.902628314,1.04549798,-72.3290717,65.6614662,171.863964,-6.41983564,-1.45525621,-54.2892614,False,False
NGC 6624,-137.4,258.794271,-32.3108987,8.0898154,-6.42268464,3.61160587,-0.0976204331,-0.903156964,0.509860975,0.908417443,1.04171995,-72.0022415,64.5122876,174.410862,-6.4811301,-1.44782412,-53.9248733,False,False
NGC 6624,-137.5,258.892413,-32.4192019,8.0967689,-6.46288135,3.48125305,-0.0902741794,-0.909694816,0.491894559,0.914163052,1.03810132,-71.6568618,63.3364858,176.933279,-6.5421278,-1.4415533,-53.55765,False,False
NGC 6624,-137.6,258.992922,-32.5276066,8.10370412,-6.5021705,3.3493315,-0.0829641954,-0.916111049,0.473671544,0.91986005,1.0346532,-71.2929691,62.1338889,179.428363,-6.60277311,-1.4364901,-53.1877834,False,False
NGC 6624,-137.7,259.095793,-32.6360811,8.11062044,-6.5405377,3.21586545,-0.0756923708,-0.922402915,0.455194883,0.925503362,1.03138686,-70.9106346,60.9043686,181.892997,-6.66300409,-1.43268351,-52.8154826,False,False
NGC 6624,-137.8,259.201021,-32.7445924,8.11751722,-6.57796852,3.08088129,-0.0684605867,-0.928567656,0.436467862,0.931087936,1.02831364,-70.5099672,59.647846,184.323762,-6.72275185,-1.43018548,-52.4409744,False,False
NGC 6624,-137.9,259.308598,-32.8531058,8.12439385,-6.61444856,2.94440777,-0.0612707105,-0.934602509,0.417494134,0.93660875,1.02544493,-70.0911164,58.3642973,186.716915,-6.78193974,-1.42905119,-52.0645033,False,False
NGC 6624,-138,259.418513,-32.9615852,8.13124974,-6.64996349,2.80647627,-0.0541245926,-0.940504712,0.398277752,0.942060818,1.02279214,-69.6542753,57.0537598,189.068342,-6.84048249,-1.42933936,-51.686331,False,False
NGC 6624,-138.1,259.530753,-33.0699927,8.13808434,-6.68449904,2.667121,-0.0470240608,-0.946271508,0.378823211,0.947439195,1.02036663,-69.199684,55.7163387,191.373524,-6.89828524,-1.43111267,-51.3067361,False,False
NGC 6624,-138.2,259.6453,-33.1782887,8.14489708,-6.71804109,2.52637938,-0.0399709161,-0.951900157,0.359135491,0.95273899,1.01817969,-68.7276325,54.3522141,193.627487,-6.95524245,-1.43443814,-50.9260122,False,False
NGC 6624,-138.3,259.762134,-33.2864316,8.15168745,-6.7505757,2.38429231,-0.0329669272,-0.95738794,0.339220105,0.957955368,1.01624247,-68.2384633,52.961648,195.824753,-7.01123675,-1.43938764,-50.5444658,False,False
NGC 6624,-138.4,259.881229,-33.3943777,8.15845494,-6.78208915,2.24090458,-0.0260138248,-0.962732171,0.319083157,0.963083565,1.01456592,-67.7325745,51.5449922,197.959286,-7.06613767,-1.44603838,-50.1624127,False,False
NGC 6624,-138.5,260.002556,-33.5020813,8.16519908,-6.81256803,2.09626523,-0.0191132961,-0.967930204,0.298731396,0.968118897,1.01316072,-67.2104216,50.1026962,200.024438,-7.11980032,-1.45447338,-49.7801735,False,False
NGC 6624,-138.6,260.126078,-33.6094939,8.17191943,-6.84199924,1.95042804,-0.0122669786,-0.972979444,0.278172287,0.973056769,1.0120372,-66.6725202,48.6353149,202.012882,-7.17206404,-1.46478203,-49.3980671,False,False
NGC 6624,-138.7,260.251756,-33.7165648,8.17861556,-6.87037013,1.80345199,-0.00547645392,-0.977877357,0.257414079,0.977892692,1.01120528,-66.1194468,47.1435167,203.916567,-7.22275111,-1.47706053,-49.0164036,False,False
NGC 6624,-138.8,260.379542,-33.8232402,8.18528707,-6.89766853,1.65540179,0.00125675838,-0.982621488,0.236465885,0.982622291,1.01067437,-65.5518399,45.6280918,205.726668,-7.27166571,-1.49141207,-48.6354734,False,False
NGC 6624,-138.9,260.50938,-33.9294636,8.19193358,-6.92388282,1.50634842,0.00793120726,-0.987209464,0.215337763,0.987241323,1.01045326,-64.9704003,44.0899595,207.433563,-7.31859331,-1.50794688,-48.2555361,False,False
NGC 6624,-139,260.641207,-34.0351751,8.19855474,-6.94900203,1.35636969,0.0145455165,-0.991639017,0.194040792,0.991745689,1.01055002,-64.3758901,42.5301746,209.026838,-7.36330064,-1.52678171,-47.8768061,False,False
NGC 6624,-139.1,260.774953,-34.1403113,8.20515019,-6.97301593,1.20555075,0.0210983908,-0.995907992,0.172587158,0.996131452,1.01097191,-63.7691311,40.9499334,210.495349,-7.40553698,-1.54803859,-47.4994368,False,False
NGC 6624,-139.2,260.910538,-34.2448057,8.2117196,-6.9959151,1.05398457,0.027588622,-1.00001436,0.150990215,1.00039485,1.01172521,-63.1510018,39.3505771,211.827349,-7.44503683,-1.57184256,-47.1235038,False,False
NGC 6624,-139.3,261.04787,-34.348588,8.21826262,-7.01769104,0.901772248,0.0340150945,-1.00395625,0.129264543,1.00453232,1.01281514,-62.5224333,37.7335931,213.010727,-7.48152486,-1.59831816,-46.7489879,False,False
NGC 6624,-139.4,261.18685,-34.4515845,8.22477889,-7.03833624,0.749023125,0.0403767901,-1.00773194,0.107425963,1.0085405,1.01424567,-61.884404,36.1006121,214.033349,-7.51472343,-1.62758418,-46.37576,False,False
NGC 6624,-139.5,261.327368,-34.5537183,8.23126803,-7.05784428,0.595854635,0.0466727932,-1.01133988,0.0854915199,1.01241626,1.01601944,-61.237933,34.4534013,214.883551,-7.5443629,-1.65974691,-46.003571,False,False
NGC 6624,-139.6,261.469304,-34.6549096,8.23772963,-7.0762099,0.442391726,0.0529022939,-1.0147787,0.0634794002,1.01615671,1.01813756,-60.5840715,32.7938518,215.550734,-7.57019469,-1.69489176,-45.6320476,False,False
NGC 6624,-139.7,261.61253,-34.7550767,8.24416321,-7.09342908,0.288765841,0.0590645912,-1.01804726,0.0414087922,1.01975921,1.02059959,-59.9238939,31.12396,216.026047,-7.59200598,-1.73307424,-45.2606998,False,False
NGC 6624,-139.8,261.75691,-34.8541368,8.25056825,-7.10949911,0.135113417,0.0651590947,-1.02114459,0.0192996703,1.02322137,1.02340337,-59.2584865,29.4458023,216.303071,-7.60963462,-1.77431121,-44.8889385,False,False
NGC 6624,-139.9,261.902305,-34.9520069,8.25694416,-7.12441859,-0.0184260681,0.071185325,-1.02406996,-0.00282748458,1.02654111,1.026545,-58.5889364,27.7615044,216.378397,-7.62298186,-1.81857397,-44.5161053,False,False
NGC 6624,-140,262.048569,-35.0486056,8.26329028,-7.13818746,-0.171712369,0.0771429137,-1.02682286,-0.0249520124,1.02971657,1.03001884,-57.9163188,26.0732065,216.251991,-7.6320207,-1.86578457,-44.1415107,False,False
NGC 6624,-140.1,262.195559,-35.1438543,8.26960586,-7.15080701,-0.324606925,0.0830316011,-1.02940298,-0.0470534289,1.03274621,1.03381757,-57.2416852,24.3830267,215.927283,-7.63679819,-1.91581642,-43.7644765,False,False
NGC 6624,-140.2,262.343131,-35.2376781,8.27589011,-7.16227983,-0.47697522,0.0888512332,-1.03181023,-0.069111768,1.03562874,1.03793224,-56.5660508,22.6930253,215.410931,-7.63743106,-1.9684992,-43.3843758,False,False
NGC 6624,-140.3,262.491148,-35.3300076,8.28214215,-7.17260974,-0.628688883,0.0946017577,-1.03404474,-0.0911078895,1.03836314,1.04235246,-55.8903843,21.0051729,214.712334,-7.63409574,-2.02362735,-43.0006652,False,False
NGC 6624,-140.4,262.639477,-35.4207793,8.28836108,-7.18180175,-0.779627374,0.100283219,-1.03610681,-0.113023728,1.04094863,1.04706658,-55.2155981,19.321324,213.842966,-7.62701458,-2.08097069,-42.6129071,False,False
NGC 6624,-140.5,262.787993,-35.5099359,8.29454595,-7.18986194,-0.929679144,0.10589575,-1.03799696,-0.134842465,1.04338469,1.05206183,-54.5425413,17.6431976,212.815648,-7.61644061,-2.14028564,-42.2207786,False,False
NGC 6624,-140.6,262.936578,-35.5974274,8.30069576,-7.19679739,-1.0787423,0.111439568,-1.03971585,-0.156548633,1.04567099,1.05732459,-53.8719945,15.9723647,211.643859,-7.60264308,-2.20132536,-41.824071,False,False
NGC 6624,-140.7,263.085126,-35.6832099,8.30680954,-7.20261605,-1.22672481,0.116914968,-1.04126429,-0.178128152,1.04780744,1.06284056,-53.2046662,14.3102425,210.341154,-7.58589506,-2.26384824,-41.4226802,False,False
NGC 6624,-140.8,263.233535,-35.7672466,8.31288628,-7.20732667,-1.37354435,0.122322312,-1.04264324,-0.199568312,1.04979411,1.06859496,-52.541192,12.658094,208.92071,-7.56646388,-2.32762411,-41.0165929,False,False
NGC 6624,-140.9,263.381714,-35.8495064,8.318925,-7.21093866,-1.51912787,0.127662022,-1.04385378,-0.220857716,1.05163126,1.07457268,-51.8821354,11.0170316,207.395024,-7.54460445,-2.39243836,-40.6058702,False,False
NGC 6624,-141,263.529581,-35.9299641,8.32492473,-7.21346201,-1.663411,0.132934577,-1.0448971,-0.241986204,1.0533193,1.08075847,-51.2279892,9.38802457,205.775715,-7.52055511,-2.45809421,-40.1906314,False,False
NGC 6624,-141.1,263.677059,-36.0085993,8.33088449,-7.2149072,-1.80633735,0.138140502,-1.04577447,-0.262944754,1.05485878,1.08713706,-50.5791791,7.77190724,204.073436,-7.49453543,-2.52441357,-39.771039,False,False
NGC 6624,-141.2,263.82408,-36.0853968,8.33680337,-7.21528514,-1.94785782,0.14328036,-1.04648725,-0.283725383,1.05625036,1.09369325,-49.9360675,6.16938969,202.297847,-7.46674558,-2.59123694,-39.3472855,False,False
NGC 6624,-141.3,263.97058,-36.160345,8.34268045,-7.21460704,-2.08792982,0.148354751,-1.04703686,-0.304321046,1.05749483,1.10041202,-49.2989581,4.58106812,200.457638,-7.43736666,-2.65842254,-38.9195828,True,True
NGC 6624,-141.4,264.116502,-36.2334362,8.34851484,-7.21288438,-2.22651662,0.153364302,-1.04742477,-0.324725539,1.05859306,1.10727862,-48.6681002,3.00743549,198.560584,-7.40656162,-2.72584517,-38.4881536,True,True
NGC 6624,-141.5,264.261794,-36.3046661,8.3543057,-7.21012884,-2.36358669,0.158309663,-1.04765252,-0.34493341,1.05954601,1.1142786,-48.0436941,1.44889192,196.61361,-7.37447658,-2.79339482,-38.0532247,True,True
NGC 6624,-141.6,264.406408,-36.3740328,8.3600522,-7.20635224,-2.49911312,0.163191501,-1.04772166,-0.364939874,1.06035472,1.1213979,-47.4258955,-0.0942455272,194.622867,-7.34124226,-2.86097518,-37.6150226,True,True
NGC 6624,-141.7,264.550301,-36.4415373,8.36575354,-7.20156649,-2.63307306,0.1680105,-1.04763378,-0.384740739,1.06102029,1.12862283,-46.8148205,-1.62173362,192.59381,-7.3069755,-2.92850228,-37.173769,True,True
NGC 6624,-141.8,264.693433,-36.5071826,8.37140895,-7.19578355,-2.76544727,0.172767351,-1.04739048,-0.40433234,1.06154387,1.13594015,-46.2105496,-3.13339443,190.531269,-7.27178068,-2.99590309,-36.7296794,True,True
NGC 6624,-141.9,264.835767,-36.5709733,8.3770177,-7.1890154,-2.89621968,0.177462752,-1.04699341,-0.423711473,1.06192666,1.14333706,-45.6131322,-4.62910759,188.439518,-7.23575106,-3.06311432,-36.2829608,True,True
NGC 6624,-142,264.97727,-36.6329161,8.38257906,-7.181274,-3.02537701,0.182097406,-1.04644418,-0.442875351,1.0621699,1.15080123,-45.0225903,-6.10880317,186.322337,-7.19897001,-3.13008125,-35.8338114,True,True
NGC 6624,-142.1,265.11791,-36.6930187,8.38809234,-7.17257126,-3.15290842,0.186672016,-1.04574444,-0.461821545,1.06227486,1.15832078,-44.4389219,-7.57245532,184.183072,-7.16151215,-3.19675673,-35.3824197,True,True
NGC 6624,-142.2,265.257658,-36.7512902,8.39355688,-7.16291902,-3.27880526,0.191187285,-1.04489584,-0.480547953,1.06224286,1.16588431,-43.8621046,-9.02007651,182.024682,-7.12344434,-3.26310031,-34.9289645,True,True
NGC 6624,-142.3,265.396489,-36.8077407,8.39897204,-7.15232901,-3.40306075,0.19564391,-1.0439,-0.499052754,1.06207521,1.17348089,-43.2920977,-10.4517124,179.849784,-7.08482654,-3.32907735,-34.4736153,True,True
NGC 6624,-142.4,265.534378,-36.862381,8.40433719,-7.14081288,-3.5256698,0.200042586,-1.04275856,-0.517334382,1.06177326,1.18110005,-42.7288458,-11.8674373,177.660695,-7.04571262,-3.39465843,-34.0165326,True,True
NGC 6624,-142.5,265.671301,-36.9152229,8.40965173,-7.12838214,-3.64662876,0.204384,-1.04147315,-0.535391491,1.06133837,1.18873175,-42.1722801,-13.2673501,175.459465,-7.00615105,-3.45981861,-33.557868,True,True
NGC 6624,-142.6,265.807237,-36.9662785,8.4149151,-7.11504816,-3.76593528,0.208668832,-1.04004536,-0.553222936,1.06077191,1.19636644,-41.6223211,-14.6515704,173.24791,-6.96618549,-3.52453696,-33.0977654,True,True
NGC 6624,-142.7,265.942167,-37.0155609,8.42012672,-7.10082218,-3.88358813,0.212897753,-1.03847681,-0.570827743,1.06007525,1.20399495,-41.0788804,-16.0202359,171.027635,-6.92585533,-3.58879605,-32.6363608,True,True
NGC 6624,-142.8,266.076072,-37.0630831,8.42528607,-7.08571525,-3.99958707,0.217071425,-1.03676907,-0.588205096,1.05924978,1.21160858,-40.5418617,-17.3734989,168.800065,-6.88519619,-3.65258154,-32.1737834,True,True
NGC 6624,-142.9,266.208934,-37.1088588,8.43039261,-7.0697383,-4.11393271,0.2211905,-1.03492371,-0.605354313,1.0582969,1.21919899,-40.011163,-18.7115242,166.566457,-6.84424026,-3.71588179,-31.710156,True,True
NGC 6624,-143,266.340737,-37.1529018,8.43544585,-7.05290206,-4.22662642,0.225255618,-1.03294228,-0.622274836,1.05721798,1.22675826,-39.4866771,-20.0344869,164.327924,-6.80301674,-3.77868753,-31.2455953,True,True
NGC 6624,-143.1,266.471465,-37.1952262,8.4404453,-7.03521712,-4.33767021,0.229267409,-1.03082631,-0.638966213,1.05601441,1.23427884,-38.9682932,-21.3425705,162.085452,-6.76155213,-3.84099161,-30.7802128,True,True
NGC 6624,-143.2,266.601106,-37.2358463,8.44539048,-7.01669386,-4.44706668,0.233226491,-1.02857732,-0.655428085,1.05468758,1.24175355,-38.4558975,-22.6359648,159.839911,-6.71987046,-3.90278872,-30.3141151,True,True
NGC 6624,-143.3,266.729643,-37.2747764,8.45028095,-6.99734252,-4.55481889,0.237133472,-1.02619679,-0.671660178,1.05323888,1.24917554,-37.9493742,-23.9148651,157.592067,-6.67799364,-3.96407518,-29.8474042,True,True
NGC 6624,-143.4,266.857066,-37.3120309,8.45511625,-6.97717314,-4.66093034,0.240988945,-1.0236862,-0.687662294,1.05166968,1.25653832,-37.448606,-25.1794703,155.342597,-6.63594159,-4.02484872,-29.3801782,True,True
NGC 6624,-143.5,266.983361,-37.3476244,8.45989598,-6.95619559,-4.7654049,0.244793493,-1.021047,-0.703434296,1.04998135,1.26383569,-36.9534749,-26.4299821,153.092095,-6.59373246,-4.08510836,-28.9125313,True,True
NGC 6624,-143.6,267.108518,-37.3815712,8.46461971,-6.93441957,-4.86824673,0.248547687,-1.01828062,-0.718976106,1.04817526,1.27106177,-36.4638627,-27.666604,150.841085,-6.55138283,-4.14485421,-28.4445545,True,True
NGC 6624,-143.7,267.232525,-37.4138859,8.46928705,-6.9118546,-4.96946024,0.252252084,-1.01538848,-0.734287697,1.04625278,1.27821097,-35.9796512,-28.8895402,148.590022,-6.50890784,-4.20408734,-27.9763358,True,True
NGC 6624,-143.8,267.355372,-37.4445828,8.47389761,-6.88851002,-5.06905008,0.255907232,-1.01237195,-0.749369083,1.04421524,1.28527798,-35.5007228,-30.0989952,146.339305,-6.46632129,-4.26280969,-27.5079605,True,True
NGC 6624,-143.9,267.477049,-37.4736762,8.47845103,-6.86439501,-5.16702106,0.259513665,-1.00923241,-0.764220318,1.04206401,1.29225775,-35.0269607,-31.2951729,144.08928,-6.42363583,-4.32102398,-27.0395113,True,True
NGC 6624,-144,267.597546,-37.5011805,8.48294694,-6.83951856,-5.26337813,0.263071904,-1.0059712,-0.778841489,1.03980041,1.29914547,-34.5582493,-32.478276,141.840247,-6.38086302,-4.37873353,-26.5710688,True,True
NGC 6624,-144.1,267.716856,-37.5271096,8.487385,-6.81388952,-5.35812636,0.266582461,-1.00258966,-0.79323271,1.03742577,1.30593659,-34.0944743,-33.648506,139.592461,-6.33801344,-4.43594229,-26.1027114,True,True
NGC 6624,-144.2,267.834969,-37.5514777,8.49176488,-6.78751655,-5.4512709,0.270045835,-0.999089087,-0.80739412,1.03494143,1.31262676,-33.6355228,-34.806062,137.346142,-6.29509676,-4.49265468,-25.6345158,True,True
NGC 6624,-144.3,267.951878,-37.5742986,8.49608626,-6.76040817,-5.54281696,0.273462514,-0.995470768,-0.82132588,1.03234868,1.31921189,-33.1812837,-35.9511411,135.101473,-6.25212185,-4.54887559,-25.1665571,True,True
NGC 6624,-144.4,268.067574,-37.595586,8.50034882,-6.73257271,-5.63276978,0.276832973,-0.991735971,-0.835028166,1.02964884,1.32568804,-32.7316477,-37.0839376,132.85861,-6.20909681,-4.60461027,-24.6989088,True,True
NGC 6624,-144.5,268.18205,-37.6153534,8.50455227,-6.70401837,-5.72113461,0.280157678,-0.987885942,-0.848501169,1.0268432,1.3320515,-32.2865073,-38.204643,130.617676,-6.16602907,-4.65986432,-24.231643,True,True
NGC 6624,-144.6,268.295299,-37.6336144,8.50869631,-6.67475319,-5.80791673,0.283437083,-0.983921907,-0.861745092,1.02393305,1.33829873,-31.8457569,-39.3134456,128.378773,-6.1229254,-4.71464361,-23.7648307,True,True
NGC 6624,-144.7,268.407314,-37.650382,8.51278069,-6.64478505,-5.89312136,0.286671632,-0.979845073,-0.874760147,1.02091968,1.34442639,-31.4092931,-40.4105307,126.141978,-6.07979201,-4.76895428,-23.2985418,True,True
NGC 6624,-144.8,268.51809,-37.6656694,8.51680512,-6.6141217,-5.97675371,0.289861759,-0.975656632,-0.887546553,1.01780435,1.35043126,-30.9770143,-41.49608,123.907349,-6.03663455,-4.82280267,-22.8328452,True,True
NGC 6624,-144.9,268.627618,-37.6794894,8.52076936,-6.58277073,-6.05881894,0.293007886,-0.971357751,-0.900104533,1.01458834,1.35631032,-30.5488212,-42.5702715,121.674923,-5.9934582,-4.87619529,-22.3678088,True,True
NGC 6624,-145,268.735894,-37.6918548,8.52467316,-6.5507396,-6.13932217,0.296110425,-0.966949586,-0.912434314,1.0112729,1.36206067,-30.1246164,-43.63328,119.444722,-5.95026766,-4.92913882,-21.9034997,True,True
NGC 6624,-145.1,268.842912,-37.7027779,8.52851629,-6.51803562,-6.21826841,0.299169781,-0.96243327,-0.924536123,1.00785929,1.36767957,-29.7043047,-44.6852762,117.216753,-5.90706719,-4.98164007,-21.4399845,True,True
NGC 6624,-145.2,268.948666,-37.7122711,8.53229852,-6.48466599,-6.29566262,0.302186345,-0.95780992,-0.93641019,1.00434876,1.3731644,-29.2877929,-45.7264272,114.991008,-5.86386068,-5.03370594,-20.9773289,True,True
NGC 6624,-145.3,269.05315,-37.7203464,8.53601964,-6.45063776,-6.37150969,0.305160503,-0.953080639,-0.948056739,1.00074254,1.37851268,-28.8749899,-46.7568963,112.767466,-5.82065163,-5.08534342,-20.5155982,True,True
NGC 6624,-145.4,269.15636,-37.7270158,8.53967945,-6.41595785,-6.44581438,0.30809263,-0.94824651,-0.959475996,0.997041881,1.38372205,-28.4658067,-47.7768431,110.546095,-5.7774432,-5.13655956,-20.0548569,True,True
NGC 6624,-145.5,269.25829,-37.732291,8.54327776,-6.38063308,-6.51858136,0.310983089,-0.943308601,-0.970668179,0.993248004,1.38879023,-28.0601563,-48.786423,108.326854,-5.73423824,-5.18736149,-19.5951695,True,True
NGC 6624,-145.6,269.358935,-37.7361834,8.54681437,-6.34467014,-6.58981522,0.31383224,-0.938267964,-0.981633505,0.989362142,1.3937151,-27.6579536,-49.785788,106.109689,-5.69103928,-5.23775634,-19.1365997,True,True
NGC 6624,-145.7,269.458292,-37.7387043,8.55028912,-6.30807558,-6.65952039,0.316640429,-0.933125638,-0.992372182,0.985385517,1.39849461,-27.2591154,-50.7750858,103.894542,-5.64784858,-5.28775128,-18.679211,True,True
NGC 6624,-145.8,269.556355,-37.7398649,8.55370185,-6.27085588,-6.72770121,0.319407997,-0.927882643,-1.00288441,0.981319351,1.4031268,-26.8635607,-51.7544607,101.681342,-5.60466814,-5.3373535,-18.2230665,True,True
NGC 6624,-145.9,269.653119,-37.7396759,8.55705239,-6.23301736,-6.79436191,0.322135276,-0.922539988,-1.01317039,0.977164861,1.40760982,-26.4712101,-52.7240528,99.470015,-5.56149968,-5.38657019,-17.7682292,True,True
NGC 6624,-146,269.748582,-37.7381481,8.5603406,-6.19456628,-6.85950656,0.32482259,-0.917098666,-1.02323031,0.972923264,1.41194191,-26.0819862,-53.6839986,97.260478,-5.51834474,-5.43540853,-17.3147619,True,True
NGC 6624,-146.1,269.842737,-37.7352919,8.56356635,-6.15550876,-6.92313911,0.327470253,-0.911559657,-1.03306435,0.968595774,1.41612137,-25.6958132,-54.6344307,95.0526429,-5.47520458,-5.48387568,-16.8627269,True,True
NGC 6624,-146.2,269.935582,-37.7311176,8.5667295,-6.11585085,-6.98526339,0.330078575,-0.905923926,-1.04267267,0.964183606,1.42014658,-25.3126174,-55.5754781,92.8464158,-5.43208029,-5.53197879,-16.4121866,True,True
NGC 6624,-146.3,270.027113,-37.7256353,8.56982994,-6.07559847,-7.04588308,0.332647857,-0.900192429,-1.05205543,0.959687973,1.42401602,-24.9323264,-56.507266,90.6416978,-5.38897275,-5.57972498,-15.9632034,True,True
NGC 6624,-146.4,270.117324,-37.7188549,8.57286756,-6.03475747,-7.10500173,0.335178391,-0.894366104,-1.06121279,0.955110089,1.42772822,-24.5548697,-57.4299159,88.4383852,-5.34588265,-5.62712134,-15.5158393,True,True
NGC 6624,-146.5,270.206214,-37.7107859,8.57584226,-5.9933336,-7.16262272,0.337670464,-0.888445881,-1.07014488,0.95045117,1.43128176,-24.1801783,-58.3435457,86.2363702,-5.3028105,-5.67417493,-15.0701566,True,True
NGC 6624,-146.6,270.293778,-37.7014378,8.57875395,-5.95133253,-7.21874932,0.340124355,-0.882432677,-1.07885183,0.945712433,1.43467532,-23.808185,-59.2482695,84.0355411,-5.25975665,-5.72089274,-14.6262173,True,True
NGC 6624,-146.7,270.380012,-37.69082,8.58160255,-5.90875982,-7.27338463,0.342540338,-0.876327396,-1.08733375,0.940895099,1.4379076,-23.4388239,-60.1441981,81.8357824,-5.21672128,-5.76728175,-14.1840835,True,True
NGC 6624,-146.8,270.464913,-37.6789415,8.58438798,-5.86562097,-7.32653161,0.344918677,-0.870130933,-1.09559075,0.936000392,1.44097738,-23.0720305,-61.0314385,79.6369754,-5.17370442,-5.81334887,-13.7438175,True,True
NGC 6624,-146.9,270.548477,-37.6658111,8.58711018,-5.82192139,-7.37819307,0.347259632,-0.86384417,-1.10362292,0.931029539,1.44388349,-22.707742,-61.9100943,77.4389982,-5.13070595,-5.85910097,-13.3054814,True,True
NGC 6624,-147,270.630702,-37.6514376,8.58976909,-5.77766642,-7.42837167,0.349563457,-0.857467981,-1.11143033,0.925983773,1.44662481,-22.3458967,-62.7802658,75.2417261,-5.0877256,-5.90454485,-12.8691377,True,True
NGC 6624,-147.1,270.711583,-37.6358294,8.59236466,-5.73286132,-7.4770699,0.351830398,-0.851003227,-1.11901306,0.920864334,1.44920025,-21.9864346,-63.6420495,73.0450318,-5.04476299,-5.94968726,-12.4348487,True,True
NGC 6624,-147.2,270.791118,-37.6189948,8.59489687,-5.68751128,-7.52429012,0.354060695,-0.844450764,-1.12637116,0.915672468,1.45160878,-21.6292967,-64.4955388,70.8487854,-5.00181758,-5.99453491,-12.0026771,True,True
NGC 6624,-147.3,270.869303,-37.6009419,8.59736567,-5.64162142,-7.5700345,0.356254584,-0.837811433,-1.13350466,0.910409427,1.45384942,-21.2744252,-65.3408236,68.6528547,-4.95888872,-6.03909442,-11.5726856,True,True
NGC 6624,-147.4,270.946136,-37.5816786,8.59977104,-5.59519678,-7.6143051,0.358412293,-0.831086069,-1.14041359,0.905076475,1.45592121,-20.9217639,-66.1779904,66.4571055,-4.91597563,-6.08337237,-11.1449373,True,True
NGC 6624,-147.5,271.021612,-37.5612127,8.60211298,-5.54824237,-7.65710378,0.360534046,-0.824275499,-1.14709796,0.899674884,1.45782325,-20.5712574,-67.0071226,64.2614014,-4.87307743,-6.12737527,-10.7194953,True,True
NGC 6624,-147.6,271.095729,-37.5395517,8.60439148,-5.50076311,-7.69843227,0.36262006,-0.817380541,-1.15355777,0.894205936,1.45955465,-20.2228515,-67.8283002,62.0656041,-4.8301931,-6.17110957,-10.2964231,True,True
NGC 6624,-147.7,271.168484,-37.516703,8.60660654,-5.45276386,-7.73829211,0.364670547,-0.810402002,-1.159793,0.888670925,1.46111458,-19.8764932,-68.6415998,59.8695736,-4.78732153,-6.21458164,-9.87578442,True,True
NGC 6624,-147.8,271.239873,-37.4926737,8.60875818,-5.40424944,-7.77668471,0.366685714,-0.803340687,-1.16580362,0.883071159,1.46250222,-19.5321305,-69.447095,57.673168,-4.74446151,-6.2577978,-9.45764324,True,True
NGC 6624,-147.9,271.309894,-37.4674708,8.61084642,-5.3552246,-7.81361131,0.368665763,-0.796197388,-1.17158959,0.877407959,1.46371681,-19.1897125,-70.2448562,55.4762442,-4.70161169,-6.30076431,-9.0420639,True,True
NGC 6624,-148,271.378544,-37.4411012,8.61287129,-5.30569407,-7.84907298,0.370610889,-0.788972894,-1.17715084,0.87168266,1.46475758,-18.8491889,-71.0349505,53.2786569,-4.65877066,-6.34348733,-8.62911106,True,True
NGC 6624,-148.1,271.445819,-37.4135715,8.61483282,-5.25566248,-7.88307062,0.372521284,-0.781667986,-1.18248731,0.865896615,1.46562382,-18.5105108,-71.8174418,51.08026,-4.61593688,-6.38597299,-8.21884974,True,True
NGC 6624,-148.2,271.511717,-37.3848881,8.61673108,-5.20513445,-7.915605,0.374397135,-0.774283437,-1.18759889,0.860051194,1.46631483,-18.1736298,-72.592391,48.8809053,-4.57310874,-6.42822734,-7.81134535,True,True
NGC 6624,-148.3,271.576235,-37.3550575,8.6185661,-5.15411456,-7.9466767,0.376238623,-0.766820017,-1.19248549,0.854147785,1.46682994,-17.8384988,-73.3598559,46.6804439,-4.53028452,-6.47025634,-7.40666371,True,True
NGC 6624,-148.4,271.639369,-37.3240856,8.62033796,-5.10260732,-7.97628613,0.378045923,-0.759278487,-1.19714698,0.848187798,1.46716851,-17.505071,-74.119891,44.4787249,-4.4874624,-6.51206592,-7.00487104,True,True
NGC 6624,-148.5,271.701117,-37.2919785,8.62204674,-5.05061722,-8.00443357,0.379819209,-0.751659606,-1.20158323,0.842172663,1.4673299,-17.1733007,-74.8725478,42.2755965,-4.44464047,-6.55366191,-6.60603406,True,True
NGC 6624,-148.6,271.761476,-37.2587419,8.6236925,-4.9981487,-8.03111909,0.381558647,-0.743964124,-1.20579408,0.836103832,1.46731353,-16.8431429,-75.6178746,40.0709056,-4.40181676,-6.59505008,-6.21021991,True,True
NGC 6624,-148.7,271.820442,-37.2243815,8.62527535,-4.94520619,-8.05634264,0.3832644,-0.73619279,-1.20977937,0.829982785,1.46711879,-16.5145533,-76.3559169,37.8644978,-4.35898918,-6.63623614,-5.81749625,True,True
NGC 6624,-148.8,271.878014,-37.1889027,8.62679538,-4.89179406,-8.08010396,0.384936626,-0.728346346,-1.21353891,0.823811025,1.46674514,-16.1874882,-77.0867168,35.6562173,-4.31615556,-6.67722572,-5.42793127,True,True
NGC 6624,-148.9,271.934187,-37.1523109,8.6282527,-4.83791666,-8.10240267,0.386575478,-0.720425531,-1.21707251,0.817590084,1.46619202,-15.8619046,-77.8103135,33.4459072,-4.27331365,-6.71802438,-5.04159368,True,True
NGC 6624,-149,271.988958,-37.1146111,8.62964744,-4.78357831,-8.12323817,0.388181107,-0.712431079,-1.22037995,0.811321524,1.46545891,-15.5377601,-78.5267429,31.2334095,-4.2304611,-6.75863762,-4.65855275,True,True
NGC 6624,-149.1,272.042326,-37.0758084,8.6309797,-4.72878332,-8.14260975,0.389753657,-0.704363723,-1.22346099,0.805006936,1.46454531,-15.2150129,-79.236038,29.0185649,-4.18759549,-6.79907087,-4.27887833,True,True
NGC 6624,-149.2,272.094286,-37.0359075,8.63224963,-4.67353595,-8.16051649,0.391293269,-0.696224189,-1.22631539,0.798647948,1.46345071,-14.8936217,-79.9382285,26.8012129,-4.14471433,-6.83932948,-3.9026409,True,True
NGC 6624,-149.3,272.144835,-36.9949131,8.63345738,-4.61784045,-8.17695731,0.39280008,-0.688013204,-1.22894288,0.792246219,1.46217464,-14.5735457,-80.6333413,24.5811917,-4.101815,-6.87941872,-3.52991154,True,True
NGC 6624,-149.4,272.193971,-36.9528299,8.63460308,-4.56170106,-8.19193098,0.394274221,-0.67973149,-1.23134319,0.785803449,1.46071664,-14.2547446,-81.3213997,22.3583385,-4.05889485,-6.91934383,-3.160762,True,True
NGC 6624,-149.5,272.24169,-36.909662,8.63568692,-4.505122,-8.20543609,0.395715822,-0.671379767,-1.23351601,0.779321374,1.45907627,-13.9371785,-82.0024242,20.1324892,-4.01595112,-6.95910994,-2.79526467,True,True
NGC 6624,-149.6,272.287989,-36.8654137,8.63670905,-4.44810747,-8.21747104,0.397125006,-0.662958754,-1.23546103,0.772801773,1.45725308,-13.6208079,-82.676432,17.9034784,-3.97298096,-6.99872212,-2.43349267,True,True
NGC 6624,-149.7,272.332865,-36.8200891,8.63766965,-4.39066165,-8.22803409,0.398501895,-0.654469167,-1.23717792,0.766246469,1.45524666,-13.3055937,-83.3434371,15.6711396,-3.92998147,-7.03818538,-2.07551981,True,True
NGC 6624,-149.8,272.376315,-36.7736922,8.63856892,-4.33278874,-8.23712333,0.399846603,-0.645911723,-1.23866632,0.759657331,1.45305661,-12.9914971,-84.0034502,13.4353051,-3.88694963,-7.07750465,-1.72142064,True,True
NGC 6624,-149.9,272.418334,-36.7262266,8.63940705,-4.2744929,-8.24473665,0.401159244,-0.637287135,-1.23992588,0.753036275,1.45068254,-12.6784797,-84.6564788,11.1958057,-3.84388236,-7.11668478,-1.37127046,True,True
NGC 6624,-150,272.458921,-36.677696,8.64018424,-4.2157783,-8.25087179,0.402439926,-0.628596119,-1.24095621,0.746385272,1.44812406,-12.3665032,-85.3025271,8.95247131,-3.80077651,-7.15573057,-1.02514536,True,True
NGC 6624,-150.1,272.498071,-36.6281039,8.64090073,-4.15664912,-8.25552631,0.403688753,-0.619839387,-1.24175691,0.739706344,1.44538081,-12.0555298,-85.941596,6.70513027,-3.75762881,-7.19464672,-0.683122234,True,True
NGC 6624,-150.2,272.535781,-36.5774537,8.64155672,-4.09710951,-8.25869761,0.404905826,-0.611017654,-1.24232755,0.73300157,1.44245244,-11.7455216,-86.5736828,4.45360976,-3.71443595,-7.23343787,-0.34527878,True,True
NGC 6624,-150.3,272.572047,-36.5257485,8.64215246,-4.03716364,-8.2603829,0.406091242,-0.602131634,-1.24266771,0.72627309,1.43933861,-11.4364411,-87.1987815,2.19773566,-3.67119452,-7.27210859,-0.0116935506,True,True
NGC 6624,-150.4,272.606866,-36.4729915,8.64268819,-3.9768157,-8.26057923,0.407245094,-0.593182041,-1.24277693,0.719523107,1.43603899,-11.1282508,-87.8168827,-0.06266748,-3.62790101,-7.31066338,0.317554042,True,True
NGC 6624,-150.5,272.640235,-36.4191856,8.64316416,-3.91606986,-8.25928347,0.408367471,-0.584169594,-1.24265473,0.712753888,1.43255328,-10.8209133,-88.4279732,-2.32777644,-3.58455186,-7.34910663,0.642383704,True,True
NGC 6624,-150.6,272.672149,-36.3643336,8.64358065,-3.85493031,-8.2564923,0.409458458,-0.575095008,-1.24230063,0.705967773,1.42888116,-10.5143914,-89.0320364,-4.59776935,-3.5411434,-7.3874427,0.962714235,True,True
NGC 6624,-150.7,272.702605,-36.3084382,8.64393792,-3.79340126,-8.25220225,0.410518137,-0.565959005,-1.24171412,0.699167173,1.42502235,-10.2086478,-89.6290519,-6.87282567,-3.4976719,-7.42567583,1.27846351,True,True
NGC 6624,-150.8,272.731598,-36.2515019,8.64423626,-3.73148693,-8.24640965,0.411546585,-0.556762305,-1.24089467,0.692354574,1.42097658,-9.90364513,-90.2189957,-9.15312628,-3.45413351,-7.46381021,1.58954848,True,True
NGC 6624,-150.9,272.759126,-36.1935272,8.64447596,-3.66919156,-8.23911069,0.412543876,-0.547505634,-1.23984173,0.685532544,1.41674359,-9.59934618,-90.8018396,-11.4388534,-3.41052434,-7.50184994,1.8958851,True,True
NGC 6624,-151,272.785183,-36.1345164,8.64465732,-3.60651939,-8.23030133,0.413510081,-0.538189719,-1.23855475,0.678703735,1.41232313,-9.29571349,-91.377552,-13.7301906,-3.36684038,-7.53979903,2.19738837,True,True
NGC 6624,-151.1,272.809766,-36.0744717,8.64478067,-3.54347472,-8.2199774,0.414445265,-0.528815291,-1.23703313,0.671870888,1.40771497,-8.99270954,-91.9460969,-16.027323,-3.32307755,-7.57766142,2.49397229,True,True
NGC 6624,-151.2,272.832871,-36.0133951,8.64484632,-3.48006186,-8.20813452,0.415349491,-0.519383086,-1.23527627,0.665036833,1.40291891,-8.69029661,-92.5074343,-18.3304369,-3.27923169,-7.61544096,2.78554983,True,True
NGC 6624,-151.3,272.854493,-35.9512886,8.64485462,-3.41628513,-8.19476814,0.416222818,-0.509893842,-1.23328356,0.658204501,1.39793473,-8.38843679,-93.06152,-20.6397203,-3.23529852,-7.6531414,3.07203293,True,True
NGC 6624,-151.4,272.874629,-35.8881539,8.6448059,-3.35214891,-8.17987354,0.4170653,-0.500348305,-1.23105436,0.651376919,1.39276226,-8.08709192,-93.6083057,-22.9553622,-3.19127372,-7.69076641,3.35333249,True,True
NGC 6624,-151.5,272.893273,-35.823993,8.64470053,-3.28765761,-8.16344581,0.417876987,-0.490747222,-1.228588,0.644557222,1.38740134,-7.78622353,-94.1477383,-25.2775534,-3.14715284,-7.72831958,3.62935834,True,True
NGC 6624,-151.6,272.910421,-35.7588072,8.64453887,-3.22281566,-8.14547985,0.418657928,-0.48109135,-1.2258838,0.637748656,1.38185181,-7.48579283,-94.6797604,-27.6064858,-3.10293136,-7.76580439,3.90001921,True,True
NGC 6624,-151.7,272.926069,-35.6925982,8.6443213,-3.15762755,-8.12597039,0.419408164,-0.471381449,-1.22294106,0.630954577,1.37611356,-7.18576063,-95.20431,-29.9423529,-3.05860468,-7.80322423,4.16522275,True,True
NGC 6624,-151.8,272.940211,-35.6253673,8.64404821,-3.0920978,-8.10491198,0.420127734,-0.461618286,-1.21975907,0.624178464,1.37018646,-6.8860873,-95.7213201,-32.2853494,-3.01416809,-7.84058238,4.42487552,True,True
NGC 6624,-151.9,272.952844,-35.5571159,8.64372,-3.026231,-8.08229898,0.420816672,-0.451802637,-1.21633709,0.617423917,1.36407046,-6.58673273,-96.2307187,-34.6356713,-2.96961679,-7.87788204,4.67888293,True,True
NGC 6624,-152,272.963961,-35.487845,8.64333708,-2.96003177,-8.05812557,0.421475009,-0.441935283,-1.21267435,0.610694668,1.35776547,-6.28765626,-96.7324291,-36.9935162,-2.92494591,-7.91512627,4.92714927,True,True
NGC 6624,-152.1,272.973558,-35.4175559,8.64289988,-2.89350479,-8.03238573,0.422102772,-0.432017015,-1.20877008,0.603994579,1.35127146,-5.98881665,-97.2263688,-39.3590825,-2.88015047,-7.95231805,5.16957771,True,True
NGC 6624,-152.2,272.981631,-35.3462494,8.64240883,-2.82665481,-8.00507329,0.422699983,-0.422048633,-1.20462348,0.597327652,1.34458843,-5.69017199,-97.7124504,-41.7325702,-2.8352254,-7.98946024,5.40607024,True,True
NGC 6624,-152.3,272.988172,-35.2739265,8.64186438,-2.75948663,-7.97618185,0.423266659,-0.412030944,-1.20023372,0.590698031,1.3377164,-5.39167968,-98.1905805,-44.1141802,-2.79016555,-8.02655557,5.63652772,True,True
NGC 6624,-152.4,272.993178,-35.200588,8.64126698,-2.69200513,-7.94570487,0.423802814,-0.401964767,-1.19559997,0.584110006,1.3306554,-5.09329634,-98.66066,-46.5041147,-2.74496565,-8.06360665,5.86084986,True,True
NGC 6624,-152.5,272.996642,-35.1262346,8.64061712,-2.62421523,-7.91363559,0.424308457,-0.391850931,-1.19072137,0.57756802,1.32340553,-4.79497775,-99.122584,-48.9025768,-2.69962036,-8.10061598,6.07893521,True,True
NGC 6624,-152.6,272.998559,-35.050867,8.63991526,-2.55612197,-7.87996708,0.424783591,-0.381690274,-1.18559702,0.571076672,1.31596689,-4.49667878,-99.5762412,-51.3097704,-2.65412425,-8.13758591,6.29068113,True,True
NGC 6624,-152.7,272.998924,-34.9744857,8.63916191,-2.48773043,-7.84469223,0.425228218,-0.37148365,-1.18022604,0.564640717,1.30833965,-4.19835334,-100.021514,-53.7259003,-2.60847179,-8.17451864,6.49598387,True,True
NGC 6624,-152.8,272.99773,-34.8970912,8.63835758,-2.4190458,-7.80780371,0.42564233,-0.361231921,-1.17460749,0.558265075,1.30052399,-3.89995429,-100.458278,-56.1511721,-2.56265734,-8.21141626,6.6947385,True,True
NGC 6624,-152.9,272.994971,-34.8186839,8.63750278,-2.35007333,-7.76929405,0.42602592,-0.350935964,-1.16874042,0.551954831,1.29252014,-3.60143336,-100.886402,-58.5857918,-2.51667521,-8.24828068,6.88683896,True,True
NGC 6624,-153,272.990641,-34.7392642,8.63659805,-2.2808184,-7.72915556,0.42637897,-0.34059667,-1.16262388,0.545715235,1.28432839,-3.30274108,-101.305747,-61.0299658,-2.47051958,-8.28511366,7.07217807,True,True
NGC 6624,-153.1,272.984733,-34.6588322,8.63564393,-2.21128645,-7.68738037,0.426701463,-0.330214944,-1.15625687,0.53955171,1.27594906,-3.00382668,-101.716168,-63.4839007,-2.42418455,-8.32191679,7.25064751,True,True
NGC 6624,-153.2,272.977242,-34.5773884,8.63464099,-2.14148304,-7.64396045,0.426993371,-0.319791707,-1.14963839,0.533469844,1.26738254,-2.70463802,-102.117511,-65.9478031,-2.37766415,-8.35869149,7.4221379,True,True
NGC 6624,-153.3,272.968161,-34.4949327,8.6335898,-2.07141385,-7.59888754,0.427254664,-0.309327895,-1.1427674,0.527475397,1.25862926,-2.40512149,-102.509615,-68.4218795,-2.33095231,-8.39543899,7.58653874,True,True
NGC 6624,-153.4,272.957483,-34.4114654,8.63249093,-2.00108466,-7.55215324,0.427485307,-0.298824461,-1.13564286,0.521574296,1.24968974,-2.10522191,-102.892309,-70.9063356,-2.28404288,-8.43216035,7.74373854,True,True
NGC 6624,-153.5,272.945201,-34.3269864,8.63134501,-1.93050136,-7.50374894,0.427685256,-0.288282378,-1.12826368,0.515772632,1.24056453,-1.80488242,-103.265416,-73.4013766,-2.23692961,-8.46885638,7.89362474,True,True
NGC 6624,-153.6,272.931308,-34.2414959,8.63015263,-1.85966999,-7.45366585,0.427854465,-0.277702635,-1.12062879,0.510076658,1.23125427,-1.5040444,-103.628747,-75.9072063,-2.18960621,-8.50552772,8.03608386,True,True
NGC 6624,-153.7,272.915797,-34.1549937,8.62891442,-1.78859671,-7.40189502,0.427992878,-0.267086242,-1.11273706,0.504492779,1.22175969,-1.20264731,-103.982105,-78.4240272,-2.14206627,-8.54217476,8.17100143,True,True
NGC 6624,-153.8,272.898661,-34.0674799,8.62763103,-1.7172878,-7.3484273,0.428100436,-0.256434229,-1.10458737,0.499027552,1.21208158,-0.900628613,-104.325283,-80.9520397,-2.09430336,-8.57879766,8.29826214,True,True
NGC 6624,-153.9,272.879891,-33.9789544,8.62630312,-1.64574971,-7.29325336,0.428177072,-0.245747649,-1.09617855,0.493687667,1.20222083,-0.597923627,-104.658065,-83.4914421,-2.04631095,-8.61539632,8.41774984,True,True
NGC 6624,-154,272.859481,-33.8894171,8.62493135,-1.57398905,-7.23636371,0.428222712,-0.235027576,-1.08750943,0.488479941,1.19217843,-0.294465395,-104.980223,-86.0424297,-1.99808247,-8.65197036,8.52934761,True,True
NGC 6624,-154.1,272.837423,-33.7988679,8.6235164,-1.50201254,-7.17774869,0.428237275,-0.224275109,-1.07857882,0.483411303,1.18195548,0.00981544174,-105.291518,-88.605194,-1.94961128,-8.68851914,8.63293787,True,True
NGC 6624,-154.2,272.813708,-33.7073068,8.62205898,-1.42982713,-7.11739845,0.428220673,-0.213491372,-1.0693855,0.478488778,1.17155318,0.314990796,-105.591699,-91.1799228,-1.90089071,-8.72504171,8.72840238,True,True
NGC 6624,-154.3,272.788329,-33.6147337,8.62055981,-1.3574399,-7.05530301,0.428172813,-0.202677514,-1.05992824,0.473719466,1.16097287,0.621135293,-105.880505,-93.7667987,-1.85191408,-8.76153677,8.81562241,True,True
NGC 6624,-154.4,272.761277,-33.5211484,8.6190196,-1.28485813,-6.9914522,0.428093589,-0.191834713,-1.05020579,0.469110518,1.15021602,0.928326424,-106.15766,-96.365999,-1.80267464,-8.79800272,8.89447882,True,True
NGC 6624,-154.5,272.732544,-33.4265511,8.61743911,-1.2120893,-6.92583571,0.427982892,-0.180964175,-1.04021688,0.464669117,1.13928423,1.23664472,-106.422876,-98.977694,-1.75316567,-8.83443758,8.96485215,True,True
NGC 6624,-154.6,272.702121,-33.3309416,8.6158191,-1.13914106,-6.85844308,0.427840602,-0.170067137,-1.02996022,0.460402445,1.12817927,1.54617394,-106.675852,-101.602047,-1.70338045,-8.87083896,9.02662275,True,True
NGC 6624,-154.7,272.669999,-33.23432,8.61416034,-1.0660213,-6.78926369,0.42766659,-0.159144865,-1.01943452,0.456317653,1.1169031,1.85700121,-106.916271,-104.239212,-1.65331226,-8.90720408,9.07967093,True,True
NGC 6624,-154.8,272.63617,-33.1366865,8.61246361,-0.992738117,-6.71828681,0.427460719,-0.148198662,-1.00863844,0.452421827,1.10545783,2.16921731,-107.143803,-106.889333,-1.60295445,-8.94352972,9.1238771,True,True
NGC 6624,-154.9,272.600624,-33.0380412,8.61072974,-0.919299845,-6.64550156,0.427222842,-0.137229862,-0.997570665,0.448721954,1.09384579,2.48291676,-107.358101,-109.552544,-1.55230041,-8.97981218,9.15912194,True,True
NGC 6624,-155,272.563352,-32.9383844,8.60895953,-0.845715052,-6.57089697,0.426952803,-0.126239838,-0.986229845,0.445224879,1.08206954,2.79819813,-107.558803,-112.228965,-1.50134363,-9.01604726,9.1852866,True,True
NGC 6624,-155.1,272.524344,-32.8377164,8.60715383,-0.77199256,-6.49446192,0.426650434,-0.115229999,-0.974614625,0.441937265,1.07013187,3.11516422,-107.745528,-114.9187,-1.4500777,-9.05223022,9.20225285,True,True
NGC 6624,-155.2,272.483592,-32.7360377,8.60531349,-0.698141454,-6.41618523,0.426315559,-0.104201795,-0.962723637,0.438865548,1.05803581,3.4339223,-107.917881,-117.621841,-1.39849638,-9.08835573,9.20990334,True,True
NGC 6624,-155.3,272.441086,-32.633349,8.60343938,-0.624171094,-6.33605562,0.425947987,-0.0931567175,-0.950555508,0.436015896,1.0457847,3.75458432,-108.075444,-120.338457,-1.34659359,-9.12441787,9.20812184,True,True
NGC 6624,-155.4,272.396815,-32.5296509,8.60153238,-0.550091129,-6.25406175,0.425547518,-0.0820963,-0.938108856,0.433394154,1.03338217,4.07726723,-108.217784,-123.068597,-1.29436347,-9.16041002,9.19679348,True,True
NGC 6624,-155.5,272.35077,-32.4249444,8.59959339,-0.475911507,-6.17019221,0.42511394,-0.071022123,-0.925382296,0.431005805,1.02083221,4.40209316,-108.344446,-125.812288,-1.24180044,-9.19632488,9.17580505,True,True
NGC 6624,-155.6,272.302941,-32.3192307,8.59762333,-0.401642492,-6.08443557,0.424647026,-0.0599358141,-0.912374442,0.428855918,1.00813914,4.72918974,-108.454954,-128.56953,-1.18889923,-9.23215437,9.14504528,True,True
NGC 6624,-155.7,272.253317,-32.2125109,8.59562313,-0.327294676,-5.99678039,0.424146538,-0.0488390504,-0.899083911,0.426949105,0.995307699,5.05869032,-108.548812,-131.340291,-1.13565496,-9.2678896,9.10440521,True,True
NGC 6624,-155.8,272.201889,-32.1047866,8.59359374,-0.252878994,-5.90721523,0.423612222,-0.0377335612,-0.885509321,0.425289474,0.982343063,5.3907343,-108.6255,-134.124508,-1.08206316,-9.30352077,9.05377854,True,True
NGC 6624,-155.9,272.148646,-31.9960597,8.59153613,-0.17840674,-5.81572868,0.423043812,-0.02662113,-0.871649302,0.423880586,0.969250874,5.72546735,-108.684476,-136.922078,-1.02811991,-9.33903715,8.99306202,True,True
NGC 6624,-156,272.093578,-31.8863323,8.58945126,-0.103889581,-5.72230941,0.422441024,-0.0155035971,-0.857502496,0.42272542,0.956037296,6.06304176,-108.725173,-139.732859,-0.973821882,-9.37442699,8.92215586,True,True
NGC 6624,-156.1,272.036674,-31.7756066,8.58734013,-0.0293395763,-5.62694617,0.42180356,-0.00438286174,-0.843067559,0.42182633,0.942709055,6.40361662,-108.747001,-142.55666,-0.919166439,-9.40967741,8.8409642,True,True
NGC 6624,-156.2,271.977924,-31.6638855,8.58520376,0.0452308092,-5.52962785,0.421131105,0.00673911476,-0.828343174,0.421185023,0.9292735,6.74735817,-108.749341,-145.393235,-0.864151753,-9.44477437,8.7493956,True,True
NGC 6624,-156.3,271.917317,-31.5511721,8.58304316,0.119808685,-5.4303435,0.420423325,0.0178603068,-0.813328048,0.420802523,0.915738651,7.09444003,-108.731552,-148.242282,-0.808776923,-9.47970253,8.64736357,True,True
NGC 6624,-156.4,271.854844,-31.4374699,8.58085937,0.194380719,-5.3290824,0.419679871,0.0289786217,-0.798020924,0.420679159,0.902113269,7.44504342,-108.692962,-151.10343,-0.753042113,-9.51444515,8.5347871,True,True
NGC 6624,-156.5,271.790494,-31.3227829,8.57865344,0.268933118,-5.22583409,0.418900372,0.0400918968,-0.782420587,0.420814545,0.88840692,7.79935741,-108.632874,-153.976236,-0.69694871,-9.54898401,8.41159129,True,True
NGC 6624,-156.6,271.724257,-31.2071156,8.57642644,0.34345161,-5.12058844,0.418084438,0.0511978965,-0.766525871,0.421207576,0.874630055,8.15757906,-108.550562,-156.860171,-0.640499497,-9.58329926,8.27770796,True,True
NGC 6624,-156.7,271.656123,-31.0904731,8.57417945,0.417921424,-5.01333567,0.41723166,0.0622943095,-0.750335668,0.42185642,0.860794083,8.51991361,-108.445271,-159.754615,-0.583698858,-9.6173693,8.13307634,True,True
NGC 6624,-156.8,271.586082,-30.9728609,8.57191356,0.492327273,-4.90406649,0.416341607,0.0733787461,-0.73384894,0.422758529,0.846911471,8.88657451,-108.316219,-162.658843,-0.526552998,-9.65117064,7.97764374,True,True
NGC 6624,-156.9,271.514126,-30.8542854,8.56962986,0.566653333,-4.79277213,0.415413824,0.0844487348,-0.717064727,0.423910644,0.832995833,9.25778347,-108.162594,-165.572011,-0.469070206,-9.68467772,7.81136635,True,True
NGC 6624,-157,271.440244,-30.7347535,8.56732948,0.640883225,-4.67944442,0.414447834,0.0955017199,-0.699982166,0.425308813,0.819062036,9.63377036,-107.983555,-168.493148,-0.411261139,-9.71786277,7.63420994,True,True
NGC 6624,-157.1,271.364428,-30.6142731,8.56501354,0.714999996,-4.56407592,0.413443138,0.106535058,-0.682600495,0.426948413,0.805126315,10.014773,-107.778235,-171.421134,-0.353139153,-9.75069561,7.44615072,True,True
NGC 6624,-157.2,271.286671,-30.4928527,8.56268316,0.788986102,-4.44666,0.412399209,0.117546016,-0.66491908,0.428824176,0.791206393,10.401037,-107.54574,-174.354686,-0.294720668,-9.78314345,7.24717611,True,True
NGC 6624,-157.3,271.206965,-30.3705019,8.56033951,0.862823388,-4.327191,0.411315497,0.128531768,-0.646937424,0.430930218,0.777321609,10.7928149,-107.285148,-177.292337,-0.236025595,-9.81517067,7.03728563,True,True
NGC 6624,-157.4,271.125303,-30.2472313,8.55798372,0.936493073,-4.2056643,0.410191424,0.139489391,-0.628655191,0.433260077,0.763493054,11.190366,-106.995518,-180.232415,-0.1770778,-9.84673858,6.81649174,True,True
NGC 6624,-157.5,271.04168,-30.1230525,8.55561695,1.00997574,-4.08207653,0.409026386,0.150415868,-0.610072228,0.435806744,0.749743717,11.5939549,-106.675884,-183.17302,-0.117905644,-9.87780517,6.58482069,True,True
NGC 6624,-157.6,270.95609,-29.9979783,8.55324038,1.08325131,-3.95642572,0.407819753,0.16130808,-0.591188591,0.438562706,0.736098633,12.0038508,-106.325265,-186.111992,-0.0585425839,-9.90832482,6.34231337,True,True
NGC 6624,-157.7,270.86853,-29.8720229,8.55085516,1.15629905,-3.82871147,0.406570865,0.172162807,-0.572004568,0.441519988,0.72258503,12.4203257,-105.942667,-189.046885,0.000972144576,-9.93824799,6.08902618,True,True
NGC 6624,-157.8,270.778999,-29.7452018,8.54846247,1.22909755,-3.69893521,0.405279036,0.182976726,-0.552520714,0.444670191,0.709232486,12.8436525,-105.527087,-191.974932,0.0605927626,-9.96752092,5.82503186,True,True
NGC 6624,-157.9,270.687494,-29.6175321,8.54606349,1.30162472,-3.56710037,0.40394355,0.193746415,-0.532737888,0.448004537,0.696073072,13.2741029,-105.077523,-194.893005,0.120266083,-9.99608521,5.55042026,True,True
NGC 6624,-158,270.594019,-29.4890327,8.54365938,1.37385783,-3.4332127,0.402563666,0.204468346,-0.512657285,0.451513909,0.683141495,13.7119441,-104.592977,-197.797572,0.179930541,-10.0238775,5.26529916,True,True
NGC 6624,-158.1,270.498576,-29.3597239,8.54125132,1.44577345,-3.29728054,0.401138615,0.215138891,-0.492280487,0.455188896,0.670475211,14.1574361,-104.07247,-200.684655,0.239515104,-10.050829,4.96979503,True,True
NGC 6624,-158.2,270.401171,-29.2296286,8.53884049,1.51734752,-3.15931515,0.399667601,0.225754324,-0.471609506,0.459019832,0.658114528,14.6108272,-103.515047,-203.549771,0.298938059,-10.076865,4.66405386,True,True
NGC 6624,-158.3,270.301812,-29.0987712,8.53642804,1.58855535,-3.01933109,0.398149804,0.236310821,-0.450646841,0.462996836,0.646102659,15.0723493,-102.919798,-206.387878,0.358105646,-10.1019044,4.34824187,True,True
NGC 6624,-158.4,270.200512,-28.967179,8.53401515,1.65937165,-2.87734661,0.396584381,0.246804471,-0.429395539,0.467109857,0.634485735,15.542213,-102.285864,-209.193308,0.416910552,-10.1258594,4.02254653,True,True
NGC 6624,-158.5,270.097286,-28.8348814,8.53160296,1.72977058,-2.73338413,0.394970471,0.257231275,-0.407859262,0.471348705,0.623312746,16.020601,-101.612462,-211.959698,0.475230242,-10.1486344,3.68717763,True,True
NGC 6624,-158.6,269.992154,-28.7019109,8.52919261,1.79972581,-2.58747075,0.393307193,0.267587162,-0.38604236,0.475703098,0.612635406,16.5076613,-100.8989,-214.679913,0.532925137,-10.1701258,3.34236881,True,True
NGC 6624,-158.7,269.885139,-28.5683027,8.52678524,1.86921059,-2.43963878,0.391593654,0.277867993,-0.363949957,0.480162693,0.602507911,17.0035001,-100.1446,-217.345962,0.589836606,-10.1902211,2.98837944,True,True
NGC 6624,-158.8,269.776272,-28.4340956,8.52438197,1.93819779,-2.2899264,0.389828954,0.288069578,-0.341588039,0.484717129,0.59298658,17.508173,-99.3491206,-219.948909,0.645784857,-10.2087985,2.62549745,True,True
NGC 6624,-158.9,269.665587,-28.2993318,8.52198388,2.00666007,-2.13837834,0.388012189,0.29818769,-0.318963561,0.489356064,0.584129361,18.0216767,-98.512185,-222.478779,0.700566702,-10.2257256,2.25404322,True,True
NGC 6624,-159,269.553128,-28.1640571,8.51959207,2.07456996,-1.98504662,0.386142458,0.308218083,-0.296084556,0.494069211,0.575995182,18.5439397,-97.6337048,-224.924467,0.753953316,-10.2408592,1.87437497,False,False
NGC 6624,-159.1,269.438943,-28.0283218,8.51720759,2.14189999,-1.82999138,0.384218873,0.318156513,-0.272960252,0.498846378,0.568643129,19.0748137,-96.713809,-227.273649,0.805688092,-10.2540441,1.4868962,False,False
NGC 6624,-159.2,269.32309,-27.8921807,8.51483145,2.20862285,-1.67328177,0.382240564,0.327998762,-0.249601204,0.503677512,0.562131477,19.6140644,-95.7528701,-229.512708,0.855484833,-10.2651133,1.09206565,False,False
NGC 6624,-159.3,269.205638,-27.7556932,8.51246464,2.27471158,-1.51499683,0.38020669,0.337740661,-0.226019427,0.508552732,0.556516543,20.1613637,-94.7515304,-231.626693,0.903026626,-10.273887,0.690410363,False,False
NGC 6624,-159.4,269.086664,-27.6189241,8.51010812,2.34013972,-1.35522646,0.378116449,0.347378124,-0.202228534,0.513462375,0.551851421,20.7162831,-93.7107239,-233.599333,0.947965891,-10.2801736,0.282542186,False,False
NGC 6624,-159.5,268.966255,-27.4819438,8.50776276,2.40488155,-1.19407227,0.375969089,0.356907177,-0.178243865,0.518397038,0.548184608,21.2782885,-92.631695,-235.413131,0.989926352,-10.2837708,-0.13082228,False,False
NGC 6624,-159.6,268.844514,-27.3448283,8.50542939,2.46891228,-1.03164841,0.373763917,0.366323987,-0.154082604,0.523347617,0.545558592,21.8467377,-91.5160101,-237.0496,1.02850787,-10.284469,-0.548838835,False,False
NGC 6624,-159.7,268.721553,-27.2076598,8.50310876,2.53220827,-0.868082141,0.37150031,0.375624899,-0.129763858,0.528305352,0.544008459,22.4208811,-90.3655619,-238.489669,1.06329523,-10.2820556,-0.970511606,False,False
NGC 6624,-159.8,268.597498,-27.0705263,8.50080151,2.59474725,-0.703513995,0.36917773,0.384806469,-0.105308691,0.533261863,0.543560608,22.9998663,-89.1825625,-239.714326,1.09387189,-10.2763239,-1.39467076,False,False
NGC 6624,-159.9,268.472487,-26.9335213,8.49850817,2.65650851,-0.53809751,0.366795729,0.393865493,-0.0807400683,0.538209191,0.544231653,23.582747,-87.9695267,-240.705514,1.11983926,-10.2670831,-1.81995671,False,False
NGC 6624,-160,268.34667,-26.7967438,8.49622913,2.71747312,-0.371998181,0.36435396,0.40279904,-0.0560827068,0.54313983,0.546027604,24.1684973,-86.7292413,-241.447254,1.14084092,-10.2541725,-2.24481672,False,False
NGC 6624,-160.1,268.220207,-26.6602963,8.49396463,2.77762408,-0.205391628,0.361852185,0.411604477,-0.0313627996,0.548046758,0.548943416,24.7560303,-85.4647225,-241.926895,1.1565897,-10.2374769,-2.66751972,False,False
NGC 6624,-160.2,268.093262,-26.5242841,8.49171473,2.83694646,-0.0384608637,0.359290278,0.420279485,-0.00660760959,0.552923457,0.552962938,25.3442225,-84.1791612,-242.136312,1.16689345,-10.2169406,-3.08619356,False,False
NGC 6624,-160.3,267.966008,-26.3888132,8.4894793,2.89542749,0.128607145,0.356668232,0.428822082,0.0181550403,0.557763934,0.558059326,25.9319401,-82.8758588,-242.072813,1.17167475,-10.1925786,-3.49888379,False,False
NGC 6624,-160.4,267.838614,-26.2539884,8.48725802,2.95305661,0.295625406,0.353986151,0.437230624,0.042897349,0.56256272,0.564195884,26.5180674,-81.5581578,-241.739529,1.17097967,-10.1644809,-3.903628,False,False
NGC 6624,-160.5,267.711247,-26.119911,8.48505038,3.00982548,0.462410891,0.351244253,0.445503808,0.0675921273,0.567314876,0.571327283,27.1015332,-80.2293712,-241.145205,1.16497348,-10.1328088,-4.29853479,False,False
NGC 6624,-160.6,267.584065,-25.9866771,8.4828557,3.06572794,0.628788174,0.348442862,0.453640667,0.0922133351,0.572015981,0.579401054,27.6813346,-78.8927165,-240.303402,1.15392405,-10.0977846,-4.68185487,False,False
NGC 6624,-160.7,267.457219,-25.8543761,8.48067312,3.1207599,0.794592392,0.345582401,0.461640553,0.116736517,0.576662116,0.588359253,28.2565541,-77.5512585,-239.231319,1.13817703,-10.0596756,-5.05203453,False,False
NGC 6624,-160.8,267.330845,-25.7230898,8.47850163,3.17491927,0.959671309,0.342663382,0.469503124,0.141139105,0.58124984,0.598140137,28.8263718,-76.2078639,-237.948471,1.11812779,-10.0187768,-5.40774676,False,False
NGC 6624,-160.9,267.205069,-25.5928918,8.47634014,3.22820577,1.1238865,0.339686394,0.477228319,0.165400592,0.585776164,0.608679777,29.390071,-74.865168,-236.475423,1.09419492,-9.97539418,-5.74790076,False,False
NGC 6624,-161,267.080002,-25.4638471,8.4741874,3.28062076,1.28711372,0.336652095,0.484816333,0.189502582,0.59023852,0.619913493,29.9470386,-73.5255553,-234.832761,1.06679839,-9.92983105,-6.07163425,False,False
NGC 6624,-161.1,266.955742,-25.3360128,8.47204214,3.33216712,1.44924266,0.333561201,0.492267593,0.213428752,0.594634726,0.631777089,30.4967615,-72.1911511,-233.040328,1.03634341,-9.88237806,-6.37829442,False,False
NGC 6624,-161.2,266.832376,-25.2094381,8.469903,3.38284905,1.61017625,0.330414475,0.499582728,0.237164748,0.59896296,0.644207843,31.0388207,-70.8638218,-231.11672,1.00321,-9.83330658,-6.66741287,False,False
NGC 6624,-161.3,266.709978,-25.0841652,8.46776859,3.43267187,1.76982971,0.327212718,0.506762548,0.260698041,0.603221719,0.657145274,31.572883,-69.5451842,-229.079019,0.967747216,-9.78286516,-6.93867893,False,False
NGC 6624,-161.4,266.588612,-24.9602298,8.46563748,3.48164188,1.92812951,0.323956762,0.513808013,0.284017767,0.607409794,0.670531692,32.0986923,-68.2366181,-226.942679,0.930270818,-9.73127805,-7.19191373,False,False
NGC 6624,-161.5,266.468335,-24.8376617,8.46350826,3.52976624,2.08501217,0.320647461,0.520720215,0.307114559,0.611526235,0.684312567,32.6160606,-66.9392839,-224.72153,0.891063328,-9.67874544,-7.42704683,False,False
NGC 6624,-161.6,266.349192,-24.7164856,8.46137947,3.57705276,2.24042325,0.317285685,0.527500353,0.329980384,0.615570328,0.698436742,33.1248591,-65.6541416,-222.427847,0.850375514,-9.62544451,-7.64409573,False,False
NGC 6624,-161.7,266.231224,-24.5967218,8.45924968,3.62350982,2.39431625,0.313872316,0.534149715,0.35260839,0.619541564,0.712856526,33.6250103,-64.3819702,-220.072466,0.808428694,-9.57153107,-7.84314856,False,False
NGC 6624,-161.8,266.114465,-24.4783863,8.45711746,3.66914625,2.54665172,0.31040824,0.540669661,0.374992764,0.623439619,0.727527684,34.1164803,-63.1233876,-217.66491,0.765417398,-9.51714146,-8.02434961,False,False
NGC 6624,-161.9,265.998941,-24.3614919,8.4549814,3.71397123,2.69739636,0.306894344,0.547061606,0.397128607,0.62726433,0.742409368,34.5992717,-61.8788699,-215.213523,0.721512114,-9.4623945,-8.1878874,False,False
NGC 6624,-162,265.884676,-24.2460482,8.4528401,3.75799416,2.84652228,0.303331516,0.553327007,0.419011818,0.631015678,0.757463985,35.0734182,-60.6487683,-212.725602,0.676861947,-9.40739342,-8.33398497,False,False
NGC 6624,-162.1,265.771689,-24.1320622,8.45069218,3.80122464,2.9940063,0.299720635,0.559467353,0.440638992,0.634693767,0.772657038,35.5389786,-59.4333266,-210.207513,0.631597105,-9.35222765,-8.46289196,False,False
NGC 6624,-162.2,265.659994,-24.0195388,8.44853629,3.84367238,3.13982939,0.296062576,0.56548415,0.462007335,0.638298811,0.787956947,35.9960328,-58.2326956,-207.66481,0.585831165,-9.29697446,-8.5748782,False,False
NGC 6624,-162.3,265.549604,-23.9084806,8.44637108,3.88534713,3.28397607,0.292358205,0.571378917,0.483114584,0.641831121,0.803334855,36.4446774,-57.0469468,-205.102328,0.539663104,-9.24170045,-8.67022854,False,False
NGC 6624,-162.4,265.440527,-23.798889,8.44419526,3.92625865,3.42643402,0.288608376,0.577153178,0.503958934,0.645291086,0.818764431,36.8850222,-55.8760845,-202.524275,0.493179111,-9.1864629,-8.74923868,False,False
NGC 6624,-162.5,265.332771,-23.6907635,8.44200754,3.96641666,3.56719362,0.284813932,0.582808453,0.524538986,0.648679173,0.834221683,37.3171877,-54.7200559,-199.934308,0.446454178,-9.13131093,-8.8122118,False,False
NGC 6624,-162.6,265.226339,-23.5841026,8.43980667,4.00583081,3.70624762,0.280975702,0.588346254,0.544853687,0.651995905,0.849684765,37.7413024,-53.5787612,-197.335608,0.399553504,-9.07628656,-8.8594559,False,False
NGC 6624,-162.7,265.121235,-23.4789037,8.43759142,4.04451063,3.84359084,0.277094504,0.593768081,0.564902288,0.655241862,0.865133801,38.1575005,-52.452061,-194.730932,0.352533715,-9.02142559,-8.89128161,False,False
NGC 6624,-162.8,265.017459,-23.3751634,8.43536058,4.08246556,3.97921985,0.27317114,0.599075418,0.584684304,0.65841767,0.880550716,38.5659203,-51.3397839,-192.122675,0.305443941,-8.96675845,-8.90800047,False,False
NGC 6624,-162.9,264.915012,-23.2728774,8.43311299,4.11970486,4.1131328,0.269206397,0.60426973,0.604199476,0.661523991,0.89591908,38.966703,-50.241732,-189.512907,0.258326746,-8.91231085,-8.90992356,False,False
NGC 6624,-163,264.813892,-23.1720409,8.43084749,4.15623767,4.24532914,0.265201051,0.609352462,0.623447745,0.664561525,0.911223963,39.3599909,-49.1576865,-186.903422,0.211218938,-8.85810439,-8.89736038,False,False
NGC 6624,-163.1,264.714098,-23.0726484,8.42856297,4.19207291,4.37580951,0.26115586,0.614325033,0.64242922,0.667530995,0.926451796,39.7459269,-48.0874122,-184.295765,0.164152288,-8.80415715,-8.87061801,False,False
NGC 6624,-163.2,264.615625,-22.9746942,8.42625833,4.22721937,4.50457551,0.257071568,0.619188839,0.661144157,0.670433151,0.941590254,40.1246533,-47.0306612,-181.691267,0.117154138,-8.75048405,-8.83000044,False,False
NGC 6624,-163.3,264.518471,-22.878172,8.42393251,4.26168562,4.63162962,0.252948906,0.623945251,0.67959294,0.673268761,0.956628136,40.4963115,-45.9871759,-179.091075,0.0702479471,-8.69709736,-8.77580799,False,False
NGC 6624,-163.4,264.422631,-22.7830755,8.42158446,4.29548006,4.75697501,0.24878859,0.628595611,0.697776061,0.676038612,0.971555267,40.861041,-44.9566922,-176.496165,0.0234537598,-8.64400697,-8.70833699,False,False
NGC 6624,-163.5,264.328099,-22.6893978,8.41921316,4.32861087,4.88061552,0.244591321,0.633141236,0.715694104,0.6787435,0.986362403,41.2189792,-43.9389416,-173.907372,-0.0232113825,-8.59122071,-8.6278794,False,False
NGC 6624,-163.6,264.234871,-22.5971321,8.41681764,4.36108607,5.00255548,0.240357787,0.637583414,0.733347731,0.681384235,1.00104114,41.570261,-42.933653,-171.325404,-0.0697330821,-8.53874466,-8.53472264,False,False
NGC 6624,-163.7,264.142941,-22.5062715,8.41439692,4.39291344,5.12279967,0.236088661,0.641923405,0.750737672,0.683961632,1.01558386,41.9150187,-41.9405546,-168.750857,-0.116099271,-8.4865833,-8.42914945,False,False
NGC 6624,-163.8,264.052303,-22.4168087,8.41195006,4.42410059,5.24135324,0.231784605,0.646162443,0.767864712,0.686476515,1.0299836,42.2533814,-40.9593752,-166.184229,-0.162299933,-8.43473981,-8.31143772,False,False
NGC 6624,-163.9,263.96295,-22.3287367,8.40947615,4.45465494,5.35822165,0.227446265,0.650301733,0.784729683,0.688929711,1.04423408,42.5854752,-39.9898449,-163.625932,-0.208326867,-8.38321615,-8.18186053,False,False
NGC 6624,-164,263.874877,-22.2420483,8.40697429,4.48458369,5.47341059,0.223074278,0.654342451,0.801333454,0.69132205,1.05832957,42.9114229,-39.0316969,-161.076302,-0.25417347,-8.33201327,-8.04068607,False,False
NGC 6624,-164.1,263.788077,-22.1567363,8.40444361,4.51389388,5.58692597,0.218669264,0.65828575,0.817676926,0.693654363,1.07226486,43.2313439,-38.0846672,-158.535608,-0.299834552,-8.28113123,-7.88817767,False,False
NGC 6624,-164.2,263.702543,-22.0727936,8.40188327,4.54259234,5.69877382,0.214231835,0.662132752,0.833761025,0.695927482,1.08603522,43.5453544,-37.1484962,-156.004062,-0.345306173,-8.23056931,-7.72459386,False,False
NGC 6624,-164.3,263.618269,-21.9902129,8.39929245,4.57068571,5.80896031,0.209762589,0.665884555,0.849586694,0.698142238,1.09963637,43.8535671,-36.2229284,-153.481823,-0.3905855,-8.18032611,-7.55018838,False,False
NGC 6624,-164.4,263.535247,-21.9089874,8.39667034,4.59818048,5.91749166,0.205262114,0.669542231,0.865154892,0.70029946,1.11306438,44.1560913,-35.3077132,-150.969004,-0.435670676,-8.13039966,-7.36521031,False,False
NGC 6624,-164.5,263.453472,-21.8291099,8.39401615,4.62508293,6.02437416,0.200730985,0.673106825,0.880466585,0.702399976,1.12631573,44.4530329,-34.4026052,-148.46568,-0.480560709,-8.08078748,-7.16990411,False,False
NGC 6624,-164.6,263.372936,-21.7505735,8.39132914,4.65139918,6.12961411,0.196169769,0.67657936,0.895522748,0.70444461,1.1393872,44.7444944,-33.5073641,-145.971889,-0.525255376,-8.03148664,-6.96450974,False,False
NGC 6624,-164.7,263.293634,-21.6733716,8.38860856,4.67713517,6.23321779,0.191579021,0.679960832,0.910324356,0.706434182,1.15227587,45.0305753,-32.6217553,-143.487638,-0.569755131,-7.98249384,-6.74926274,False,False
NGC 6624,-164.8,263.215557,-21.5974973,8.3858537,4.70229669,6.33519147,0.186959286,0.683252214,0.924872383,0.708369509,1.16497909,45.3113715,-31.7455494,-141.012908,-0.614061029,-7.93380544,-6.52439437,False,False
NGC 6624,-164.9,263.138701,-21.5229441,8.38306386,4.72688936,6.43554137,0.182311099,0.686454456,0.939167802,0.710251405,1.17749447,45.5869758,-30.8785231,-138.547655,-0.658174657,-7.88541755,-6.2901317,False,False
NGC 6624,-165,263.063058,-21.4497055,8.38023836,4.75091864,6.53427364,0.177634989,0.689568487,0.953211578,0.712080675,1.18981982,45.857478,-30.0204583,-136.091815,-0.702098073,-7.83732599,-6.04669773,False,False
NGC 6624,-165.1,262.988622,-21.3777752,8.37737654,4.77438984,6.63139437,0.17293147,0.692595212,0.967004671,0.713858124,1.20195318,46.1229647,-29.1711427,-133.645303,-0.745833754,-7.78952643,-5.79431152,False,False
NGC 6624,-165.2,262.915387,-21.3071469,8.37447776,4.79730811,6.72690954,0.168201053,0.695535515,0.980548029,0.715584549,1.21389278,46.3835196,-28.3303697,-131.208021,-0.789384544,-7.74201432,-5.5331883,False,False
NGC 6624,-165.3,262.843347,-21.2378147,8.37154142,4.81967847,6.82082504,0.163444238,0.698390259,0.99384259,0.717260743,1.225637,46.6392232,-27.497938,-128.779854,-0.832753616,-7.69478498,-5.2635396,False,False
NGC 6624,-165.4,262.772497,-21.1697725,8.36856689,4.84150578,6.91314663,0.158661516,0.701160288,1.00688928,0.718887492,1.2371844,46.8901535,-26.6736518,-126.360676,-0.875944429,-7.64783362,-4.98557337,False,False
NGC 6624,-165.5,262.702829,-21.1030146,8.36555361,4.86279477,7.00387997,0.153853372,0.703846424,1.01968901,0.720465578,1.24853367,47.1363855,-25.8573209,-123.950351,-0.918960698,-7.60115531,-4.69949409,False,False
NGC 6624,-165.6,262.634339,-21.0375354,8.36250101,4.88355005,7.09303059,0.149020283,0.706449472,1.03224268,0.721995777,1.25968363,47.3779916,-25.04876,-121.548731,-0.961806364,-7.55474506,-4.40550291,False,False
NGC 6624,-165.7,262.567021,-20.9733293,8.35940853,4.90377608,7.18060386,0.144162717,0.708970217,1.04455118,0.723478858,1.27063323,47.6150414,-24.2477892,-119.155662,-1.00448557,-7.50859782,-4.10379777,False,False
NGC 6624,-165.8,262.50087,-20.910391,8.35627566,4.9234772,7.26660502,0.139281139,0.711409427,1.05661536,0.724915587,1.28138153,47.8476021,-23.4542336,-116.770981,-1.04700262,-7.46270846,-3.7945735,False,False
NGC 6624,-165.9,262.43588,-20.8487153,8.35310187,4.94265762,7.35103917,0.134376003,0.71376785,1.06843608,0.726306722,1.29192767,48.0757382,-22.6679231,-114.394522,-1.08936199,-7.41707182,-3.47802196,False,False
NGC 6624,-166,262.372046,-20.7882971,8.34988667,4.96132144,7.43391125,0.129447759,0.71604622,1.08001417,0.727653016,1.30227091,48.2995118,-21.8886926,-112.02611,-1.13156828,-7.3716827,-3.15433215,False,False
NGC 6624,-166.1,262.309365,-20.7291316,8.34662959,4.97947264,7.51522604,0.12449685,0.718245253,1.09135044,0.728955217,1.31241056,48.5189828,-21.1163816,-109.665567,-1.1736262,-7.32653589,-2.82369034,False,False
NGC 6624,-166.2,262.24783,-20.671214,8.34333016,4.99711508,7.59498815,0.119523713,0.720365647,1.10244569,0.730214067,1.32234605,48.7342086,-20.350834,-107.312713,-1.2155406,-7.28162615,-2.48628014,False,False
NGC 6624,-166.3,262.187437,-20.6145396,8.33998794,5.01425252,7.67320204,0.11452878,0.722408087,1.1133007,0.731430301,1.33207685,48.9452443,-19.5918983,-104.967362,-1.25731637,-7.23694825,-2.14228268,False,False
NGC 6624,-166.4,262.128183,-20.5591042,8.33660249,5.03088861,7.749872,0.109512475,0.724373242,1.12391622,0.732604652,1.34160249,49.1521428,-18.8394273,-102.629326,-1.29895851,-7.19249693,-1.79187666,False,False
NGC 6624,-166.5,262.070063,-20.5049033,8.33317341,5.04702689,7.82500213,0.10447522,0.726261765,1.13429299,0.733737843,1.35092258,49.3549551,-18.093278,-100.298417,-1.34047208,-7.14826695,-1.4352385,False,False
NGC 6624,-166.6,262.013072,-20.4519328,8.3297003,5.0626708,7.89859639,0.09941743,0.728074296,1.14443174,0.734830596,1.36003677,49.5537298,-17.3533113,-97.9744416,-1.38186221,-7.10425309,-1.07254244,False,False
NGC 6624,-166.7,261.957207,-20.4001888,8.32618277,5.07782369,7.97065853,0.0943395156,0.72981146,1.15433315,0.735883626,1.36894475,49.7485135,-16.6193922,-95.6572075,-1.42313407,-7.06045011,-0.703960623,False,False
NGC 6624,-166.8,261.902465,-20.3496674,8.32262046,5.0924888,8.04119216,0.0892418826,0.731473868,1.16399792,0.736897641,1.37764629,49.939351,-15.8913895,-93.3465206,-1.46429286,-7.01685282,-0.329663249,False,False
NGC 6624,-166.9,261.848841,-20.3003649,8.31901302,5.10666929,8.11020068,0.0841249323,0.73306212,1.17342669,0.737873347,1.38614115,50.1262849,-15.1691756,-91.0421857,-1.50534385,-6.97345601,0.0501813673,False,False
NGC 6624,-167,261.796333,-20.2522778,8.31536011,5.12036822,8.17768732,0.078989062,0.734576801,1.18262012,0.738811444,1.39442916,50.3093561,-14.4526267,-88.7440075,-1.54629231,-6.93025452,0.435406667,False,False
NGC 6624,-167.1,261.744938,-20.2054027,8.31166142,5.13358857,8.24365513,0.0738346646,0.736018485,1.19157881,0.739712625,1.40251019,50.4886034,-13.7416224,-86.4517898,-1.58714356,-6.8872432,0.825847755,False,False
NGC 6624,-167.2,261.694652,-20.1597363,8.30791663,5.14633323,8.308107,0.0686621293,0.737387731,1.20030337,0.740577582,1.41038411,50.664064,-13.0360455,-84.1653366,-1.62790294,-6.84441693,1.2213413,False,False
NGC 6624,-167.3,261.645472,-20.1152755,8.30412545,5.15860501,8.37104559,0.0634718415,0.73868509,1.20879438,0.741406998,1.41805085,50.8357732,-12.3357824,-81.8844517,-1.66857578,-6.80177059,1.62172541,False,False
NGC 6624,-167.4,261.597397,-20.0720175,8.30028762,5.17040662,8.43247343,0.0582641833,0.7399111,1.2170524,0.742201556,1.42551033,51.0037646,-11.6407226,-79.6089389,-1.70916748,-6.75929912,2.0268396,False,False
NGC 6624,-167.5,261.550424,-20.0299593,8.29640287,5.18174073,8.49239283,0.0530395331,0.741066286,1.22507797,0.742961932,1.43276253,51.1680699,-10.9507584,-77.3386026,-1.7496834,-6.71699746,2.43652461,False,False
NGC 6624,-167.6,261.50455,-19.9890984,8.29247095,5.19260989,8.55080593,0.0477982664,0.742151165,1.2328716,0.743688796,1.43980742,51.3287194,-10.2657855,-75.0732471,-1.79012894,-6.6748606,2.85062236,False,False
NGC 6624,-167.7,261.459774,-19.9494322,8.28849163,5.2030166,8.60771467,0.0425407556,0.743166241,1.2404338,0.744382817,1.44664501,51.4857415,-9.58570228,-72.8126773,-1.8305095,-6.63288353,3.26897585,False,False
NGC 6624,-167.8,261.416093,-19.9109583,8.28446469,5.2129633,8.66312083,0.0372673703,0.744112011,1.24776504,0.745044657,1.45327531,51.639163,-8.91040997,-70.5566988,-1.87083049,-6.59106129,3.69142906,False,False
NGC 6624,-167.9,261.373506,-19.8736746,8.28038994,5.22245232,8.71702598,0.0319784774,0.744988958,1.25486578,0.745674977,1.45969836,51.7890094,-8.23981258,-68.3051173,-1.91109732,-6.54938894,4.11782685,False,False
NGC 6624,-168,261.332011,-19.8375789,8.27626718,5.23148595,8.76943152,0.0266744414,0.745797559,1.26173648,0.74627443,1.46591421,51.9353041,-7.57381673,-66.0577395,-1.95131542,-6.50786156,4.54801486,False,False
NGC 6624,-168.1,261.291608,-19.8026693,8.27209624,5.24006641,8.82033866,0.0213556243,0.746538279,1.26837753,0.746843668,1.4719229,52.0780693,-6.91233164,-63.8143725,-1.9914902,-6.46647427,4.98183946,False,False
NGC 6624,-168.2,261.252295,-19.7689439,8.26787695,5.24819584,8.86974841,0.016022386,0.747211575,1.27478935,0.747383338,1.47772452,52.2173256,-6.25526904,-61.5748239,-2.0316271,-6.42522221,5.41914759,False,False
NGC 6624,-168.3,261.21407,-19.7364012,8.26360918,5.25587635,8.91766161,0.0106750844,0.747817895,1.28097232,0.747894084,1.48331913,52.353092,-5.60254305,-59.3389024,-2.07173154,-6.38410055,5.85978674,False,False
NGC 6624,-168.4,261.176934,-19.7050396,8.25929279,5.26310994,8.96407891,0.00531407556,0.748357678,1.28692679,0.748376545,1.48870683,52.485386,-4.95407021,-57.106417,-2.11180895,-6.34310449,6.30360478,False,False
NGC 6624,-168.5,261.140885,-19.6748577,8.25492767,5.26989859,9.00900076,-6.02863075e-05,0.748831354,1.29265312,0.748831357,1.49388771,52.6142238,-4.3097693,-54.8771776,-2.15186476,-6.30222923,6.75044996,False,False
NGC 6624,-168.6,261.105924,-19.6458542,8.25051371,5.2762442,9.05242742,-0.00544764846,0.749239348,1.29815161,0.749259152,1.49886186,52.7396198,-3.66956138,-52.6509945,-2.19190442,-6.26147004,7.20017072,False,False
NGC 6624,-168.7,261.072049,-19.6180281,8.24605082,5.28214863,9.094359,-0.0108476596,0.749582072,1.30342258,0.74966056,1.5036294,52.8615872,-3.03336963,-50.4276788,-2.23193337,-6.22082219,7.65261568,False,False
NGC 6624,-168.8,261.039261,-19.5913783,8.24153894,5.28761366,9.13479537,-0.0162599696,0.749859935,1.3084663,0.750036205,1.50819043,52.9801376,-2.40111938,-48.2070425,-2.27195704,-6.18028096,8.10763352,False,False
NGC 6624,-168.9,261.007561,-19.565904,8.236978,5.29264103,9.17373624,-0.0216842297,0.750073335,1.31328305,0.750386709,1.51254507,53.0952812,-1.77273801,-45.9888977,-2.31198088,-6.13984168,8.56507285,False,False
NGC 6624,-169,260.976947,-19.5416045,8.23236795,5.29723244,9.21118113,-0.0271200918,0.750222665,1.31787306,0.750712692,1.51669343,53.2070268,-1.14815487,-43.7730576,-2.35201034,-6.0994997,9.02478219,False,False
NGC 6624,-169.1,260.947422,-19.5184792,8.22770877,5.30138951,9.24712937,-0.0325672088,0.750308309,1.32223657,0.751014767,1.52063563,53.3153817,-0.527301301,-41.5593357,-2.39205089,-6.05925038,9.48660981,False,False
NGC 6624,-169.2,260.918985,-19.4965277,8.22300045,5.30511383,9.28158008,-0.0380252342,0.750330645,1.32637377,0.751293548,1.5243718,53.4203517,0.0898894883,-39.3475461,-2.43210796,-6.0190891,9.95040369,False,False
NGC 6624,-169.3,260.891637,-19.4757496,8.21824297,5.30840695,9.31453222,-0.0434938222,0.750290045,1.33028487,0.751549642,1.52790206,53.5219414,0.703482419,-37.1375034,-2.47218704,-5.97901129,10.4160114,False,False
NGC 6624,-169.4,260.865379,-19.4561448,8.21343636,5.31127034,9.34598455,-0.0489726272,0.750186873,1.33397002,0.751783655,1.53122653,53.6201537,1.31354061,-34.9290227,-2.5122936,-5.93901236,10.88328,False,False
NGC 6624,-169.5,260.840214,-19.4377133,8.20858063,5.31370546,9.37593562,-0.0544613039,0.750021489,1.33742938,0.751996188,1.53434534,53.7149902,1.92012541,-32.7219196,-2.55243312,-5.89908778,11.3520559,False,False
NGC 6624,-169.6,260.816141,-19.420455,8.20367585,5.31571369,9.40438381,-0.059959507,0.749794243,1.34066308,0.752187842,1.53725862,53.8064511,2.52329643,-30.51601,-2.59261108,-5.85923301,11.822185,False,False
NGC 6624,-169.7,260.793163,-19.4043703,8.19872206,5.3172964,9.4313273,-0.0654668912,0.749505482,1.34367124,0.75235921,1.53996648,53.8945351,3.12311163,-28.3111101,-2.63283299,-5.81944355,12.2935121,False,False
NGC 6624,-169.8,260.771281,-19.3894594,8.19371933,5.3184549,9.45676409,-0.0709831111,0.749155546,1.34645394,0.752510887,1.54246907,53.9792394,3.71962729,-26.1070366,-2.67310436,-5.7797149,12.7658815,False,False
NGC 6624,-169.9,260.750497,-19.3757228,8.18866776,5.31919046,9.48069197,-0.0765078208,0.748744771,1.34901126,0.75264346,1.5447665,54.0605598,4.31289809,-23.9036064,-2.7134307,-5.74004259,13.2391361,False,False
NGC 6624,-170,260.730814,-19.3631612,8.18356745,5.3195043,9.50310854,-0.082040674,0.748273485,1.35134325,0.752757517,1.5468589,54.1384906,4.90297713,-21.7006366,-2.75381757,-5.70042217,13.7131181,False,False
NGC 6624,-170.1,260.712234,-19.3517752,8.17841852,5.31939762,9.52401122,-0.0875813236,0.747742011,1.35344997,0.75285364,1.5487464,54.2130248,5.48991596,-19.4979444,-2.7942705,-5.66084921,14.1876682,False,False
NGC 6624,-170.2,260.69476,-19.3415657,8.17322111,5.31887158,9.54339722,-0.0931294219,0.747150669,1.35533141,0.752932408,1.55042912,54.2841535,6.07376459,-17.2953472,-2.83479505,-5.62131927,14.6626261,False,False
NGC 6624,-170.3,260.678393,-19.3325337,8.16797536,5.31792728,9.56126356,-0.09868462,0.746499772,1.3569876,0.752994398,1.55190718,54.3518668,6.65457158,-15.0926626,-2.87539682,-5.58182796,15.1378298,False,False
NGC 6624,-170.4,260.663138,-19.3246802,8.16268145,5.31656581,9.57760707,-0.104246568,0.745789629,1.35841849,0.753040183,1.55318071,54.4161529,7.23238398,-12.889708,-2.9160814,-5.54237089,15.613116,False,False
NGC 6624,-170.5,260.648996,-19.3180066,8.15733955,5.31478822,9.59242438,-0.109814915,0.745020543,1.35962407,0.753070332,1.55424983,54.4769985,7.80724742,-10.686301,-2.95685441,-5.50294369,16.0883196,False,False
NGC 6624,-170.6,260.635972,-19.3125141,8.15194987,5.31259551,9.60571192,-0.115389308,0.744192815,1.36060427,0.753085412,1.55511467,54.5343889,8.37920611,-8.48225897,-2.99772148,-5.46354199,16.5632741,False,False
NGC 6624,-170.7,260.624069,-19.3082043,8.14651263,5.30998867,9.61746593,-0.120969393,0.743306738,1.36135903,0.753085985,1.55577534,54.5883078,8.94830286,-6.27739923,-3.03868828,-5.42416147,17.0378109,False,False
NGC 6624,-170.8,260.613291,-19.3050787,8.14102805,5.30696864,9.62768244,-0.126554815,0.742362603,1.36188823,0.75307261,1.55623196,54.6387369,9.51457911,-4.07153892,-3.07976049,-5.38479778,17.5117594,False,False
NGC 6624,-170.9,260.603641,-19.3031391,8.13549639,5.30353634,9.63635729,-0.132145214,0.741360698,1.36219179,0.753045843,1.55648466,54.6856569,10.0780749,-1.86449497,-3.1209438,-5.34544663,17.9849471,False,False
NGC 6624,-171,260.595124,-19.3023873,8.12991792,5.29969265,9.64348612,-0.137740232,0.740301303,1.36226956,0.753006235,1.55653356,54.7290462,10.638829,0.343915983,-3.16224396,-5.30610371,18.4571993,False,False
NGC 6624,-171.1,260.587744,-19.3028253,8.12429292,5.29543843,9.64906437,-0.143339505,0.739184698,1.36212139,0.752954335,1.55637878,54.7688819,11.1968788,2.55387761,-3.20366671,-5.26676474,18.9283388,False,False
NGC 6624,-171.2,260.581505,-19.3044552,8.11862169,5.29077451,9.65308727,-0.14894267,0.738011157,1.36174712,0.752890687,1.55602044,54.8051393,11.7522603,4.76557396,-3.24521784,-5.22742546,19.3981862,False,False
NGC 6624,-171.3,260.576413,-19.3072792,8.11290456,5.28570169,9.65554986,-0.154549359,0.736780951,1.36114656,0.75281583,1.55545866,54.8377918,12.3050085,6.97918951,-3.28690316,-5.18808161,19.8665593,False,False
NGC 6624,-171.4,260.572471,-19.3112997,8.10714187,5.28022075,9.65644695,-0.160159201,0.735494349,1.36031951,0.752730301,1.55469356,54.8668111,12.8551566,9.19490921,-3.32872852,-5.14872895,20.3332734,False,False
NGC 6624,-171.5,260.569686,-19.3165191,8.10133397,5.27433245,9.65577319,-0.165771825,0.734151613,1.35926573,0.752634632,1.55372527,54.8921669,13.402737,11.4129185,-3.37069978,-5.10936326,20.7981408,False,False
NGC 6624,-171.6,260.568062,-19.32294,8.09548125,5.2680375,9.65352299,-0.171386852,0.732753007,1.357985,0.752529349,1.55255392,54.9138273,13.9477806,13.6334035,-3.41282286,-5.06998034,21.260971,False,False
NGC 6624,-171.7,260.567606,-19.330565,8.08958409,5.26133661,9.64969056,-0.177003905,0.731298786,1.35647703,0.752414976,1.55117963,54.9317581,14.490317,15.8565508,-3.45510368,-5.030576,21.72157,False,False
NGC 6624,-171.8,260.568322,-19.3393971,8.08364293,5.25423046,9.64426991,-0.1826226,0.729789206,1.35474156,0.752292031,1.54960253,54.9459234,15.0303746,18.0825478,-3.49754821,-4.99114606,22.1797411,False,False
NGC 6624,-171.9,260.570218,-19.3494391,8.07765819,5.24671972,9.63725484,-0.188242548,0.72822452,1.35277828,0.752161026,1.54782276,54.9562851,15.5679806,20.3115825,-3.54016248,-4.95168636,22.6352836,False,False
NGC 6624,-172,260.573298,-19.3606942,8.07163033,5.23880502,9.62863894,-0.193863361,0.726604977,1.35058687,0.75202247,1.54584045,54.962803,16.1031607,22.5438438,-3.5829525,-4.91219277,23.0879936,False,False
NGC 6624,-172.1,260.57757,-19.3731654,8.06555983,5.23048698,9.61841558,-0.199484642,0.724930823,1.34816699,0.751876865,1.54365575,54.9654348,16.6359395,24.7795211,-3.62592438,-4.87266118,23.5376632,False,False
NGC 6624,-172.2,260.58304,-19.3868561,8.0594472,5.22176621,9.60657793,-0.205105991,0.723202302,1.34551829,0.751724709,1.54126879,54.9641359,17.1663405,27.0188051,-3.66908421,-4.83308747,23.9840809,False,False
NGC 6624,-172.3,260.589715,-19.4017696,8.05329295,5.21264328,9.59311895,-0.210727004,0.721419658,1.34264037,0.751566493,1.53867975,54.9588596,17.6943855,29.261887,-3.71243817,-4.79346757,24.4270308,False,False
NGC 6624,-172.4,260.597602,-19.4179096,8.04709762,5.20311878,9.57803138,-0.216347272,0.719583129,1.33953285,0.751402703,1.53588876,54.9495567,18.2200954,31.5089591,-3.75599243,-4.75379742,24.866293,False,False
NGC 6624,-172.5,260.606709,-19.4352796,8.04086179,5.19319325,9.56130774,-0.221966381,0.717692954,1.33619531,0.751233819,1.532896,54.9361755,18.7434897,33.7602146,-3.79975325,-4.71407299,25.3016429,False,False
NGC 6624,-172.6,260.617042,-19.4538833,8.03458605,5.18286722,9.54294035,-0.22758391,0.715749369,1.33262731,0.751060314,1.52970165,54.9186621,19.2645865,36.0158478,-3.84372689,-4.67429027,25.7328515,False,False
NGC 6624,-172.7,260.628611,-19.4737247,8.028271,5.17214124,9.52292131,-0.233199435,0.713752607,1.32882839,0.750882654,1.52630588,54.8969596,19.7834028,38.2760538,-3.88791966,-4.63444528,26.1596849,False,False
NGC 6624,-172.8,260.641423,-19.4948077,8.02191728,5.16101579,9.50124248,-0.238812523,0.711702901,1.32479807,0.750701299,1.52270889,54.8710088,20.299954,40.541029,-3.93233794,-4.59453407,26.5819041,False,False
NGC 6624,-172.9,260.655485,-19.5171363,8.01552556,5.1494914,9.47789553,-0.244422738,0.709600481,1.32053586,0.750516701,1.51891088,54.8407476,20.8142544,42.8109708,-3.97698811,-4.5545527,26.9992649,False,False
NGC 6624,-173,260.670808,-19.5407149,8.00909653,5.13756854,9.4528719,-0.250029634,0.707445579,1.31604123,0.750329304,1.51491207,54.8061111,21.3263169,45.0860775,-4.02187662,-4.51449729,27.4115179,False,False
NGC 6624,-173.1,260.687399,-19.5655476,8.00263089,5.1252477,9.42616281,-0.255632762,0.705238421,1.31131366,0.750139546,1.51071269,54.7670313,21.836153,47.3665488,-4.06700994,-4.47436398,27.8184076,False,False
NGC 6624,-173.2,260.705268,-19.5916389,7.9961294,5.11252936,9.39775925,-0.261231662,0.702979235,1.30635257,0.749947855,1.50631299,54.7234372,22.3437728,49.6525853,-4.11239461,-4.43414895,28.2196728,False,False
NGC 6624,-173.3,260.724423,-19.6189934,7.98959281,5.09941397,9.36765201,-0.26682587,0.700668247,1.3011574,0.749754651,1.50171323,54.6752549,22.849185,51.9443888,-4.15803719,-4.39384842,28.6150463,False,False
NGC 6624,-173.4,260.744875,-19.6476155,7.98302192,5.085902,9.33583163,-0.272414913,0.698305682,1.29572754,0.749560345,1.49691368,54.6224069,23.3523968,54.2421623,-4.20394428,-4.35345865,29.0042543,False,False
NGC 6624,-173.5,260.766633,-19.67751,7.97641755,5.0719939,9.30228844,-0.277998308,0.695891765,1.29006237,0.749365337,1.49191465,54.5648125,23.853414,56.5461098,-4.25012253,-4.31297596,29.3870165,False,False
NGC 6624,-173.6,260.789708,-19.7086818,7.96978057,5.05769013,9.26701256,-0.283575568,0.693426721,1.28416124,0.749170021,1.48671645,54.5023872,24.3522409,58.8564365,-4.29657863,-4.2723967,29.7630456,False,False
NGC 6624,-173.7,260.81411,-19.7411358,7.96311184,5.04299112,9.22999386,-0.289146192,0.690910773,1.2780235,0.748974777,1.48131944,54.4350433,24.8488803,61.1733486,-4.34331928,-4.23171729,30.1320472,False,False
NGC 6624,-173.8,260.839848,-19.774877,7.95641229,5.02789734,9.19122199,-0.294709673,0.688344145,1.27164846,0.748779976,1.47572398,54.3626889,25.3433334,63.4970533,-4.39035126,-4.19093421,30.4937193,False,False
NGC 6624,-173.9,260.866935,-19.8099104,7.94968285,5.01240923,9.1506864,-0.300265494,0.68572706,1.26503542,0.748585979,1.46993047,54.2852282,25.8355997,65.827759,-4.43768134,-4.15004398,30.8477523,False,False
NGC 6624,-174,260.895382,-19.8462414,7.94292451,4.99652724,9.10837627,-0.305813128,0.683059742,1.25818365,0.748393133,1.46393933,54.2025616,26.3256773,68.1656749,-4.48531636,-4.10904321,31.1938283,False,False
NGC 6624,-174.1,260.925199,-19.8838751,7.93613828,4.98025181,9.0642806,-0.311352037,0.680342416,1.25109239,0.748201774,1.45775103,54.1145848,26.8135623,70.511011,-4.53326315,-4.06792857,31.5316214,False,False
NGC 6624,-174.2,260.956399,-19.922817,7.92932519,4.96358342,9.01838813,-0.316881672,0.677575306,1.24376089,0.748012225,1.45136606,54.0211895,27.2992493,72.8639782,-4.58152861,-4.02669683,31.8607965,False,False
NGC 6624,-174.3,260.988994,-19.9630726,7.92248634,4.94652252,8.97068739,-0.322401474,0.674758636,1.23618835,0.747824797,1.44478496,53.9222623,27.782731,75.2247881,-4.63011962,-3.98534483,32.1810098,False,False
NGC 6624,-174.4,261.022995,-20.0046473,7.91562283,4.92906959,8.92116668,-0.32791087,0.671892634,1.22837396,0.747639787,1.43800829,53.8176853,28.2639983,77.5936529,-4.6790431,-3.94386949,32.4919078,False,False
NGC 6624,-174.5,261.058417,-20.0475469,7.90873582,4.91122509,8.86981409,-0.333409277,0.668977526,1.22031688,0.747457475,1.43103667,53.7073356,28.7430401,79.9707853,-4.72830598,-3.90226786,32.7931274,False,False
NGC 6624,-174.6,261.09527,-20.0917769,7.90182649,4.89298952,8.81661746,-0.338896098,0.66601354,1.21201625,0.747278128,1.42387078,53.5910849,29.2198437,82.356398,-4.7779152,-3.86053708,33.0842953,False,False
NGC 6624,-174.7,261.13357,-20.1373433,7.89489609,4.87436338,8.76156441,-0.344370723,0.663000905,1.2034712,0.747101998,1.41651132,53.4687994,29.6943938,84.7507044,-4.8278777,-3.81867439,33.3650274,False,False
NGC 6624,-174.8,261.173329,-20.1842518,7.88794587,4.85534718,8.70464237,-0.349832526,0.659939854,1.19468083,0.746929318,1.40895908,53.3403398,30.1666735,87.1539171,-4.87820041,-3.7766772,33.6349289,False,False
NGC 6624,-174.9,261.214561,-20.2325083,7.88097715,4.83594146,8.64583851,-0.35528087,0.656830618,1.18564422,0.746760308,1.40121489,53.2055608,30.6366635,89.566249,-4.92889026,-3.73454301,33.8935933,False,False
NGC 6624,-175,261.25728,-20.2821188,7.87399128,4.81614676,8.58513981,-0.3607151,0.653673435,1.17636041,0.746595167,1.39327964,53.0643109,31.1043422,91.987912,-4.97995414,-3.6922695,34.1406025,False,False
NGC 6624,-175.1,261.301501,-20.3330893,7.86698966,4.79596365,8.52253303,-0.366134547,0.65046854,1.16682846,0.746434075,1.38515432,52.9164322,31.569686,94.4191172,-5.03139894,-3.64985449,34.3755258,False,False
NGC 6624,-175.2,261.347239,-20.385426,7.85997373,4.77539272,8.45800471,-0.371538525,0.647216175,1.15704737,0.746277195,1.37683995,52.7617598,32.0326685,96.8600745,-5.08323147,-3.60729597,34.5979198,False,False
NGC 6624,-175.3,261.394508,-20.4391348,7.85294499,4.75443458,8.39154119,-0.376926329,0.643916582,1.14701613,0.746124669,1.36833768,52.600122,32.4932609,99.3109922,-5.1354585,-3.56459214,34.8073276,False,False
NGC 6624,-175.4,261.443324,-20.4942219,7.84590495,4.73308986,8.32312859,-0.382297238,0.640570007,1.13673371,0.745976616,1.35964872,52.4313397,32.951432,101.772077,-5.18808676,-3.52174137,35.0032788,False,False
NGC 6624,-175.5,261.493703,-20.5506936,7.83885523,4.71135924,8.25275283,-0.387650513,0.637176699,1.12619906,0.745833135,1.35077437,52.255226,33.4071477,104.243531,-5.24112286,-3.47874226,35.1852882,False,False
NGC 6624,-175.6,261.545661,-20.608556,7.83179744,4.6892434,8.18039966,-0.392985392,0.633736912,1.11541112,0.745694303,1.34171605,52.0715861,33.8603711,106.725556,-5.29457333,-3.43559365,35.3528558,False,False
NGC 6624,-175.7,261.599214,-20.6678153,7.82473328,4.66674308,8.10605462,-0.398301098,0.630250903,1.10436879,0.745560169,1.33247529,51.8802165,34.3110623,109.218349,-5.34844457,-3.39229462,35.5054662,False,False
NGC 6624,-175.8,261.654378,-20.7284778,7.81766449,4.64385904,8.02970305,-0.403596827,0.626718932,1.09307096,0.745430761,1.32305372,51.6809053,34.7591785,111.722101,-5.40274286,-3.34884454,35.6425877,False,False
NGC 6624,-175.9,261.711172,-20.7905496,7.81059287,4.62059208,7.95133014,-0.408871758,0.623141265,1.0815165,0.745306079,1.31345312,51.4734311,35.2046737,114.237,-5.45747429,-3.30524306,35.7636718,False,False
NGC 6624,-176,261.769612,-20.854037,7.80352028,4.59694305,7.87092091,-0.414125042,0.619518173,1.06970426,0.745186096,1.30367539,51.2575629,35.6474984,116.763226,-5.51264479,-3.26149016,35.8681528,False,False
NGC 6624,-176.1,261.829716,-20.9189461,7.79644863,4.57291282,7.78846021,-0.41935581,0.615849932,1.05763307,0.745070758,1.2937226,51.03306,36.0875998,119.300954,-5.56826004,-3.21758616,35.9554467,False,False
NGC 6624,-176.2,261.891502,-20.9852831,7.78937989,4.54850233,7.70393274,-0.424563165,0.612136823,1.04530176,0.74495998,1.28359695,50.7996707,36.5249215,121.850348,-5.6243255,-3.17353178,36.024951,False,False
NGC 6624,-176.3,261.954987,-21.0530542,7.78231612,4.52371257,7.61732306,-0.429746186,0.608379133,1.03270911,0.744853646,1.27330085,50.5571327,36.9594031,124.411564,-5.68084632,-3.12932812,36.0760436,False,False
NGC 6624,-176.4,262.020192,-21.1222652,7.77525941,4.49854456,7.52861563,-0.434903923,0.604577155,1.0198539,0.744751609,1.26283686,50.305172,37.3909806,126.984747,-5.73782733,-3.08497673,36.1080822,False,False
NGC 6624,-176.5,262.087135,-21.1929223,7.76821193,4.47299939,7.43779477,-0.440035398,0.600731192,1.00673492,0.744653689,1.25220778,50.0435026,37.8195857,129.57003,-5.79527299,-3.04047964,36.1204038,False,False
NGC 6624,-176.6,262.155834,-21.2650312,7.76117593,4.44707823,7.34484473,-0.445139602,0.596841549,0.993350919,0.744559669,1.24141659,49.7718262,38.2451459,132.167531,-5.85318734,-2.99583942,36.1123235,False,False
NGC 6624,-176.7,262.22631,-21.3385979,7.75415371,4.42078229,7.24974967,-0.450215496,0.592908543,0.979700635,0.744469297,1.23046652,49.4898312,38.667584,134.777351,-5.91157392,-2.95105918,36.0831341,False,False
NGC 6624,-176.8,262.298582,-21.4136278,7.74714767,4.39411284,7.1524937,-0.45526201,0.588932497,0.965782809,0.744382283,1.21936107,49.1971923,39.0868183,137.399573,-5.97043575,-2.90614265,36.0321053,False,False
NGC 6624,-176.9,262.37267,-21.4901265,7.74016027,4.36707124,7.05306089,-0.460278035,0.584913742,0.951596167,0.744298298,1.20810398,48.8935701,39.5027624,140.034259,-6.02977522,-2.86109423,35.9584827,False,False
NGC 6624,-177,262.448595,-21.5680994,7.73319404,4.33965894,6.95143532,-0.465262433,0.580852621,0.937139434,0.74421697,1.1966993,48.5786103,39.9153246,142.681448,-6.08959405,-2.81591904,35.8614872,False,False
NGC 6624,-177.1,262.526376,-21.6475517,7.72625161,4.31187743,6.84760108,-0.470214023,0.576749483,0.92241133,0.744137887,1.18515141,48.2519431,40.3244079,145.341151,-6.14989317,-2.77062301,35.7403144,False,False
NGC 6624,-177.2,262.606036,-21.7284881,7.7193357,4.28372832,6.74154232,-0.47513159,0.57260469,0.907410576,0.744060589,1.173465,47.9131828,40.7299099,148.013348,-6.21067263,-2.72521291,35.5941332,False,False
NGC 6624,-177.3,262.687594,-21.8109136,7.71244908,4.25521329,6.63324325,-0.480013876,0.568418614,0.892135895,0.743984571,1.16164517,47.5619265,41.1317224,150.697985,-6.27193149,-2.67969644,35.4220859,False,False
NGC 6624,-177.4,262.771072,-21.8948324,7.70559465,4.22633413,6.52268824,-0.484859582,0.564191637,0.876586022,0.743909281,1.14969738,47.1977546,41.5297313,153.394969,-6.33366773,-2.63408234,35.2232868,False,False
NGC 6624,-177.5,262.856492,-21.9802488,7.69877537,4.19709273,6.40986182,-0.489667365,0.559924156,0.860759699,0.743834113,1.13762755,46.820229,41.9238163,156.104163,-6.39587805,-2.58838046,34.9968221,False,False
NGC 6624,-177.6,262.943874,-22.0671665,7.69199433,4.16749108,6.29474871,-0.494435835,0.555616576,0.844655687,0.743758412,1.12544205,46.4288934,42.3138506,158.82538,-6.45855777,-2.54260187,34.7417486,False,False
NGC 6624,-177.7,263.033239,-22.1555889,7.68525468,4.13753129,6.17733393,-0.499163557,0.55126932,0.828272768,0.743681464,1.11314774,46.0232721,42.6997009,161.558376,-6.52170064,-2.49675896,34.4570942,False,False
NGC 6624,-177.8,263.12461,-22.2455191,7.6785597,4.10721556,6.05760281,-0.503849043,0.546882823,0.811609753,0.743602502,1.10075205,45.6028698,43.0812271,164.302845,-6.58529865,-2.45086558,34.1418563,False,False
NGC 6624,-177.9,263.218008,-22.3369595,7.67191276,4.07654626,5.9355411,-0.508490757,0.542457534,0.794665486,0.743520696,1.08826296,45.167171,43.4582819,167.058409,-6.64934177,-2.40493719,33.7950025,False,False
NGC 6624,-178,263.313454,-22.4299123,7.66531734,4.04552587,5.81113499,-0.513087107,0.537993918,0.777438857,0.743435158,1.07568909,44.7156398,43.830711,169.824609,-6.71381779,-2.35899098,33.41547,False,False
NGC 6624,-178.1,263.410968,-22.524379,7.65877703,4.01415699,5.68437123,-0.517636444,0.533492457,0.759928804,0.743344933,1.06303973,44.2477193,44.1983525,172.600894,-6.77871197,-2.31304605,33.0021658,False,False
NGC 6624,-178.2,263.510573,-22.6203602,7.65229554,3.98244239,5.55523722,-0.522137064,0.528953648,0.742134328,0.743249,1.05032492,43.7628312,44.5610374,175.386613,-6.84400677,-2.26712362,32.5539669,False,False
NGC 6624,-178.3,263.612289,-22.7178563,7.64587668,3.95038497,5.42372111,-0.526587201,0.524378009,0.724054503,0.743146269,1.03755544,43.2603765,44.9185887,178.180997,-6.90968147,-2.22124722,32.0697212,False,False
NGC 6624,-178.4,263.716136,-22.8168666,7.63952439,3.91798783,5.2898119,-0.530985027,0.519766072,0.705688488,0.743035577,1.02474295,42.7397349,45.2708223,180.983147,-6.97571183,-2.17544289,31.5482482,False,False
NGC 6624,-178.5,263.822133,-22.9173896,7.63324275,3.88525417,5.15349959,-0.535328649,0.515118392,0.687035541,0.742915689,1.01189997,42.2002655,45.6175461,183.792017,-7.04206959,-2.12973951,30.9883405,False,False
NGC 6624,-178.6,263.9303,-23.0194231,7.62703592,3.85218743,5.0147753,-0.539616108,0.510435543,0.668095034,0.74278529,0.99904002,41.6413074,45.9585609,186.606393,-7.108722,-2.084169,30.3887661,False,False
NGC 6624,-178.7,264.040654,-23.1229636,7.62090822,3.81879118,4.87363145,-0.543845376,0.505718118,0.648866475,0.742642988,0.986177626,41.0621806,46.2936603,189.424874,-7.17563125,-2.03876669,29.7482703,False,False
NGC 6624,-178.8,264.153214,-23.2280066,7.6148641,3.7850692,4.73006193,-0.548014355,0.500966734,0.629349524,0.742487307,0.973328426,40.4621877,46.622631,192.245848,-7.24275386,-1.99357166,29.0655799,False,False
NGC 6624,-178.9,264.267994,-23.3345465,7.60890813,3.75102547,4.58406231,-0.552120874,0.496182028,0.609544019,0.742316688,0.960509228,39.8406153,46.9452534,195.06746,-7.31003992,-1.94862712,28.3394065,False,False
NGC 6624,-179,264.385011,-23.442576,7.603045,3.71666416,4.43563005,-0.556162691,0.491364662,0.589450002,0.742129483,0.947738083,39.1967368,47.2613022,197.887588,-7.37743232,-1.90398084,27.5684526,False,False
NGC 6624,-179.1,264.504277,-23.5520867,7.59727955,3.68198965,4.28476477,-0.560137485,0.486515318,0.569067744,0.741923956,0.93503436,38.5298158,47.5705474,200.7038,-7.44486583,-1.85968564,26.7514172,False,False
NGC 6624,-179.2,264.625803,-23.6630682,7.59161675,3.64700653,4.13146851,-0.564042862,0.481634706,0.548397785,0.741698281,0.922418816,37.8391093,47.8727552,203.513321,-7.51226608,-1.81579993,25.8870046,False,False
NGC 6624,-179.3,264.749599,-23.7755085,7.5860617,3.61171962,3.97574609,-0.567876352,0.476723557,0.527440969,0.741450538,0.909913664,37.1238734,48.1676893,206.312985,-7.57954837,-1.77238829,24.9739335,False,False
NGC 6624,-179.4,264.875671,-23.8893935,7.58061962,3.57613395,3.8176054,-0.571635408,0.471782626,0.506198484,0.741178714,0.89754264,36.3833691,48.4551129,209.099184,-7.64661643,-1.72952216,24.0109485,False,False
NGC 6624,-179.5,265.004023,-24.004707,7.57529586,3.54025478,3.65705787,-0.575317409,0.466812694,0.484671912,0.7408807,0.885331053,35.6168692,48.7347903,211.867813,-7.71336094,-1.68728055,22.996834,False,False
NGC 6624,-179.6,265.134656,-24.1214301,7.5700959,3.50408761,3.49411886,-0.578919659,0.461814565,0.462863283,0.740554295,0.873305836,34.8236673,49.0064895,214.614205,-7.77965788,-1.64575084,21.9304304,False,False
NGC 6624,-179.7,265.267566,-24.2395414,7.56502531,3.46763815,3.32880819,-0.582439393,0.456789067,0.440775138,0.740197202,0.861495572,34.0030882,49.2699848,217.333058,-7.84536674,-1.60502971,20.8106535,False,False
NGC 6624,-179.8,265.402746,-24.3590166,7.56008978,3.43091235,3.16115071,-0.585873778,0.45173705,0.418410594,0.739807033,0.84993051,33.1544995,49.5250599,220.018357,-7.91032846,-1.56522412,19.6365167,False,False
NGC 6624,-179.9,265.540182,-24.4798279,7.55529511,3.39391637,2.99117691,-0.58921992,0.446659385,0.395773423,0.739381309,0.838642548,32.2773257,49.7715116,222.663288,-7.97436327,-1.52645235,18.4071575,False,False
NGC 6624,-180,265.679857,-24.601944,7.55064713,3.35665661,2.8189236,-0.592474869,0.441556964,0.372868141,0.738917467,0.827665194,31.3710643,50.0091535,225.260136,-8.0372682,-1.48884517,17.1218673,False,False
NGC 6624,-180.1,265.821746,-24.7253296,7.54615179,3.31913965,2.64443474,-0.595635628,0.436430697,0.349700102,0.738412862,0.817033485,30.4353037,50.23782,227.800183,-8.09881443,-1.45254712,15.7801261,False,False
NGC 6624,-180.2,265.965816,-24.8499449,7.54181502,3.28137229,2.46776227,-0.598699164,0.431281509,0.326275608,0.737864777,0.806783863,29.4697435,50.4573714,230.273595,-8.15874457,-1.41771775,14.3816419,False,False
NGC 6624,-180.3,266.112026,-24.9757455,7.53764281,3.24336149,2.28896705,-0.60166242,0.426110338,0.302602028,0.73727043,0.796953998,28.4742164,50.6676976,232.669308,-8.21676977,-1.38453292,12.9263944,False,False
NGC 6624,-180.4,266.260328,-25.1026814,7.53364111,3.20511439,2.10811991,-0.604522328,0.420918132,0.278687931,0.736626987,0.787582555,27.4487123,50.8687226,234.974918,-8.27256699,-1.35318596,11.4146842,False,False
NGC 6624,-180.5,266.41066,-25.2306969,7.52981582,3.16663828,1.92530278,-0.60727583,0.415705844,0.254543229,0.735931574,0.778708891,26.3934036,51.0604086,237.176577,-8.32577654,-1.32388871,9.84718616,False,False
NGC 6624,-180.6,266.562949,-25.35973,7.52617275,3.12794056,1.74060986,-0.609919895,0.41047443,0.230179323,0.735181295,0.770372674,25.3086705,51.2427591,239.258932,-8.37600052,-1.29687187,8.22500661,False,False
NGC 6624,-180.7,266.717111,-25.4897115,7.52271757,3.08902873,1.55414879,-0.612451544,0.405224842,0.205609265,0.734373248,0.762613425,24.1951268,51.4158211,241.205105,-8.42280245,-1.27238475,6.54974342,False,False
NGC 6624,-180.8,266.873046,-25.6205651,7.51945574,3.04991035,1.36604187,-0.614867873,0.399958026,0.180847909,0.733504549,0.755469979,23.0536429,51.5796857,242.996777,-8.4657094,-1.25069348,4.82354589,False,False
NGC 6624,-180.9,267.030638,-25.7522067,7.51639248,3.01059305,1.17642711,-0.617166079,0.394674917,0.155912045,0.732572357,0.748979856,21.8853662,51.734488,244.614409,-8.50421745,-1.23207725,3.04917136,False,False
NGC 6624,-181,267.189756,-25.8845437,7.51353269,2.97108447,0.985458994,-0.619343494,0.389376431,0.130820509,0.731573898,0.743178561,20.6917351,51.8804046,246.037664,-8.53780225,-1.21682167,1.23003248,False,False
NGC 6624,-181.1,267.350251,-26.0174758,7.51088087,2.93139224,0.793308838,-0.621397611,0.384063468,0.105594228,0.730506495,0.738098828,19.4744849,52.0176506,247.24609,-8.56593583,-1.20520847,-0.629772287,False,False
NGC 6624,-181.2,267.511957,-26.1508945,7.50844107,2.89152399,0.600164497,-0.623326116,0.378736901,0.0802561861,0.729367594,0.733769816,18.2356432,52.146475,248.220093,-8.58811066,-1.19750116,-2.52545518,False,False
NGC 6624,-181.3,267.674692,-26.2846842,7.5062168,2.85148728,0.406229154,-0.625126916,0.373397579,0.0548312779,0.7281548,0.730216326,16.9775124,52.2671567,248.942175,-8.60387021,-1.19392706,-4.45157328,False,False
NGC 6624,-181.4,267.838261,-26.4187235,7.50421098,2.81128961,0.211719068,-0.626798167,0.368046317,0.0293460192,0.726865898,0.727458055,15.7026368,52.3800003,249.398328,-8.61284345,-1.19465744,-6.40210951,False,False
NGC 6624,-181.5,268.002458,-26.5528871,7.50242589,2.77093842,0.0168602188,-0.628338294,0.362683902,0.00382812263,0.72549888,0.725508979,14.4137561,52.4853336,249.579366,-8.61477793,-1.19978886,-8.37060374,False,False
NGC 6624,-181.6,268.16707,-26.6870478,7.50086313,2.73044103,-0.178115989,-0.629746012,0.357311084,-0.0216940511,0.724051966,0.724376892,13.1137459,52.5835053,249.481929,-8.60956495,-1.20932964,-10.3503281,False,False
NGC 6624,-181.7,268.331879,-26.821079,7.49952359,2.68980464,-0.372977613,-0.631020332,0.351928576,-0.0471921161,0.722523621,0.724063173,11.8055502,52.6748836,249.108898,-8.59725059,-1.22319496,-12.3344896,False,False
NGC 6624,-181.8,268.496675,-26.954858,7.49840746,2.6490363,-0.56749713,-0.632160569,0.346537053,-0.0726382923,0.720912557,0.72456279,10.4921117,52.7598537,248.469131,-8.57802988,-1.24121202,-14.3164359,False,False
NGC 6624,-181.9,268.661249,-27.0882673,7.49751427,2.6081429,-0.761455912,-0.633166334,0.341137152,-0.098005974,0.719217744,0.725864542,9.17630505,52.8388144,247.576558,-8.5522255,-1.26313433,-16.2898387,False,False
NGC 6624,-182,268.825406,-27.221197,7.49684291,2.56713114,-0.954647848,-0.634037526,0.335729465,-0.123270186,0.7174384,0.727951507,7.86087922,52.9121728,246.448882,-8.5202564,-1.28866161,-18.248837,False,False
NGC 6624,-182.1,268.988962,-27.3535459,7.4963917,2.52600749,-1.14688183,-0.634774318,0.330314544,-0.148407895,0.715573989,0.73080164,6.54841178,52.9803368,245.106137,-8.48260293,-1.31746138,-20.188131,False,False
NGC 6624,-182.2,269.15175,-27.485222,7.49615845,2.48477822,-1.33798317,-0.635377136,0.324892901,-0.173398178,0.713624203,0.734388474,5.24127613,53.0437084,243.569366,-8.43977455,-1.34918869,-22.1030294,False,False
NGC 6624,-182.3,269.313614,-27.616143,7.49614048,2.44344935,-1.52779404,-0.635846637,0.319465005,-0.198222268,0.711588951,0.738681869,3.94162154,53.1026754,241.859555,-8.39228352,-1.38350193,-23.9894584,False,False
NGC 6624,-182.4,269.474416,-27.7462356,7.49633475,2.40202669,-1.71617319,-0.636183686,0.314031288,-0.222863509,0.709468345,0.743648758,2.65136409,53.1576048,239.996864,-8.34062581,-1.42007407,-25.8439422,False,False
NGC 6624,-182.5,269.634031,-27.8754353,7.49673789,2.3605158,-1.90299514,-0.636389332,0.308592145,-0.247307243,0.707262676,0.749253873,1.37218666,53.2088381,238.000143,-8.28526891,-1.45859977,-27.6635662,False,False
NGC 6624,-182.6,269.792347,-28.0036857,7.49734623,2.31892203,-2.08814914,-0.636464784,0.303147938,-0.271540659,0.704972406,0.755460405,0.10554566,53.2566874,235.886676,-8.22664504,-1.49879903,-29.44593,True,True
NGC 6624,-182.7,269.949266,-28.1309377,7.49815589,2.27725053,-2.27153786,-0.63641139,0.297698999,-0.295552632,0.702598143,0.762230614,-1.14731745,53.3014335,233.672088,-8.16514843,-1.54041845,-31.1890972,True,True
NGC 6624,-182.8,270.104699,-28.2571491,7.49916281,2.23550624,-2.45307619,-0.636230614,0.292245631,-0.319333548,0.700140631,0.769526359,-2.38536139,53.3433262,231.370359,-8.1011352,-1.58323092,-32.8915433,True,True
NGC 6624,-182.9,270.258567,-28.3822834,7.50036278,2.19369392,-2.63268998,-0.635924017,0.286788115,-0.342875143,0.69760073,0.777309553,-3.60772857,53.3825844,228.993905,-8.03492499,-1.62703423,-34.5521072,True,True
NGC 6624,-183,270.410802,-28.5063096,7.50175149,2.15181818,-2.81031484,-0.635493239,0.28132671,-0.366170346,0.694979406,0.785542549,-4.8137277,53.4193983,226.553696,-7.96680338,-1.67164931,-36.1699451,True,True
NGC 6624,-183.1,270.561342,-28.6292013,7.50332455,2.10988346,-2.98589508,-0.634939982,0.275861659,-0.389213144,0.692277716,0.794188458,-6.00281646,53.4539314,224.059387,-7.89702481,-1.71691807,-37.7444879,True,True
NGC 6624,-183.2,270.710134,-28.7509363,7.50507752,2.06789407,-3.15938277,-0.634265999,0.270393186,-0.411998444,0.689496796,0.803211398,-7.17458461,53.4863231,221.519452,-7.82581558,-1.76270136,-39.2754034,True,True
NGC 6624,-183.3,270.857129,-28.8714962,7.50700593,2.0258542,-3.33073678,-0.633473076,0.264921505,-0.43452197,0.686637853,0.812576694,-8.32873804,53.5166912,218.941315,-7.75337676,-1.8088769,-40.7625622,True,True
NGC 6624,-183.4,271.002286,-28.9908656,7.50910532,1.98376791,-3.49992206,-0.632563025,0.259446817,-0.456780154,0.683702152,0.822251021,-9.46508385,53.5451347,216.331466,-7.67988691,-1.85533743,-42.2060075,True,True
NGC 6624,-183.5,271.145568,-29.1090321,7.51137121,1.94163917,-3.66690894,-0.631537675,0.253969316,-0.478770048,0.680691008,0.832202504,-10.5835167,53.5717362,213.69558,-7.60550467,-1.90198893,-43.6059283,True,True
NGC 6624,-183.6,271.286942,-29.2259859,7.51379917,1.89947185,-3.83167247,-0.630398859,0.248489185,-0.500489249,0.677605782,0.842400786,-11.6840065,53.5965641,211.038606,-7.53037097,-1.94874909,-44.9626364,True,True
NGC 6624,-183.7,271.42638,-29.3417194,7.51638478,1.85726972,-3.99419192,-0.629148411,0.243006603,-0.521935827,0.674447872,0.852817061,-12.7665872,53.6196748,208.364864,-7.4546111,-1.99554594,-46.2765457,True,True
NGC 6624,-183.8,271.563856,-29.4562267,7.51912369,1.81503649,-4.15445025,-0.627788158,0.237521743,-0.543108263,0.671218705,0.863424076,-13.8313469,53.6411143,205.678118,-7.37833654,-2.04231655,-47.5481548,True,True
NGC 6624,-183.9,271.699349,-29.5695039,7.52201157,1.77277577,-4.31243374,-0.626319916,0.232034774,-0.564005398,0.667919736,0.874196124,-14.8784191,53.6609201,202.981645,-7.30164653,-2.08900603,-48.7780318,True,True
NGC 6624,-184,271.83284,-29.6815485,7.52504419,1.73049111,-4.46813157,-0.624745487,0.226545862,-0.584626388,0.664552444,0.885109013,-15.9079752,53.6791224,200.278298,-7.22462951,-2.13556648,-49.966801,True,True
NGC 6624,-184.1,271.964312,-29.7923593,7.52821733,1.688186,-4.62153553,-0.623066651,0.22105517,-0.604970659,0.661118325,0.896140021,-16.9202175,53.6957453,197.570557,-7.14736436,-2.18195624,-51.1151315,True,True
NGC 6624,-184.2,272.093751,-29.9019363,7.53152689,1.64586387,-4.77263968,-0.621285167,0.215562857,-0.625037875,0.65761889,0.907267848,-17.9153734,53.710808,194.860576,-7.0699215,-2.22813909,-52.223728,True,True
NGC 6624,-184.3,272.221145,-30.0102806,7.53496882,1.60352806,-4.92144014,-0.619402771,0.210069083,-0.644827903,0.654055664,0.918472556,-18.8936905,53.7243254,192.150221,-6.99236382,-2.27408363,-53.2933218,True,True
NGC 6624,-184.4,272.346483,-30.1173941,7.53853912,1.5611819,-5.0679348,-0.617421171,0.204574005,-0.664340791,0.650430185,0.929735507,-19.855432,53.7363091,189.44111,-6.9147476,-2.31976272,-54.3246646,True,True
NGC 6624,-184.5,272.469756,-30.2232795,7.54223391,1.51882862,-5.21212319,-0.615342048,0.19907778,-0.683576739,0.646743998,0.941039296,-20.8008731,53.7467679,186.734638,-6.83712316,-2.36515297,-55.3185215,True,True
NGC 6624,-184.6,272.590956,-30.3279403,7.54604935,1.47647143,-5.35400625,-0.613167055,0.193580562,-0.702536079,0.642998656,0.952367689,-21.7302978,53.7557081,184.032008,-6.75953558,-2.41023431,-56.2756671,True,True
NGC 6624,-184.7,272.710079,-30.4313805,7.54998169,1.43411348,-5.49358618,-0.610897816,0.188082508,-0.72121926,0.639195722,0.963705553,-22.6439961,53.7631343,181.334255,-6.68202525,-2.45498961,-57.1968803,True,True
NGC 6624,-184.8,272.827118,-30.5336046,7.55402727,1.39175787,-5.63086631,-0.608535923,0.182583771,-0.739626826,0.635336764,0.975038791,-23.5422617,53.7690495,178.642263,-6.60462838,-2.49940437,-58.082941,True,True
NGC 6624,-184.9,272.94207,-30.6346176,7.55818249,1.34940764,-5.76585097,-0.606082941,0.177084507,-0.757759405,0.631423355,0.986354282,-24.4253899,53.7734555,175.956784,-6.52737742,-2.54346638,-58.9346272,True,True
NGC 6624,-185,273.054931,-30.734425,7.56244384,1.30706582,-5.89854536,-0.603540401,0.171584869,-0.775617698,0.627457076,0.997639813,-25.2936763,53.776353,173.278458,-6.45030151,-2.5871655,-59.7527124,True,True
NGC 6624,-185.1,273.1657,-30.8330326,7.56680787,1.26473536,-6.02895547,-0.600909806,0.166085013,-0.793202465,0.623439513,1.00888403,-26.1474148,53.777742,170.607821,-6.37342676,-2.63049341,-60.5379635,True,True
NGC 6624,-185.2,273.274376,-30.9304464,7.57127122,1.22241918,-6.15708798,-0.598192631,0.160585091,-0.810514515,0.619372259,1.02007636,-26.9868973,53.7776219,167.945319,-6.29677663,-2.67344342,-61.2911392,True,True
NGC 6624,-185.3,273.380957,-31.0266726,7.57583062,1.18012016,-6.28295019,-0.595390317,0.155085258,-0.827554699,0.615256911,1.03120699,-27.812412,53.7759913,165.291322,-6.22037211,-2.71601029,-62.0129883,True,True
NGC 6624,-185.4,273.485444,-31.121718,7.58048283,1.13784115,-6.40654994,-0.592504279,0.14958567,-0.844323904,0.611095077,1.04226678,-28.6242428,53.7728488,162.646127,-6.14423205,-2.75819008,-62.7042491,True,True
NGC 6624,-185.5,273.587837,-31.215589,7.58522473,1.09558493,-6.52789552,-0.589535902,0.144086481,-0.860823042,0.60688837,1.05324727,-29.4226692,53.7681922,160.009972,-6.06837333,-2.79998,-63.365648,True,True
NGC 6624,-185.6,273.688137,-31.3082927,7.59005325,1.05335427,-6.64699567,-0.586486542,0.138587845,-0.877053047,0.602638411,1.06414055,-30.207965,53.7620193,157.383041,-5.99281106,-2.84137828,-63.9978989,True,True
NGC 6624,-185.7,273.786346,-31.3998359,7.59496539,1.01115189,-6.76385948,-0.58335753,0.133089918,-0.893014871,0.598346834,1.0749393,-30.9803984,53.7543277,154.765469,-5.91755872,-2.8823841,-64.601703,True,True
NGC 6624,-185.8,273.882466,-31.4902258,7.59995822,0.968980467,-6.87849635,-0.580150166,0.127592856,-0.908709475,0.594015279,1.08563671,-31.7402316,53.7451147,152.157351,-5.84262838,-2.92299743,-65.1777481,True,True
NGC 6624,-185.9,273.976499,-31.5794694,7.60502889,0.926842656,-6.99091596,-0.576865726,0.122096814,-0.92413783,0.5896454,1.09622645,-32.4877205,53.7343775,149.558742,-5.76803076,-2.96321901,-65.7267082,True,True
NGC 6624,-186,274.068448,-31.667574,7.6101746,0.884741064,-7.10112823,-0.573505461,0.116601948,-0.939300909,0.585238864,1.10670264,-33.2231146,53.722113,146.969667,-5.69377539,-3.00305022,-66.2492436,True,True
NGC 6624,-186.1,274.158315,-31.7545468,7.61539263,0.842678269,-7.20914327,-0.570070593,0.111108414,-0.954199688,0.58079735,1.1170598,-33.9466569,53.7083181,144.390121,-5.61987074,-3.04249304,-66.7460009,True,True
NGC 6624,-186.2,274.246105,-31.840395,7.62068032,0.800656812,-7.31497138,-0.566562325,0.10561637,-0.96883514,0.576322553,1.12729287,-34.6585838,53.6929897,141.820073,-5.54632425,-3.08154997,-67.2176126,True,True
NGC 6624,-186.3,274.331821,-31.9251259,7.62603506,0.7586792,-7.41862297,-0.562981831,0.100125972,-0.983208233,0.571816187,1.13739711,-35.3591252,53.6761244,139.259471,-5.47314248,-3.120224,-67.6646974,True,True
NGC 6624,-186.4,274.415466,-32.0087467,7.63145433,0.71674791,-7.52010858,-0.559330264,0.0946373773,-0.99731993,0.567279981,1.14736813,-36.0485043,53.6577187,136.708241,-5.40033116,-3.15851854,-68.0878601,True,True
NGC 6624,-186.5,274.497045,-32.0912645,7.63693563,0.674865383,-7.61943885,-0.555608755,0.0891507441,-1.01117119,0.562715686,1.15720185,-36.7269377,53.637769,134.166296,-5.32789527,-3.19643739,-68.4876922,True,True
NGC 6624,-186.6,274.576561,-32.1726866,7.64247656,0.633034033,-7.71662448,-0.551818413,0.0836662303,-1.02476294,0.558125074,1.16689446,-37.3946358,53.6162718,131.633528,-5.25583909,-3.23398466,-68.8647713,True,True
NGC 6624,-186.7,274.65402,-32.25302,7.64807475,0.591256238,-7.81167621,-0.547960324,0.0781839943,-1.03809614,0.55350994,1.17644245,-38.0518022,53.593223,129.109821,-5.18416629,-3.2711648,-69.2196621,True,True
NGC 6624,-186.8,274.729425,-32.3322717,7.65372789,0.549534351,-7.90460483,-0.544035557,0.0727041951,-1.05117169,0.548872104,1.18584253,-38.6986344,53.5686188,126.595044,-5.11287993,-3.30798252,-69.552916,True,True
NGC 6624,-186.9,274.802781,-32.4104489,7.65943374,0.507870691,-7.99542114,-0.540045157,0.0672269919,-1.06399049,0.544213414,1.19509163,-39.3353239,53.542455,124.089057,-5.04198256,-3.34444277,-69.8650715,True,True
NGC 6624,-187,274.874093,-32.4875584,7.6651901,0.46626755,-8.08413594,-0.535990153,0.0617525444,-1.07655346,0.539535746,1.20418693,-39.9620556,53.5147274,121.591711,-4.97147624,-3.38055073,-70.1566547,True,True
NGC 6624,-187.1,274.943366,-32.5636069,7.67099482,0.424727192,-8.17076,-0.531871554,0.0562810128,-1.08886145,0.534841007,1.21312578,-40.579009,53.4854315,119.102849,-4.90136257,-3.41631176,-70.4281793,True,True
NGC 6624,-187.2,275.010605,-32.6386014,7.67684582,0.383251852,-8.2553041,-0.527690351,0.0508125577,-1.10091533,0.530131138,1.22190572,-41.1863573,53.4545627,116.622307,-4.83164273,-3.45173139,-70.6801468,True,True
NGC 6624,-187.3,275.075815,-32.7125483,7.68274104,0.34184374,-8.33777896,-0.523447518,0.0453473403,-1.11271594,0.525408113,1.23052446,-41.7842682,53.4221163,114.149917,-4.76231754,-3.48681533,-70.9130471,True,True
NGC 6624,-187.4,275.139001,-32.7854544,7.68867848,0.300505038,-8.41819525,-0.519144012,0.039885522,-1.1242641,0.520673948,1.23897987,-42.3729038,53.3880871,111.685504,-4.69338745,-3.52156939,-71.1273584,True,True
NGC 6624,-187.5,275.200168,-32.8573259,7.69465622,0.259237902,-8.49656359,-0.514780772,0.0344272652,-1.13556063,0.515930693,1.24726999,-42.9524207,53.35247,109.228889,-4.6248526,-3.55599954,-71.3235476,True,True
NGC 6624,-187.6,275.259321,-32.9281693,7.70067233,0.218044462,-8.57289456,-0.510358725,0.0289727323,-1.1466063,0.511180445,1.25539295,-43.5229702,53.3152595,106.779892,-4.5567128,-3.59011181,-71.5020708,True,True
NGC 6624,-187.7,275.316466,-32.9979908,7.70672497,0.176926826,-8.64719862,-0.505878779,0.0235220868,-1.1574019,0.506425342,1.26334706,-44.0846985,53.27645,104.338326,-4.48896762,-3.62391236,-71.6633732,True,True
NGC 6624,-187.8,275.371608,-33.0667965,7.71281232,0.135887076,-8.71948619,-0.501341829,0.0180754923,-1.16794817,0.501667572,1.27113071,-44.6377465,53.2360355,101.904004,-4.42161634,-3.65740741,-71.8078896,True,True
NGC 6624,-187.9,275.424753,-33.1345924,7.71893262,0.0949272707,-8.78976759,-0.496748757,0.0126331135,-1.17824583,0.496909371,1.27874242,-45.1822503,53.1940098,99.4767366,-4.35465803,-3.69060327,-71.9360446,True,True
NGC 6624,-188,275.475906,-33.2013844,7.72508414,0.0540494456,-8.85805303,-0.492100429,0.0071951153,-1.18829561,0.492153027,1.28618081,-45.7183413,53.1503665,97.0563325,-4.28809152,-3.72350628,-72.0482528,True,True
NGC 6624,-188.1,275.525072,-33.2671783,7.7312652,0.0132556144,-8.92435265,-0.487397699,0.00176166358,-1.1980982,0.487400882,1.29344459,-46.2461461,53.1050988,94.6425989,-4.22191545,-3.75612287,-72.1449194,True,True
NGC 6624,-188.2,275.572256,-33.3319796,7.73747414,-0.0274522311,-8.98867648,-0.482641408,-0.00366707519,-1.20765426,0.482655339,1.30053258,-46.7657866,53.0581996,92.2353422,-4.15612824,-3.78845948,-72.2264398,True,True
NGC 6624,-188.3,275.617465,-33.3957939,7.74370937,-0.0680721203,-9.05103442,-0.477832385,-0.0090909338,-1.21696445,0.477918856,1.30744366,-47.2773805,53.0096617,89.8343682,-4.09072819,-3.8205226,-72.2932006,True,True
NGC 6624,-188.4,275.660703,-33.4586264,7.74996932,-0.108602103,-9.11143628,-0.472971448,-0.0145097442,-1.22602941,0.473193959,1.31417679,-47.7810409,52.9594772,87.4394818,-4.02571338,-3.85231876,-72.3455791,True,True
NGC 6624,-188.5,275.701977,-33.5204826,7.75625246,-0.149040251,-9.16989174,-0.468059401,-0.0199233377,-1.23484974,0.468483236,1.32073102,-48.2768769,52.9076383,85.0504878,-3.96108177,-3.8838545,-72.3839443,True,True
NGC 6624,-188.6,275.74129,-33.5813674,7.76255729,-0.189384652,-9.22641038,-0.463097041,-0.0253315446,-1.24342604,0.463789345,1.32710545,-48.7649933,52.8541365,82.667191,-3.89683118,-3.91513638,-72.4086564,True,True
NGC 6624,-188.7,275.77865,-33.6412858,7.76888237,-0.229633415,-9.28100164,-0.458085151,-0.0307341944,-1.25175888,0.459115014,1.33329925,-49.2454909,52.7989632,80.2893961,-3.83295929,-3.94617098,-72.4200676,True,True
NGC 6624,-188.8,275.814061,-33.7002427,7.77522626,-0.269784668,-9.33367482,-0.453024505,-0.0361311157,-1.25984881,0.454463045,1.33931164,-49.7184666,52.7421091,77.9169079,-3.76946366,-3.9769649,-72.4185221,True,True
NGC 6624,-188.9,275.847529,-33.7582427,7.78158759,-0.309836555,-9.38443912,-0.447915868,-0.0415221361,-1.26769636,0.449836317,1.34514192,-50.1840134,52.683565,75.5495317,-3.70634175,-4.00752472,-72.4043561,True,True
NGC 6624,-189,275.879059,-33.8152904,7.787965,-0.349787238,-9.43330359,-0.442759995,-0.0469070823,-1.27530206,0.445237788,1.35078941,-50.6422206,52.6233209,73.1870729,-3.6435909,-4.03785704,-72.3778984,True,True
NGC 6624,-189.1,275.908657,-33.8713902,7.79435716,-0.389634896,-9.48027715,-0.437557632,-0.0522857799,-1.28266639,0.440670494,1.3562535,-51.0931738,52.5613665,70.8293377,-3.58120837,-4.06796846,-72.3394703,True,True
NGC 6624,-189.2,275.936327,-33.9265463,7.8007628,-0.429377724,-9.52536859,-0.432309517,-0.0576580534,-1.28978982,0.436137558,1.3615336,-51.5369551,52.4976911,68.4761325,-3.51919132,-4.09786557,-72.2893861,True,True
NGC 6624,-189.3,275.962075,-33.9807628,7.80718064,-0.469013933,-9.56858654,-0.42701638,-0.0630237263,-1.29667281,0.431642188,1.36662919,-51.9736429,52.4322837,66.1272645,-3.45753682,-4.12755496,-72.227953,True,True
NGC 6624,-189.4,275.985907,-34.0340438,7.81360948,-0.508541748,-9.60993951,-0.421678941,-0.0683826209,-1.30331579,0.427187678,1.37153978,-52.4033123,52.3651326,63.7825416,-3.39624189,-4.1570432,-72.1554713,True,True
NGC 6624,-189.5,276.007828,-34.0863931,7.8200481,-0.547959408,-9.64943586,-0.416297916,-0.0737345581,-1.30971918,0.422777411,1.3762649,-52.826035,52.2962259,61.4417721,-3.33530345,-4.18633687,-72.0722348,True,True
NGC 6624,-189.6,276.027843,-34.1378143,7.82649534,-0.587265169,-9.6870838,-0.41087401,-0.0790793578,-1.31588337,0.418414862,1.38080413,-53.2418794,52.2255509,59.1047654,-3.27471837,-4.21544253,-71.9785309,True,True
NGC 6624,-189.7,276.045956,-34.188311,7.83295006,-0.626457298,-9.72289142,-0.405407924,-0.0844168386,-1.32180873,0.414103595,1.38515707,-53.6509107,52.1530948,56.7713313,-3.21448346,-4.24436671,-71.8746406,True,True
NGC 6624,-189.8,276.062174,-34.2378866,7.83941115,-0.665534073,-9.75686663,-0.399900352,-0.0897468176,-1.32749563,0.409847268,1.38932337,-54.0531908,52.0788441,54.4412803,-3.15459547,-4.27311595,-71.7608388,True,True
NGC 6624,-189.9,276.076502,-34.2865443,7.84587753,-0.704493789,-9.78901722,-0.394351981,-0.0950691104,-1.3329444,0.405649628,1.39330269,-54.4487786,52.0027847,52.1144241,-3.09505109,-4.30169677,-71.6373946,True,True
NGC 6624,-190,276.088943,-34.3342872,7.85234815,-0.743334749,-9.8193508,-0.388763493,-0.100383532,-1.33815534,0.401514516,1.39709471,-54.83773,51.9249021,49.7905745,-3.03584699,-4.33011566,-71.5045712,True,True
NGC 6624,-190.1,276.099505,-34.3811184,7.85882196,-0.782055267,-9.84787486,-0.383135563,-0.105689894,-1.34312878,0.397445862,1.40069916,-55.2200976,51.8451812,47.4695446,-2.97697976,-4.35837911,-71.362626,True,True
NGC 6624,-190.2,276.10819,-34.4270405,7.86529797,-0.820653669,-9.87459672,-0.377468863,-0.110988008,-1.34786497,0.393447684,1.40411576,-55.5959313,51.7636064,45.1511479,-2.91844598,-4.38649357,-71.2118113,True,True
NGC 6624,-190.3,276.115006,-34.4720562,7.87177519,-0.859128292,-9.89952357,-0.371764057,-0.116277684,-1.35236419,0.389524086,1.40734427,-55.965278,51.6801616,42.8351986,-2.86024218,-4.41446551,-71.0523736,True,True
NGC 6624,-190.4,276.119955,-34.516168,7.87825268,-0.897477479,-9.92266242,-0.366021808,-0.12155873,-1.35662666,0.385679256,1.41038448,-56.3281815,51.5948298,40.5215119,-2.80236486,-4.44230134,-70.8845545,True,True
NGC 6624,-190.5,276.123044,-34.5593784,7.8847295,-0.935699585,-9.94402015,-0.360242772,-0.126830951,-1.36065263,0.381917458,1.41323618,-56.684683,51.5075937,38.2099033,-2.74481049,-4.47000748,-70.7085904,True,True
NGC 6624,-190.6,276.124277,-34.6016895,7.89120474,-0.973792972,-9.96360347,-0.354427602,-0.132094153,-1.36444227,0.378243031,1.41589919,-57.0348208,51.4184353,35.9001891,-2.6875755,-4.49759032,-70.5247127,True,True
NGC 6624,-190.7,276.123659,-34.6431033,7.89767752,-1.01175601,-9.98141894,-0.348576947,-0.137348137,-1.3679958,0.374660378,1.41837333,-57.3786305,51.3273358,33.5921864,-2.63065632,-4.52505623,-70.333148,True,True
NGC 6624,-190.8,276.121194,-34.6836217,7.90414697,-1.04958707,-9.99747298,-0.342691452,-0.142592704,-1.37131335,0.371173963,1.42065845,-57.7161446,51.234276,31.2857125,-2.57404933,-4.55241158,-70.1341183,True,True
NGC 6624,-190.9,276.116887,-34.7232466,7.91061227,-1.08728454,-10.0117718,-0.33677176,-0.147827653,-1.3743951,0.367788299,1.42275441,-58.0473932,51.1392357,28.9805857,-2.51775092,-4.5796627,-69.9278407,True,True
NGC 6624,-191,276.110743,-34.7619795,7.91707258,-1.12484681,-10.0243216,-0.33081851,-0.153052779,-1.37724115,0.364507942,1.42466109,-58.3724036,51.0421944,26.6766245,-2.46175744,-4.60681592,-69.7145282,True,True
NGC 6624,-191.1,276.102767,-34.7998218,7.92352711,-1.16227228,-10.0351282,-0.324832338,-0.158267878,-1.37985163,0.361337473,1.42637838,-58.6912003,50.9431304,24.373648,-2.40606523,-4.63387753,-69.494389,True,True
NGC 6624,-191.2,276.092962,-34.8367749,7.9299751,-1.19955933,-10.0441974,-0.31881388,-0.163472742,-1.38222663,0.358281492,1.42790618,-59.0038052,50.8420218,22.0714759,-2.35067063,-4.66085384,-69.2676274,True,True
NGC 6624,-191.3,276.081334,-34.87284,7.93641577,-1.23670637,-10.051535,-0.312763767,-0.168667159,-1.38436621,0.355344599,1.42924441,-59.3102375,50.7388454,19.7699281,-2.29556994,-4.68775111,-69.0344433,True,True
NGC 6624,-191.4,276.067887,-34.9080179,7.9428484,-1.27371182,-10.0571462,-0.306682629,-0.173850917,-1.38627043,0.352531384,1.43039298,-59.6105137,50.6335776,17.468825,-2.24075948,-4.7145756,-68.7950326,True,True
NGC 6624,-191.5,276.052625,-34.9423096,7.94927226,-1.31057407,-10.0610365,-0.300571097,-0.179023802,-1.38793933,0.349846403,1.43135184,-59.9046477,50.5261939,15.1679873,-2.18623554,-4.74133356,-68.5495871,True,True
NGC 6624,-191.6,276.035552,-34.9757158,7.95568667,-1.34729154,-10.0632109,-0.294429796,-0.184185595,-1.38937293,0.347294166,1.43212094,-60.1926507,50.4166688,12.8672362,-2.13199443,-4.76803122,-68.2982948,True,True
NGC 6624,-191.7,276.016673,-35.0082369,7.96209094,-1.38386263,-10.0636746,-0.288259354,-0.189336076,-1.39057122,0.344879116,1.43270023,-60.4745313,50.3049761,10.5663929,-2.07803242,-4.7946748,-68.0413398,True,True
NGC 6624,-191.8,275.995993,-35.0398734,7.96848441,-1.42028577,-10.0624323,-0.282060397,-0.194475022,-1.3915342,0.342605606,1.43308968,-60.7502953,50.1910887,8.26527898,-2.02434581,-4.82127051,-67.7789026,True,True
NGC 6624,-191.9,275.973514,-35.0706256,7.97486644,-1.45655936,-10.0594887,-0.275833549,-0.199602207,-1.39226181,0.340477882,1.43328927,-61.019946,50.0749785,5.96371628,-1.97093088,-4.84782455,-67.51116,True,True
NGC 6624,-192,275.949242,-35.1004934,7.98123641,-1.49268181,-10.0548484,-0.269579437,-0.204717403,-1.39275401,0.338500056,1.433299,-61.2834839,49.9566166,3.66152669,-1.91778392,-4.8743431,-67.2382851,True,True
NGC 6624,-192.1,275.923181,-35.1294768,7.9875937,-1.52865154,-10.0485156,-0.263298685,-0.209820377,-1.39301072,0.336676088,1.43311886,-61.540907,49.835973,1.35853227,-1.86490122,-4.90083234,-66.9604476,True,True
NGC 6624,-192.2,275.895334,-35.1575756,7.99393773,-1.56446695,-10.0404947,-0.256991919,-0.214910896,-1.39303185,0.33500976,1.43274885,-61.7922104,49.7130168,-0.94544485,-1.81227906,-4.92729846,-66.6778137,True,True
NGC 6624,-192.3,275.865705,-35.1847894,8.00026791,-1.60012645,-10.0307895,-0.250659765,-0.219988719,-1.3928173,0.333504654,1.43218902,-62.0373866,49.587716,-3.25058247,-1.75991373,-4.95374762,-66.3905462,True,True
NGC 6624,-192.4,275.834299,-35.2111176,8.00658371,-1.63562843,-10.0194041,-0.24430285,-0.225053607,-1.39236692,0.332164129,1.43143937,-62.2764253,49.4600376,-5.5570584,-1.70780155,-4.98018598,-66.0988048,True,True
NGC 6624,-192.5,275.801119,-35.2365597,8.01288456,-1.6709713,-10.0063422,-0.237921803,-0.230105313,-1.39168059,0.330991298,1.43049995,-62.5093135,49.3299473,-7.86505045,-1.65593881,-5.0066197,-65.8027456,True,True
NGC 6624,-192.6,275.766169,-35.2611146,8.01916994,-1.70615344,-9.9916073,-0.231517253,-0.235143591,-1.39075813,0.32998901,1.42937081,-62.7360354,49.1974099,-10.1747365,-1.60432184,-5.03305494,-65.5025218,True,True
NGC 6624,-192.7,275.729453,-35.2847814,8.02543934,-1.74117325,-9.9752028,-0.225089832,-0.240168187,-1.38959936,0.329159825,1.42805202,-62.9565724,49.062389,-12.4862945,-1.55294694,-5.05949786,-65.1982832,True,True
NGC 6624,-192.8,275.690975,-35.3075589,8.03169227,-1.77602909,-9.95713199,-0.218640174,-0.245178845,-1.38820408,0.328506,1.42654364,-63.1709031,48.9248468,-14.7999026,-1.50181047,-5.08595462,-64.8901768,True,True
NGC 6624,-192.9,275.650738,-35.3294458,8.03792824,-1.81071934,-9.93739793,-0.212168914,-0.250175306,-1.38657208,0.328029469,1.42484577,-63.379003,48.7847445,-17.115739,-1.45090876,-5.11243138,-64.5783462,True,True
NGC 6624,-193,275.608746,-35.3504407,8.04414677,-1.84524236,-9.91600355,-0.205676692,-0.255157307,-1.38470311,0.327731831,1.42295848,-63.580845,48.6420418,-19.4339821,-1.40023818,-5.1389343,-64.2629324,True,True
NGC 6624,-193.1,275.565002,-35.3705418,8.05034742,-1.8795965,-9.89295163,-0.199164148,-0.260124578,-1.38259692,0.327614337,1.4208819,-63.7763987,48.4966972,-21.7548106,-1.34979509,-5.16546955,-63.944073,True,True
NGC 6624,-193.2,275.519511,-35.3897474,8.05652975,-1.91378011,-9.86824476,-0.192631928,-0.265076848,-1.38025323,0.327677883,1.41861615,-63.9656311,48.3486677,-24.0784033,-1.2995759,-5.19204332,-63.6219029,True,True
NGC 6624,-193.3,275.472276,-35.4080555,8.06269331,-1.94779151,-9.8418854,-0.186080679,-0.270013839,-1.37767176,0.327922998,1.41616135,-64.1485056,48.197909,-26.4049393,-1.249577,-5.21866178,-63.2965541,True,True
NGC 6624,-193.4,275.423299,-35.4254639,8.06883771,-1.98162902,-9.81387583,-0.179511055,-0.274935271,-1.37485219,0.328349847,1.41351766,-64.3249831,48.0443751,-28.734598,-1.19979482,-5.24533114,-62.9681557,True,True
NGC 6624,-193.5,275.372586,-35.4419705,8.07496254,-2.01529095,-9.78421816,-0.17292371,-0.279840857,-1.3717942,0.328958226,1.41068524,-64.4950208,47.8880187,-31.0675591,-1.1502258,-5.27205759,-62.636834,True,True
NGC 6624,-193.6,275.320138,-35.4575727,8.08106739,-2.04877558,-9.75291438,-0.166319307,-0.284730305,-1.36849744,0.329747568,1.40766427,-64.658573,47.7287908,-33.4040025,-1.10086642,-5.29884736,-62.3027123,True,True
NGC 6624,-193.7,275.26596,-35.4722679,8.08715191,-2.0820812,-9.71996627,-0.159698511,-0.28960332,-1.36496154,0.330716945,1.40445495,-64.8155904,47.5666407,-35.7441086,-1.05171316,-5.32570668,-61.9659113,True,True
NGC 6624,-193.8,275.210054,-35.4860533,8.09321571,-2.11520605,-9.68537548,-0.153061993,-0.2944596,-1.36118612,0.331865078,1.40105749,-64.9660208,47.4015162,-38.0880579,-1.00276253,-5.3526418,-61.6265488,True,True
NGC 6624,-193.9,275.152424,-35.4989261,8.09925845,-2.14814839,-9.64914349,-0.14641043,-0.299298838,-1.35717078,0.333190348,1.39747212,-65.109808,47.2333631,-40.4360314,-0.954011081,-5.379659,-61.2847398,True,True
NGC 6624,-194,275.093073,-35.5108831,8.10527977,-2.18090643,-9.61127162,-0.139744503,-0.304120721,-1.35291509,0.334690811,1.3936991,-65.2468927,47.0621254,-42.7882102,-0.905455368,-5.40676456,-60.9405968,True,True
NGC 6624,-194.1,275.032005,-35.5219209,8.11127935,-2.21347837,-9.57176103,-0.133064902,-0.308924932,-1.34841863,0.33636421,1.38973871,-65.3772117,46.8877455,-45.1447761,-0.857091993,-5.43396479,-60.5942293,True,True
NGC 6624,-194.2,274.969223,-35.5320363,8.11725686,-2.24586239,-9.53061272,-0.126372322,-0.313711145,-1.34368092,0.338207993,1.38559123,-65.5006985,46.7101633,-47.5059107,-0.808917584,-5.46126603,-60.2457439,True,True
NGC 6624,-194.3,274.904729,-35.5412254,8.12321198,-2.27805666,-9.48782752,-0.119667465,-0.318479031,-1.33870149,0.340219334,1.38125699,-65.6172823,46.5293171,-49.8717963,-0.760928803,-5.48867463,-59.8952448,True,True
NGC 6624,-194.4,274.838527,-35.5494847,8.12914442,-2.31005931,-9.44340611,-0.112951041,-0.323228251,-1.33347985,0.342395152,1.37673634,-65.7268889,46.345143,-52.2426153,-0.71312235,-5.51619697,-59.5428333,True,True
NGC 6624,-194.5,274.770619,-35.5568101,8.13505388,-2.34186845,-9.397349,-0.106223767,-0.327958463,-1.32801548,0.344732131,1.37202965,-65.8294397,46.1575747,-54.6185501,-0.665494959,-5.54383948,-59.1886078,True,True
NGC 6624,-194.6,274.70101,-35.5631975,8.14094007,-2.37348215,-9.34965656,-0.0994863702,-0.332669316,-1.32230786,0.347226744,1.36713733,-65.9248523,45.9665439,-56.9997836,-0.61804341,-5.57160858,-58.8326639,True,True
NGC 6624,-194.7,274.629702,-35.5686425,8.14680272,-2.40489849,-9.30032896,-0.0927395841,-0.337360452,-1.31635642,0.349875271,1.36205981,-66.01304,45.7719797,-59.3864987,-0.570764523,-5.59951076,-58.4750947,True,True
NGC 6624,-194.8,274.556698,-35.5731408,8.15264156,-2.43611547,-9.24936624,-0.0859841522,-0.342031506,-1.31016061,0.352673823,1.35679757,-66.0939117,45.5738087,-61.7788784,-0.523655167,-5.62755252,-58.1159901,True,True
NGC 6624,-194.9,274.482,-35.5766876,8.15845633,-2.4671311,-9.19676828,-0.0792208275,-0.346682105,-1.30371982,0.355618364,1.3513511,-66.1673718,45.3719553,-64.1771057,-0.47671226,-5.6557404,-57.7554373,True,True
NGC 6624,-195,274.405613,-35.5792781,8.16424678,-2.49794333,-9.14253477,-0.0724503731,-0.351311868,-1.29703346,0.358704732,1.34572095,-66.2333203,45.1663409,-66.5813634,-0.429932771,-5.68408097,-57.3935205,True,True
NGC 6624,-195.1,274.327539,-35.5809074,8.17001267,-2.5285501,-9.08666528,-0.0656735627,-0.355920407,-1.2901009,0.361928657,1.33990771,-66.2916524,44.9568842,-68.9918343,-0.383313731,-5.71258085,-57.0303213,True,True
NGC 6624,-195.2,274.24778,-35.5815702,8.17575376,-2.5589493,-9.02915919,-0.0588911807,-0.360507324,-1.28292148,0.365285781,1.333912,-66.3422583,44.7435011,-71.4087007,-0.336852229,-5.74124669,-56.6659179,True,True
NGC 6624,-195.3,274.16634,-35.5812612,8.18146983,-2.58913878,-8.97001574,-0.0521040231,-0.365072215,-1.27549456,0.368771679,1.32773451,-66.3850234,44.5261046,-73.8321448,-0.290545419,-5.77008518,-56.3003858,True,True
NGC 6624,-195.4,274.083222,-35.5799747,8.18716064,-2.61911636,-8.909234,-0.0453128979,-0.369614662,-1.26781945,0.37238187,1.32137595,-66.4198276,44.3046044,-76.2623479,-0.244390526,-5.79910306,-55.9337972,True,True
NGC 6624,-195.5,273.998429,-35.5777052,8.19282599,-2.64887981,-8.84681288,-0.0385186256,-0.374134243,-1.25989544,0.37611184,1.31483711,-66.4465459,44.0789071,-78.6994909,-0.198384851,-5.82830709,-55.5662212,True,True
NGC 6624,-195.6,273.911963,-35.5744466,8.19846567,-2.67842686,-8.78275114,-0.0317220398,-0.378630523,-1.25172182,0.379957051,1.30811883,-66.4650473,43.848916,-81.1437535,-0.152525774,-5.85770408,-55.1977239,True,True
NGC 6624,-195.7,273.823828,-35.5701929,8.20407947,-2.7077552,-8.71704738,-0.0249239879,-0.383103057,-1.24329785,0.383912956,1.301222,-66.4751954,43.6145307,-83.5953147,-0.106810764,-5.88730091,-54.8283679,True,True
NGC 6624,-195.8,273.734025,-35.5649377,8.20966719,-2.73686246,-8.64970005,-0.0181253313,-0.387551392,-1.23462278,0.387975011,1.2941476,-66.4768478,43.3756474,-86.0543518,-0.0612373822,-5.91710448,-54.4582125,True,True
NGC 6624,-195.9,273.64256,-35.5586746,8.21522864,-2.76574623,-8.58070744,-0.0113269464,-0.391975061,-1.22569582,0.392138685,1.28689665,-66.469856,43.1321584,-88.5210407,-0.0158032906,-5.94712172,-54.0873138,True,True
NGC 6624,-196,273.549433,-35.5513969,8.22076363,-2.79440405,-8.51006769,-0.00452972514,-0.396373588,-1.2165162,0.396399469,1.27947028,-66.4540652,42.8839521,-90.9955555,0.0294937404,-5.97735963,-53.715724,True,True
NGC 6624,-196.1,273.454649,-35.5430978,8.22627197,-2.82283339,-8.43777878,0.00226542437,-0.400746484,-1.2070831,0.400752887,1.27186968,-66.4293141,42.6309129,-93.4780681,0.0746558238,-6.00782525,-53.3434919,True,True
NGC 6624,-196.2,273.35821,-35.5337701,8.23175349,-2.85103167,-8.36383854,0.00905757726,-0.405093249,-1.19739569,0.405194497,1.26409613,-66.3954346,42.3729208,-95.9687478,0.119684946,-6.03852565,-52.9706627,True,True
NGC 6624,-196.3,273.260119,-35.5234067,8.237208,-2.87899628,-8.28824467,0.015845791,-0.409413371,-1.18745313,0.409719901,1.256151,-66.3522518,42.1098513,-98.4677611,0.164582959,-6.06946795,-52.5972775,True,True
NGC 6624,-196.4,273.160379,-35.512,8.24263532,-2.90672449,-8.21099471,0.022629105,-0.413706323,-1.17725456,0.41432475,1.24803578,-66.2995833,41.8415757,-100.975271,0.209351565,-6.10065931,-52.2233737,True,True
NGC 6624,-196.5,273.058994,-35.4995425,8.2480353,-2.93421356,-8.13208605,0.0294065394,-0.417971566,-1.16679911,0.419004743,1.23975205,-66.2372396,41.56796,-103.491437,0.253992309,-6.13210694,-51.8489845,True,True
NGC 6624,-196.6,272.955966,-35.4860263,8.25340774,-2.96146064,-8.05151596,0.0361770946,-0.422208548,-1.15608587,0.423755637,1.2313015,-66.1650232,41.2888655,-106.016413,0.298506562,-6.16381807,-51.4741389,True,True
NGC 6624,-196.7,272.851299,-35.4714434,8.25875249,-2.98846284,-7.96928156,0.0429397506,-0.4264167,-1.14511395,0.428573242,1.22268597,-66.0827286,41.0041483,-108.550351,0.342895511,-6.19579996,-51.0988616,True,True
NGC 6624,-196.8,272.744995,-35.4557855,8.26406938,-3.01521718,-7.88537983,0.0496934658,-0.43059544,-1.13388241,0.433453427,1.21390741,-65.9901423,40.713659,-111.093393,0.387160138,-6.22805992,-50.7231728,True,True
NGC 6624,-196.9,272.637059,-35.4390442,8.26935823,-3.0417206,-7.79980763,0.0564371764,-0.434744169,-1.12239032,0.438392116,1.20496792,-65.887042,40.4172426,-113.645678,0.431301208,-6.26060527,-50.3470881,True,True
NGC 6624,-197,272.527494,-35.4212108,8.27461889,-3.06796997,-7.71256168,0.0631697953,-0.438862273,-1.11063673,0.443385293,1.19586975,-65.7731966,40.1147382,-116.207337,0.475319247,-6.29344336,-49.9706183,True,True
NGC 6624,-197.1,272.416302,-35.4022765,8.27985117,-3.09396206,-7.6236386,0.0698902115,-0.442949122,-1.09862067,0.448428998,1.18661533,-65.648366,39.805979,-118.778491,0.519214521,-6.32658154,-49.5937691,True,True
NGC 6624,-197.2,272.303488,-35.3822323,8.28505492,-3.11969357,-7.53303488,0.0765972888,-0.447004066,-1.08634116,0.453519327,1.17720724,-65.5123004,39.4907918,-121.359256,0.562987014,-6.36002717,-49.2165412,True,True
NGC 6624,-197.3,272.189055,-35.3610689,8.29022995,-3.14516109,-7.44074691,0.083289865,-0.451026439,-1.07379722,0.458652429,1.16764828,-65.3647406,39.1689966,-123.949733,0.606636407,-6.39378762,-48.8389299,True,True
NGC 6624,-197.4,272.073008,-35.3387769,8.2953761,-3.17036114,-7.34677097,0.0899667509,-0.455015556,-1.06098784,0.463824506,1.15794144,-65.205417,38.840407,-126.550014,0.650162044,-6.42787023,-48.4609251,True,True
NGC 6624,-197.5,271.955349,-35.3153466,8.30049318,-3.1952901,-7.25110325,0.0966267291,-0.458970712,-1.04791203,0.469031811,1.14808992,-65.0340498,38.5048291,-129.160179,0.693562907,-6.46228232,-48.0825109,True,True
NGC 6624,-197.6,271.836084,-35.2907682,8.30558102,-3.21994428,-7.15373985,0.103268553,-0.462891183,-1.03456877,0.474270641,1.13809717,-64.8503483,38.162062,-131.780292,0.736837583,-6.49703116,-47.7036654,True,True
NGC 6624,-197.7,271.715215,-35.2650316,8.31063943,-3.24431986,-7.05467681,0.109890946,-0.466776221,-1.02095703,0.47953734,1.1279669,-64.6540109,37.8118969,-134.410401,0.779984223,-6.532124,-47.3243608,True,True
NGC 6624,-197.8,271.592748,-35.2381267,8.31566823,-3.26841293,-6.95391009,0.1164926,-0.47062506,-1.00707579,0.484828293,1.11770306,-64.4447247,37.4541174,-137.050538,0.823000508,-6.56756797,-46.9445628,True,True
NGC 6624,-197.9,271.468688,-35.2100429,8.32066721,-3.29221943,-6.8514356,0.123072175,-0.47443691,-0.992924037,0.490139921,1.10730993,-64.2221649,37.0884987,-139.700711,0.865883604,-6.60337014,-46.5642307,True,True
NGC 6624,-198,271.343038,-35.1807697,8.32563617,-3.31573519,-6.74724922,0.129628294,-0.478210957,-0.978500729,0.495468681,1.09679209,-63.9859949,36.7148077,-142.36091,0.90863011,-6.63953743,-46.1833171,True,True
NGC 6624,-198.1,271.215805,-35.1502962,8.33057491,-3.33895593,-6.64134679,0.13615955,-0.481946363,-0.963804849,0.500811062,1.08615446,-63.7358658,36.3328025,-145.031097,0.951236006,-6.67607664,-45.8017675,True,True
NGC 6624,-198.2,271.086992,-35.1186115,8.3354832,-3.36187721,-6.53372416,0.142664495,-0.485642265,-0.948835378,0.506163578,1.07540232,-63.4714162,35.9422324,-147.711207,0.993696596,-6.71299437,-45.4195204,True,True
NGC 6624,-198.3,270.956607,-35.0857044,8.34036082,-3.38449446,-6.42437718,0.149141647,-0.489297774,-0.933591305,0.511522768,1.06454134,-63.1922718,35.5428373,-150.401145,1.03600644,-6.75029701,-45.0365072,True,True
NGC 6624,-198.4,270.824654,-35.0515636,8.34520754,-3.40680295,-6.31330174,0.155589482,-0.492911973,-0.918071631,0.516885191,1.05357763,-62.8980453,35.1343478,-153.100781,1.07815929,-6.7879907,-44.6526514,True,True
NGC 6624,-198.5,270.69114,-35.0161776,8.3500231,-3.42879783,-6.20049379,0.162006438,-0.496483919,-0.902275374,0.52224742,1.04251773,-62.5883364,34.7164846,-155.809944,1.120148,-6.82608127,-44.2678692,True,True
NGC 6624,-198.6,270.556072,-34.9795348,8.35480726,-3.45047408,-6.08594935,0.168390911,-0.500012638,-0.886201569,0.527606043,1.03136868,-62.2627311,34.2889588,-158.528424,1.16196442,-6.8645742,-43.882069,True,True
NGC 6624,-198.7,270.419456,-34.9416233,8.35955973,-3.47182649,-5.96966456,0.174741252,-0.503497127,-0.869849276,0.532957655,1.02013804,-61.9208025,33.8514711,-161.255959,1.20359936,-6.90347452,-43.4951513,True,True
NGC 6624,-198.8,270.281299,-34.9024313,8.36428025,-3.49284972,-5.8516357,0.181055771,-0.50693635,-0.853217584,0.538298853,1.00883393,-61.5621098,33.4037123,-163.992236,1.2450424,-6.94278679,-43.1070086,True,True
NGC 6624,-198.9,270.141611,-34.8619468,8.3689685,-3.51353822,-5.73185926,0.187332729,-0.510329242,-0.836305619,0.543626238,0.997465075,-61.1861994,32.9453627,-166.736882,1.28628184,-6.98251502,-42.7175258,True,True
NGC 6624,-199,270.000398,-34.8201577,8.37362418,-3.5338863,-5.6103319,0.193570342,-0.513674703,-0.819112547,0.548936406,0.986040842,-60.7926042,32.4760923,-169.489457,1.3273045,-7.02266252,-42.3265796,True,True
NGC 6624,-199.1,269.85767,-34.7770518,8.37824697,-3.55388803,-5.48705058,0.199766777,-0.516971597,-0.80163758,0.554225944,0.974571294,-60.3808445,31.995561,-172.249446,1.36809563,-7.06323185,-41.9340391,True,True
NGC 6624,-199.2,269.713437,-34.7326169,8.38283651,-3.57353732,-5.36201258,0.205920151,-0.520218757,-0.783879993,0.559491433,0.963067239,-59.9504282,31.5034183,-175.016252,1.40863871,-7.10422471,-41.5397658,True,True
NGC 6624,-199.3,269.567708,-34.6868408,8.38739244,-3.59282787,-5.23521556,0.21202853,-0.523414975,-0.765839121,0.564729434,0.951540274,-59.5008516,30.9993038,-177.789185,1.44891525,-7.14564174,-41.1436139,True,True
NGC 6624,-199.4,269.420496,-34.6397111,8.39191439,-3.61175318,-5.10665759,0.218089929,-0.526559009,-0.747514379,0.569936494,0.940002848,-59.0316002,30.4828476,-180.567451,1.48890463,-7.18748244,-40.7454311,True,True
NGC 6624,-199.5,269.271811,-34.5912159,8.39640196,-3.63030651,-4.97633728,0.224102309,-0.529649577,-0.728905265,0.575109137,0.928468311,-58.5421494,29.9536705,-183.35014,1.52858381,-7.22974497,-40.3450582,True,True
NGC 6624,-199.6,269.121667,-34.5413429,8.40085472,-3.64848094,-4.84425381,0.230063576,-0.532685359,-0.71001138,0.580243863,0.91695098,-58.0319666,29.4113849,-186.136214,1.56792711,-7.27242592,-39.9423309,True,True
NGC 6624,-199.7,268.970078,-34.4900802,8.40527224,-3.66626928,-4.71040705,0.235971583,-0.535664993,-0.690832436,0.585337145,0.905466193,-57.5005123,28.8555955,-188.924488,1.6069059,-7.31552014,-39.5370801,True,True
NGC 6624,-199.8,268.817058,-34.437416,8.40965406,-3.68366415,-4.57479767,0.241824127,-0.538587078,-0.671368276,0.590385424,0.894030375,-56.9472422,28.2859005,-191.713615,1.64548827,-7.35902043,-39.1291329,True,True
NGC 6624,-199.9,268.662624,-34.3833388,8.4139997,-3.70065792,-4.43742719,0.247618949,-0.541450172,-0.651618889,0.595385113,0.882661095,-56.3716102,27.7018927,-194.502067,1.68363867,-7.4029173,-38.7183144,True,True
NGC 6624,-200,268.506793,-34.3278375,8.41830865,-3.71724272,-4.29829819,0.253353733,-0.544252789,-0.631584432,0.600332585,0.871377132,-55.7730705,27.1031613,-197.288108,1.72131747,-7.44719856,-38.3044489,True,True
NGC 6624,-200.1,268.349584,-34.2709012,8.42258039,-3.73341045,-4.1574144,0.259026109,-0.546993402,-0.611265248,0.605224179,0.86019853,-55.151082,26.4892939,-200.069778,1.75848053,-7.49184904,-37.8873618,True,True
NGC 6624,-200.2,268.191018,-34.2125197,8.42681438,-3.74915276,-4.01478087,0.264633651,-0.549670444,-0.590661897,0.610056199,0.849146655,-54.5051119,25.859879,-202.844855,1.79507866,-7.53685005,-37.4668821,True,True
NGC 6624,-200.3,268.031117,-34.1526832,8.43101003,-3.76446106,-3.87040416,0.270173882,-0.552282301,-0.569775178,0.614824907,0.838244248,-53.8346406,25.2145086,-205.610829,1.83105698,-7.58217894,-37.042845,True,True
NGC 6624,-200.4,267.869906,-34.0913828,8.43516678,-3.77932654,-3.72429254,0.275644268,-0.554827323,-0.548606164,0.619526529,0.827515464,-53.1391679,24.5527815,-208.364864,1.86635433,-7.62780854,-36.6150942,True,True
NGC 6624,-200.5,267.707412,-34.0286103,8.43928401,-3.79374013,-3.57645622,0.281042228,-0.557303816,-0.527156237,0.624157253,0.816985909,-52.4182189,23.8743077,-211.103757,1.90090242,-7.67370648,-36.1834864,True,True
NGC 6624,-200.6,267.543664,-33.9643586,8.4433611,-3.80769255,-3.42690762,0.286365134,-0.559710048,-0.505427127,0.628713232,0.806682657,-51.6713519,23.1787129,-213.823891,1.93462503,-7.71983447,-35.7478938,True,True
NGC 6624,-200.7,267.378694,-33.8986219,8.4473974,-3.8211743,-3.27566162,0.291610315,-0.56204425,-0.483420957,0.633190583,0.796634255,-50.8981667,22.4656434,-216.521183,1.96743702,-7.76614747,-35.3082092,True,True
NGC 6624,-200.8,267.212537,-33.8313955,8.45139226,-3.83417567,-3.12273597,0.29677506,-0.564304619,-0.461140293,0.637585397,0.786870706,-50.0983147,21.7347729,-219.191025,1.9992432,-7.8125927,-34.8643501,True,True
NGC 6624,-200.9,267.045232,-33.7626767,8.45534502,-3.84668677,-2.96815158,0.301856627,-0.566489317,-0.438588204,0.641893737,0.777423425,-49.2715095,20.9858093,-221.828215,2.02993712,-7.85910861,-34.4162634,True,True
NGC 6624,-201,266.876821,-33.6924643,8.459255,-3.85869755,-2.81193301,0.306852248,-0.568596482,-0.415768322,0.646111647,0.768325165,-48.4175391,20.2185022,-224.426881,2.05939963,-7.9056236,-33.9639305,True,True
NGC 6624,-201.1,266.70735,-33.6207596,8.46312151,-3.8701978,-2.65410889,0.311759138,-0.570624226,-0.392684921,0.650235163,0.759609909,-47.5362792,19.4326529,-226.980398,2.08749732,-7.95205467,-33.507372,True,True
NGC 6624,-201.2,266.53687,-33.5475663,8.46694389,-3.88117722,-2.49471255,0.316574503,-0.572570647,-0.369342991,0.654260316,0.751312722,-46.6277081,18.6281234,-229.481291,2.11408076,-7.99830584,-33.0466523,True,True
NGC 6624,-201.3,266.365439,-33.472891,8.47072146,-3.89162542,-2.33378252,0.321295554,-0.574433829,-0.34574834,0.658183149,0.74346955,-45.6919216,17.804848,-231.921129,2.13898258,-8.04426651,-32.5818834,True,True
NGC 6624,-201.4,266.193118,-33.3967438,8.47445354,-3.90153202,-2.17136329,0.32591952,-0.576211855,-0.321907684,0.661999725,0.736116969,-44.72915,16.9628451,-234.290415,2.16201539,-8.08980952,-32.1132277,True,True
NGC 6624,-201.5,266.019977,-33.3191384,8.47813951,-3.91088663,-2.00750604,0.330443657,-0.577902816,-0.297828776,0.665706147,0.729291886,-43.7397751,16.1022303,-236.578466,2.18296961,-8.13478923,-31.6408987,True,True
NGC 6624,-201.6,265.846091,-33.2400931,8.48177871,-3.91967896,-1.8422695,0.334865271,-0.579504818,-0.273520525,0.669298576,0.723031162,-42.724347,15.22323,-238.773298,2.20161143,-8.17903954,-31.1651591,False,False
NGC 6624,-201.7,265.671545,-33.1596311,8.48537056,-3.9278989,-1.67572088,0.339181735,-0.581015997,-0.248993138,0.672773245,0.717371188,-41.6836013,14.3261956,-240.861518,2.21768097,-8.22237201,-30.6863159,False,False
NGC 6624,-201.8,265.496431,-33.0777813,8.48891448,-3.93553654,-1.50793683,0.343390505,-0.582434534,-0.224258264,0.676126487,0.712347384,-40.6184743,13.4116176,-242.828254,2.23089114,-8.2645744,-30.2047103,False,False
NGC 6624,-201.9,265.320854,-32.994579,8.49240992,-3.94258231,-1.33900446,0.347489145,-0.583758666,-0.199329154,0.679354757,0.707993642,-39.5301165,12.4801399,-244.657141,2.24092785,-8.30540998,-29.720703,False,False
NGC 6624,-202,265.144927,-32.9100662,8.49585638,-3.94902706,-1.16902237,0.351475346,-0.584986704,-0.174220801,0.68245466,0.704341714,-38.4199026,11.5325712,-246.330412,2.24745224,-8.3446183,-29.234653,False,False
NGC 6624,-202.1,264.968775,-32.8242929,8.49925338,-3.95486214,-0.998101486,0.355346954,-0.586117051,-0.148950081,0.685422976,0.701420546,-37.2894373,10.569896,-247.829145,2.25010629,-8.38191797,-28.7468912,False,False
NGC 6624,-202.2,264.792534,-32.7373171,8.50260049,-3.96007954,-0.826365703,0.35910199,-0.587148221,-0.123535843,0.688256691,0.699255588,-36.1405544,9.59327961,-249.133735,2.24852291,-8.41701271,-28.2576903,False,False
NGC 6624,-202.3,264.616353,-32.6492051,8.50589727,-3.96467199,-0.653952125,0.362738673,-0.588078854,-0.0979989464,0.690953026,0.697868094,-34.9753088,8.60406903,-250.224647,2.24234176,-8.44960121,-27.7672332,False,False
NGC 6624,-202.4,264.440391,-32.5600318,8.50914331,-3.96863304,-0.481010648,0.366255444,-0.58890774,-0.0723621999,0.693509464,0.697274454,-33.7959591,7.60378549,-251.083473,2.23123111,-8.47939134,-27.2755874,False,False
NGC 6624,-202.5,264.264819,-32.4698801,8.5123382,-3.9719572,-0.307702741,0.369650983,-0.589633831,-0.0466501829,0.695923777,0.697485586,-32.6049403,6.59410805,-251.694238,2.21491467,-8.50611822,-26.7826899,False,False
NGC 6624,-202.6,264.089811,-32.3788396,8.51548152,-3.97464,-0.134199289,0.372924227,-0.590256256,-0.0208889232,0.698194047,0.69850646,-31.4048263,5.5768471,-252.044824,2.1932002,-8.52956411,-26.2883522,False,False
NGC 6624,-202.7,263.91555,-32.2870051,8.51857282,-3.9766781,0.0393225096,0.376074383,-0.590774339,0.0048945637,0.700318685,0.700335789,-30.1982826,4.55390807,-252.128234,2.16600463,-8.54957678,-25.7922857,False,False
NGC 6624,-202.8,263.742216,-32.1944752,8.52161161,-3.97806926,0.212682983,0.379100931,-0.591187597,0.0306728489,0.702296441,0.702965941,-28.988013,3.52724761,-251.943441,2.13336986,-8.56608259,-25.2941488,False,False
NGC 6624,-202.9,263.569986,-32.101349,8.52459739,-3.97881244,0.385704162,0.382003627,-0.591495751,0.0564187133,0.704126405,0.706383087,-27.7767024,2.49882597,-251.495569,2.09546479,-8.57909087,-24.793604,False,False
NGC 6624,-203,263.399029,-32.0077247,8.5275296,-3.97890773,0.558213842,0.384782499,-0.591698718,0.0821057568,0.705808008,0.71056759,-26.5669615,1.47056008,-250.795375,2.05257256,-8.5886888,-24.2903747,False,False
NGC 6624,-203.1,263.229503,-31.9136972,8.53040769,-3.97835633,0.73004909,0.387437836,-0.591796611,0.107708925,0.70734101,0.715494596,-25.3612771,0.444281905,-249.858153,2.00506623,-8.59502823,-23.7842878,False,False
NGC 6624,-203.2,263.061551,-31.8193566,8.53323109,-3.97716049,0.901058801,0.389970174,-0.591789719,0.133204897,0.708725481,0.721134767,-24.1619711,-0.578294849,-248.70232,1.95337836,-8.598308,-23.2752973,False,False
NGC 6624,-203.3,262.895303,-31.7247871,8.53599921,-3.9753234,1.07110535,0.392380274,-0.591678505,0.158572336,0.709961783,0.727455097,-22.9711706,-1.59559827,-247.347995,1.89797064,-8.59875536,-22.763485,False,False
NGC 6624,-203.4,262.730871,-31.6300666,8.53871153,-3.97284914,1.24006524,0.394669108,-0.59146358,0.183791993,0.711050541,0.734419749,-21.7907888,-2.60621205,-245.815753,1.83930794,-8.5966096,-22.2490462,False,False
NGC 6624,-203.5,262.568354,-31.5352664,8.54136751,-3.96974256,1.40782907,0.396837828,-0.591145695,0.208846709,0.711992622,0.741990864,-20.6225156,-3.60888093,-244.125688,1.77783887,-8.59210931,-21.7322647,False,False
NGC 6624,-203.6,262.407835,-31.4404513,8.54396667,-3.96600918,1.57430088,0.398887751,-0.590725719,0.233721324,0.712789108,0.750129302,-19.4678175,-4.60250959,-242.296779,1.71398307,-8.58548362,-21.2134839,False,False
NGC 6624,-203.7,262.249384,-31.34568,8.54650858,-3.96165508,1.73939729,0.400820329,-0.590204627,0.258402547,0.713441264,0.758795304,-18.3279436,-5.58615666,-240.346535,1.64812423,-8.57694685,-20.69308,False,False
NGC 6624,-203.8,262.093059,-31.2510056,8.54899282,-3.95668684,1.90304631,0.402637134,-0.58958348,0.282878796,0.713950518,0.767949058,-17.2039364,-6.55902561,-238.290827,1.58060734,-8.56669591,-20.1714384,False,False
NGC 6624,-203.9,261.938908,-31.156476,8.55141904,-3.95111145,2.06518624,0.404339834,-0.588863418,0.307140024,0.714318435,0.777551169,-16.0966464,-7.52045373,-236.143879,1.51173884,-8.55490947,-19.6489357,False,False
NGC 6624,-204,261.786967,-31.0621345,8.55378692,-3.94493622,2.22576451,0.405930174,-0.588045637,0.331177561,0.714546694,0.787563048,-15.0067482,-8.46990016,-233.918321,1.44178853,-8.54174837,-19.1259261,False,False
NGC 6624,-204.1,261.637267,-30.9680199,8.5560962,-3.93816869,2.38473661,0.407409961,-0.587131387,0.354983949,0.71463707,0.797947208,-13.9347582,-9.40693372,-231.625311,1.37099242,-8.52735661,-18.6027334,False,False
NGC 6624,-204.2,261.489829,-30.8741676,8.55834662,-3.93081662,2.54206513,0.408781047,-0.586121955,0.378552802,0.714591415,0.808667493,-12.8810509,-10.3312209,-229.274664,1.29955592,-8.51186275,-18.0796459,False,False
NGC 6624,-204.3,261.34467,-30.7806095,8.56053798,-3.92288791,2.69771884,0.410045315,-0.585018657,0.401878676,0.714411639,0.819689246,-11.8458768,-11.2425145,-226.874991,1.22765721,-8.49538139,-17.5569145,False,False
NGC 6624,-204.4,261.2018,-30.6873744,8.5626701,-3.91439054,2.85167193,0.411204668,-0.583822832,0.424956952,0.714099698,0.830979416,-10.8293775,-12.1406428,-224.433836,1.15545037,-8.47801463,-17.0347526,False,False
NGC 6624,-204.5,261.061225,-30.5944885,8.56474283,-3.90533255,3.0039033,0.41226102,-0.582535833,0.447783731,0.713657583,0.842506626,-9.83160108,-13.0255,-221.957799,1.08306826,-8.45985349,-16.513338,False,False
NGC 6624,-204.6,260.922945,-30.5019758,8.56675601,-3.89572198,3.15439599,0.413216285,-0.581159019,0.470355748,0.713087304,0.854241203,-8.85251531,-13.897037,-219.452653,1.01062523,-8.44097914,-15.9928152,False,False
NGC 6624,-204.7,260.786961,-30.4098577,8.56870954,-3.88556687,3.30313656,0.414072369,-0.579693753,0.492670291,0.712390886,0.866155177,-7.89201998,-14.7552534,-216.923444,0.938219462,-8.42146408,-15.4732983,False,False
NGC 6624,-204.8,260.653266,-30.3181542,8.57060331,-3.87487521,3.45011471,0.414831166,-0.578141396,0.514725128,0.711570355,0.878222255,-6.94995789,-15.6001903,-214.374582,0.865935016,-8.40137312,-14.9548747,False,False
NGC 6624,-204.9,260.521855,-30.2268833,8.57243723,-3.86365494,3.59532283,0.415494552,-0.576503303,0.536518452,0.710627737,0.890417784,-6.02612454,-16.4319238,-211.809922,0.793843695,-8.38076434,-14.4376078,False,False
NGC 6624,-205,260.392717,-30.1360614,8.57421121,-3.85191391,3.73875563,0.416064378,-0.574780817,0.558048822,0.709565046,0.902718695,-5.1202766,-17.2505595,-209.232832,0.722006624,-8.35968982,-13.9215407,False,False
NGC 6624,-205.1,260.265841,-30.0457038,8.57592517,-3.83965987,3.88040987,0.41654247,-0.572975273,0.579315121,0.708384283,0.915103438,-4.23213937,-18.0562274,-206.646252,0.650475639,-8.33819634,-13.4066991,False,False
NGC 6624,-205.2,260.141215,-29.9558243,8.57757904,-3.82690046,4.02028407,0.416930623,-0.571087989,0.600316513,0.707087432,0.927551913,-3.36141323,-18.8490776,-204.052753,0.579294502,-8.31632602,-12.8930939,False,False
NGC 6624,-205.3,260.018825,-29.8664357,8.57917276,-3.81364323,4.15837825,0.417230604,-0.569120268,0.621052408,0.705676453,0.940045398,-2.5077792,-19.6292766,-201.454576,0.508499942,-8.29411682,-12.380724,False,False
NGC 6624,-205.4,259.898657,-29.7775496,8.58070626,-3.79989558,4.29469374,0.417444142,-0.567073395,0.64152243,0.704153283,0.952566467,-1.67090376,-20.3970036,-198.853679,0.438122577,-8.27160299,-11.8695785,False,False
NGC 6624,-205.5,259.780693,-29.689177,8.58217948,-3.78566478,4.429233,0.417572934,-0.564948634,0.661726389,0.702519832,0.965098922,-0.850442859,-21.1524483,-196.251766,0.368187699,-8.24881553,-11.3596383,False,False
NGC 6624,-205.6,259.664919,-29.6013278,8.58359235,-3.77095797,4.56199949,0.417618641,-0.562747233,0.68166426,0.700777981,0.977627711,-0.0460453894,-21.895808,-193.650321,0.298715966,-8.22578248,-10.8508788,False,False
NGC 6624,-205.7,259.551316,-29.5140112,8.58494482,-3.75578216,4.69299745,0.417582888,-0.560470418,0.701336157,0.69892958,0.99013886,0.742643857,-22.6272859,-191.050636,0.229724002,-8.20252926,-10.3432703,False,False
NGC 6624,-205.8,259.439868,-29.4272358,8.58623682,-3.74014422,4.82223187,0.417467262,-0.558119391,0.72074232,0.696976449,1.0026194,1.51598175,-23.3470888,-188.453828,0.161224914,-8.17907897,-9.8367801,False,False
NGC 6624,-205.9,259.330556,-29.3410094,8.58746829,-3.72405086,4.94970833,0.417273317,-0.555695338,0.739883093,0.694920376,1.0150573,2.27432478,-24.0554261,-185.860868,0.0932287474,-8.15545258,-9.33137338,False,False
NGC 6624,-206,259.223362,-29.2553393,8.58863918,-3.70750867,5.07543289,0.417002566,-0.55319942,0.758758914,0.692763118,1.0274414,3.01802731,-24.7525079,-183.272591,0.0257428832,-8.13166917,-8.82701408,False,False
NGC 6624,-206.1,259.118269,-29.1702324,8.58974941,-3.6905241,5.19941208,0.416656489,-0.550632776,0.777370299,0.690506397,1.03976135,3.74744024,-25.4385448,-180.689716,-0.041227621,-8.10774614,-8.32366576,False,False
NGC 6624,-206.2,259.015257,-29.0856949,8.59079892,-3.67310345,5.32165275,0.41623653,-0.547996527,0.795717833,0.688151904,1.05200756,4.4629098,-26.1137462,-178.112859,-0.107679728,-8.08369932,-7.8212923,False,False
NGC 6624,-206.3,258.91431,-29.0017328,8.59178765,-3.65525288,5.44216203,0.415744098,-0.545291769,0.81380216,0.685701297,1.06417114,5.16477666,-26.7783197,-175.542544,-0.173612158,-8.05954317,-7.3198584,False,False
NGC 6624,-206.4,258.815407,-28.9183515,8.59271554,-3.63697844,5.56094731,0.415180567,-0.54251958,0.831623971,0.683156203,1.07624385,5.85337518,-27.4324708,-172.979214,-0.239025163,-8.03529089,-6.81933007,False,False
NGC 6624,-206.5,258.718532,-28.835556,8.59358251,-3.61828603,5.67801613,0.414547276,-0.539681014,0.849184,0.680518215,1.08821804,6.52903283,-28.0764021,-170.423241,-0.30392032,-8.01095453,-6.31967498,False,False
NGC 6624,-206.6,258.623665,-28.7533513,8.5943885,-3.59918141,5.79337619,0.413845533,-0.536777106,0.866483016,0.677788895,1.10008663,7.19206977,-28.710313,-167.874932,-0.368300358,-7.9865451,-5.82086276,False,False
NGC 6624,-206.7,258.53079,-28.6717416,8.59513345,-3.57967023,5.90703526,0.413076612,-0.533808871,0.883521817,0.674969776,1.11184306,7.84279852,-29.334399,-165.33454,-0.432169005,-7.96207268,-5.32286521,False,False
NGC 6624,-206.8,258.439888,-28.5907312,8.59581728,-3.55975801,6.0190012,0.412241757,-0.530777305,0.900301222,0.672062358,1.12348124,8.4815237,-29.9488523,-162.802266,-0.49553085,-7.93754647,-4.8256565,False,False
NGC 6624,-206.9,258.350942,-28.510324,8.59643993,-3.53945014,6.12928189,0.41134218,-0.527683382,0.916822071,0.669068113,1.13499553,9.10854192,-30.5538604,-160.278268,-0.558391228,-7.91297489,-4.32921329,False,False
NGC 6624,-207,258.263934,-28.4305236,8.59700134,-3.51875191,6.2378852,0.410379063,-0.52452806,0.933085215,0.665988484,1.14638069,9.7241417,-31.149607,-157.762663,-0.620756112,-7.88836564,-3.83351483,False,False
NGC 6624,-207.1,258.178847,-28.3513335,8.59750142,-3.49766848,6.34481902,0.40935356,-0.521312275,0.949091519,0.662824883,1.15763187,10.3286034,-31.7362712,-155.255536,-0.682632023,-7.86372575,-3.33854298,False,False
NGC 6624,-207.2,258.095665,-28.2727568,8.59794013,-3.47620491,6.45009116,0.408266796,-0.518036949,0.964841851,0.659578697,1.16874456,10.9221993,-32.3140278,-152.756939,-0.74402595,-7.83906167,-2.84428232,False,False
NGC 6624,-207.3,258.014371,-28.1947967,8.59831739,-3.45436614,6.5537094,0.407119868,-0.514702983,0.980337086,0.656251284,1.17971461,11.5051937,-32.8830471,-150.266898,-0.80494528,-7.81437925,-2.35072007,False,False
NGC 6624,-207.4,257.934947,-28.117456,8.59863314,-3.432157,6.65568145,0.405913848,-0.511311263,0.9955781,0.652843978,1.19053812,12.0778429,-33.4434949,-147.785411,-0.865397734,-7.78968387,-1.85784615,False,False
NGC 6624,-207.5,257.85738,-28.0407375,8.59888731,-3.40958223,6.7560149,0.404649781,-0.507862656,1.01056577,0.649358085,1.20121151,12.6403953,-33.9955325,-145.31246,-0.925391314,-7.7649804,-1.36565312,False,False
NGC 6624,-207.6,257.781652,-27.9646436,8.59907985,-3.38664647,6.85471727,0.403328687,-0.504358015,1.02530095,0.645794888,1.21173144,13.1930917,-34.5393167,-142.848003,-0.984934256,-7.74027331,-0.874136192,False,False
NGC 6624,-207.7,257.707748,-27.8891768,8.59921069,-3.36335427,6.95179596,0.401951562,-0.500798176,1.03978453,0.642155644,1.22209482,13.7361655,-35.075,-140.391983,-1.04403498,-7.71556663,-0.383293119,False,False
NGC 6624,-207.8,257.635654,-27.8143395,8.59927977,-3.33971006,7.04725825,0.400519378,-0.497183961,1.05401736,0.638441589,1.23229877,14.2698425,-35.6027303,-137.944328,-1.10270207,-7.69086404,0.106875797,False,False
NGC 6624,-207.9,257.565354,-27.7401338,8.59928704,-3.3157182,7.14111129,0.399033086,-0.493516174,1.06800028,0.634653935,1.24234062,14.7943414,-36.1226513,-135.504952,-1.16094423,-7.66616886,0.596367785,False,False
NGC 6624,-208,257.496833,-27.6665618,8.59923244,-3.29138297,7.23336209,0.397493613,-0.489795607,1.08173415,0.630793872,1.2522179,15.3098739,-36.6349024,-133.073758,-1.21877023,-7.6414841,1.08517766,False,False
NGC 6624,-208.1,257.430079,-27.5936255,8.59911593,-3.26670855,7.32401752,0.395901866,-0.486023038,1.09521979,0.62686257,1.26192831,15.8166451,-37.1396188,-130.650638,-1.27618894,-7.61681246,1.57329788,False,False
NGC 6624,-208.2,257.365076,-27.5213269,8.59893744,-3.24169905,7.41308429,0.39425873,-0.482199231,1.10845802,0.622861176,1.27146971,16.3148531,-37.6369317,-128.235475,-1.33320927,-7.59215637,2.06071862,False,False
NGC 6624,-208.3,257.301812,-27.4496677,8.59869695,-3.21635848,7.50056898,0.392565072,-0.478324937,1.12144965,0.618790821,1.28084011,16.8046899,-38.1269681,-125.828143,-1.38984014,-7.56751799,2.54742782,False,False
NGC 6624,-208.4,257.240272,-27.3786498,8.59839439,-3.19069081,7.58647798,0.390821737,-0.474400893,1.13419548,0.614652615,1.29003768,17.286341,-38.6098511,-123.428511,-1.44609048,-7.54289925,3.03341127,False,False
NGC 6624,-208.5,257.180445,-27.3082748,8.59802974,-3.16469991,7.67081755,0.389029554,-0.470427824,1.14669628,0.610447649,1.29906069,17.759986,-39.0857001,-121.036439,-1.50196923,-7.51830185,3.51865264,False,False
NGC 6624,-208.6,257.122317,-27.2385444,8.59760296,-3.13838959,7.75359376,0.387189333,-0.466406444,1.15895282,0.606176996,1.30790756,18.2257986,-39.5546305,-118.651784,-1.55748531,-7.49372727,4.00313359,False,False
NGC 6624,-208.7,257.065877,-27.1694602,8.59711401,-3.11176358,7.83481252,0.385301866,-0.462337455,1.17096585,0.601841716,1.3165768,18.6839469,-40.016754,-116.274396,-1.61264758,-7.46917679,4.48683378,False,False
NGC 6624,-208.8,257.011112,-27.1010238,8.59656286,-3.08482555,7.91447958,0.383367929,-0.458221548,1.18273611,0.597442848,1.32506704,19.1345933,-40.472179,-113.904123,-1.66746491,-7.44465153,4.96973094,False,False
NGC 6624,-208.9,256.95801,-27.0332366,8.5959495,-3.05757912,7.99260049,0.381388281,-0.454059402,1.19426431,0.592981417,1.33337699,19.5778952,-40.9210101,-111.540808,-1.72194609,-7.4201524,5.45180098,False,False
NGC 6624,-209,256.906561,-26.9661001,8.59527389,-3.03002784,8.06918066,0.379363664,-0.449851687,1.20555117,0.588458435,1.34150548,20.0140044,-41.3633484,-109.184292,-1.77609985,-7.39568018,5.93301795,False,False
NGC 6624,-209.1,256.856752,-26.8996158,8.59453602,-3.00217519,8.1442253,0.377294808,-0.44559906,1.21659736,0.583874896,1.34945138,20.4430681,-41.7992921,-106.834411,-1.82993488,-7.37123546,6.41335418,False,False
NGC 6624,-209.2,256.808575,-26.8337852,8.59373587,-2.97402462,8.21773945,0.375182424,-0.441302173,1.22740356,0.579231784,1.35721367,20.8652286,-42.2289356,-104.491001,-1.8834598,-7.34681871,6.89278026,False,False
NGC 6624,-209.3,256.762017,-26.7686095,8.59287345,-2.94557949,8.28972797,0.373027214,-0.436961663,1.23797042,0.574530066,1.36479139,21.2806233,-42.6523704,-102.153896,-1.93668316,-7.32243025,7.37126513,False,False
NGC 6624,-209.4,256.717069,-26.7040901,8.59194875,-2.91684313,8.36019556,0.37082986,-0.432578162,1.24829857,0.5697707,1.37218365,21.6893854,-43.0696849,-99.822928,-1.98961343,-7.29807028,7.84877611,False,False
NGC 6624,-209.5,256.673721,-26.6402286,8.59096176,-2.88781883,8.42914671,0.368591036,-0.42815229,1.25838865,0.564954631,1.37938962,22.0916437,-43.4809644,-97.4979266,-2.04225901,-7.27373887,8.32527894,False,False
NGC 6624,-209.6,256.631964,-26.5770261,8.58991249,-2.85850982,8.49658576,0.366311399,-0.423684662,1.26824123,0.560082792,1.38640851,22.4875225,-43.8862913,-95.1787216,-2.09462822,-7.24943598,8.8007378,False,False
NGC 6624,-209.7,256.591788,-26.5144841,8.58880096,-2.82891927,8.56251685,0.363991596,-0.419175882,1.27785692,0.555156106,1.39323961,22.8771422,-44.285745,-92.8651417,-2.1467293,-7.22516144,9.2751154,False,False
NGC 6624,-209.8,256.553183,-26.4526038,8.58762717,-2.79905033,8.62694394,0.361632262,-0.414626546,1.28723628,0.550175486,1.39988225,23.2606195,-44.6794021,-90.5570146,-2.1985704,-7.200915,9.74837293,False,False
NGC 6624,-209.9,256.516143,-26.3913868,8.58639116,-2.76890609,8.68987084,0.359234018,-0.410037243,1.29637986,0.545141835,1.40633579,23.6380668,-45.0673366,-88.2541678,-2.25015961,-7.1766963,10.2204702,False,False
NGC 6624,-210,256.480657,-26.3308342,8.58509295,-2.73848961,8.75130114,0.356797476,-0.405408556,1.30528818,0.540056049,1.41259965,24.0095932,-45.4496197,-85.9564283,-2.30150492,-7.15250488,10.6913655,False,False
NGC 6624,-210.1,256.446718,-26.2709475,8.58373257,-2.70780392,8.81123827,0.354323236,-0.400741058,1.31396176,0.534919013,1.41867328,24.3753039,-45.82632,-83.6636229,-2.35261424,-7.12834019,11.1610158,False,False
NGC 6624,-210.2,256.414318,-26.211728,8.58231006,-2.67685198,8.8696855,0.351811887,-0.396035317,1.3224011,0.529731608,1.42455616,24.735301,-46.1975035,-81.3755783,-2.40349538,-7.1042016,11.6293768,False,False
NGC 6624,-210.3,256.38345,-26.1531771,8.58082546,-2.64563676,8.92664587,0.349264009,-0.391291894,1.33060668,0.524494704,1.43024782,25.089683,-46.5632337,-79.0921213,-2.45415611,-7.08008839,12.0964026,False,False
NGC 6624,-210.4,256.354105,-26.0952962,8.57927882,-2.61416115,8.9821223,0.34668017,-0.386511344,1.33857895,0.519209167,1.4357478,25.4385452,-46.9235716,-76.8130784,-2.50460408,-7.05599977,12.5620461,False,False
NGC 6624,-210.5,256.326278,-26.0380867,8.5776702,-2.58242805,9.03611748,0.344060932,-0.381694214,1.34631836,0.513875859,1.44105569,25.7819798,-47.2785761,-74.5382768,-2.55484686,-7.03193486,13.026259,False,False
NGC 6624,-210.6,256.299961,-25.98155,8.57599967,-2.55044031,9.08863396,0.341406843,-0.376841049,1.35382533,0.508495633,1.44617109,26.1200759,-47.6283033,-72.2675433,-2.60489196,-7.00789271,13.4889916,False,False
NGC 6624,-210.7,256.275147,-25.9256875,8.57426728,-2.51820074,9.13967409,0.338718447,-0.371952383,1.36110027,0.503069341,1.45109362,26.4529197,-47.9728073,-70.0007054,-2.65474679,-6.98387232,13.9501928,False,False
NGC 6624,-210.8,256.25183,-25.8705008,8.57247311,-2.48571215,9.18924005,0.335996275,-0.36702875,1.36814357,0.49759783,1.45582294,26.7805945,-48.3121398,-67.7375906,-2.7044187,-6.95987259,14.4098104,False,False
NGC 6624,-210.9,256.230005,-25.8159913,8.57061725,-2.4529773,9.23733385,0.333240853,-0.362070675,1.3749556,0.492081944,1.4603587,27.1031808,-48.6463503,-65.4780269,-2.75391493,-6.93589237,14.8677907,False,False
NGC 6624,-211,256.209665,-25.7621605,8.56869978,-2.41999894,9.2839573,0.330452695,-0.35707868,1.38153672,0.486522525,1.46470061,27.4207565,-48.9754863,-63.2218426,-2.80324269,-6.91193046,15.324079,False,False
NGC 6624,-211.1,256.190806,-25.70901,8.5667208,-2.3867798,9.32911206,0.327632313,-0.352053282,1.38788726,0.480920415,1.46884835,27.7333968,-49.2995929,-60.9688661,-2.85240906,-6.88798557,15.7786191,False,False
NGC 6624,-211.2,256.17342,-25.6565414,8.5646804,-2.35332258,9.37279959,0.324780205,-0.346994992,1.39400754,0.475276452,1.47280166,28.0411745,-49.6187132,-58.7189267,-2.9014211,-6.86405636,16.2313537,False,False
NGC 6624,-211.3,256.157505,-25.6047562,8.5625787,-2.31962995,9.4150212,0.321896866,-0.341904318,1.39989787,0.469591476,1.47656026,28.3441597,-49.9328883,-56.4718534,-2.95028575,-6.84014145,16.6822242,False,False
NGC 6624,-211.4,256.143054,-25.5536562,8.56041581,-2.2857046,9.455778,0.318982782,-0.336781764,1.40555852,0.46386633,1.48012389,28.6424204,-50.2421572,-54.2274762,-2.99900991,-6.81623939,17.1311705,False,False
NGC 6624,-211.5,256.130063,-25.5032429,8.55819185,-2.25154915,9.49507093,0.316038434,-0.331627831,1.41098977,0.458101856,1.48349232,28.936022,-50.546557,-51.9856251,-3.04760041,-6.79234866,17.5781315,False,False
NGC 6624,-211.6,256.118528,-25.4535182,8.55590696,-2.21716626,9.53290077,0.313064295,-0.326443013,1.41619187,0.452298899,1.4866653,29.2250277,-50.8461225,-49.7461304,-3.09606398,-6.76846772,18.0230448,False,False
NGC 6624,-211.7,256.108445,-25.4044837,8.55356126,-2.18255854,9.56926812,0.310060831,-0.321227805,1.42116504,0.446458309,1.48964261,29.5094987,-51.140887,-47.508823,-3.14440732,-6.74459494,18.4658465,False,False
NGC 6624,-211.8,256.09981,-25.3561413,8.55115491,-2.14772858,9.60417339,0.307028503,-0.315982694,1.42590951,0.44058094,1.49242403,29.7894938,-51.4308816,-45.273534,-3.19263705,-6.72072867,18.9064716,False,False
NGC 6624,-211.9,256.092619,-25.3084928,8.54868806,-2.112679,9.63761682,0.303967766,-0.310708169,1.43042547,0.434667653,1.49500936,30.0650698,-51.7161355,-43.0400947,-3.24075973,-6.6968672,19.3448538,False,False
NGC 6624,-212,256.086868,-25.2615401,8.54616086,-2.07741237,9.66959849,0.300879069,-0.305404711,1.43471309,0.428719316,1.49739838,30.3362816,-51.996676,-40.8083368,-3.28878185,-6.67300875,19.7809251,False,False
NGC 6624,-212.1,256.082556,-25.2152851,8.54357349,-2.04193127,9.70011831,0.297762856,-0.300072802,1.43877255,0.422736803,1.4995909,30.6031819,-52.2725286,-38.5780923,-3.33670984,-6.64915151,20.2146168,False,False
NGC 6624,-212.2,256.079678,-25.1697299,8.54092611,-2.00623827,9.72917598,0.294619565,-0.29471292,1.442604,0.416721002,1.50158672,30.8658216,-52.5437171,-36.3491933,-3.38455009,-6.62529363,20.6458582,False,False
NGC 6624,-212.3,256.078233,-25.1248763,8.53821893,-1.97033594,9.75677106,0.291449629,-0.28932554,1.44620755,0.410672807,1.50338565,31.1242497,-52.8102631,-34.121472,-3.43230891,-6.6014332,21.0745776,False,False
NGC 6624,-212.4,256.078216,-25.0807266,8.53545212,-1.93422682,9.78290293,0.288253477,-0.283911138,1.44958332,0.40459313,1.50498751,31.3785133,-53.0721866,-31.8947611,-3.47999258,-6.57756825,21.5007019,False,False
NGC 6624,-212.5,256.079627,-25.0372828,8.53262589,-1.89791348,9.80757079,0.285031532,-0.278470183,1.45273141,0.398482895,1.5063921,31.6286577,-53.3295058,-29.6688931,-3.52760729,-6.55369679,21.9241564,False,False
NGC 6624,-212.6,256.082463,-24.9945472,8.52974045,-1.86139846,9.83077366,0.281784213,-0.273003147,1.45565189,0.39234304,1.50759924,31.8747265,-53.582237,-27.4437008,-3.57515921,-6.52981677,22.3448651,False,False
NGC 6624,-212.7,256.086723,-24.9525219,8.52679602,-1.82468433,9.85251041,0.278511935,-0.267510498,1.45834483,0.386174526,1.50860876,32.1167615,-53.8303947,-25.2190168,-3.62265444,-6.5059261,22.7627505,False,False
NGC 6624,-212.8,256.092404,-24.9112093,8.52379282,-1.78777362,9.87277972,0.275215109,-0.261992703,1.46081026,0.379978332,1.50942047,32.3548029,-54.0739918,-22.994674,-3.67009905,-6.48202262,23.1777336,False,False
NGC 6624,-212.9,256.099505,-24.8706117,8.52073109,-1.7506689,9.89158008,0.27189414,-0.256450227,1.46304822,0.373755458,1.51003418,32.5888892,-54.313039,-20.7705051,-3.71749904,-6.45810415,23.5897339,False,False
NGC 6624,-213,256.108026,-24.8307315,8.51761108,-1.71337272,9.90890984,0.268549432,-0.250883536,1.46505871,0.367506934,1.51044972,32.8190572,-54.5475456,-18.5463428,-3.76486038,-6.43416847,23.9986693,False,False
NGC 6624,-213.1,256.117965,-24.7915712,8.51443305,-1.67588765,9.92476716,0.265181383,-0.245293094,1.46684173,0.361233813,1.51066691,33.0453423,-54.7775189,-16.3220196,-3.81218898,-6.41021329,24.4044562,False,False
NGC 6624,-213.2,256.12932,-24.7531333,8.51119725,-1.63821624,9.93915001,0.261790388,-0.239679364,1.46839724,0.354937184,1.51068556,33.2677781,-55.0029645,-14.0973678,-3.85949073,-6.38623628,24.8070094,False,False
NGC 6624,-213.3,256.142093,-24.7154205,8.50790397,-1.60036107,9.95205622,0.258376841,-0.234042808,1.46972522,0.348618169,1.51050549,33.4863969,-55.223886,-11.8722198,-3.90677145,-6.36223508,25.2062419,False,False
NGC 6624,-213.4,256.156282,-24.6784353,8.50455348,-1.56232473,9.96348341,0.254941128,-0.22838389,1.47082559,0.342277928,1.51012652,33.7012292,-55.4402854,-9.6464074,-3.95403694,-6.33820727,25.6020653,False,False
NGC 6624,-213.5,256.171887,-24.6421806,8.50114608,-1.5241098,9.97342904,0.251483637,-0.222703072,1.47169829,0.335917665,1.50954845,33.9123043,-55.6521629,-7.41976225,-4.00129294,-6.31415038,25.9943892,False,False
NGC 6624,-213.6,256.188909,-24.6066591,8.49768208,-1.48571889,9.9818904,0.24800475,-0.217000815,1.47234322,0.329538632,1.50877111,34.11965,-55.8595167,-5.19211567,-4.04854518,-6.29006191,26.3831217,False,False
NGC 6624,-213.7,256.207347,-24.5718737,8.49416179,-1.4471546,9.98886461,0.244504847,-0.211277584,1.47276026,0.323142133,1.50779429,34.3232923,-56.0623432,-2.96329855,-4.09579933,-6.2659393,26.7681689,False,False
NGC 6624,-213.8,256.227202,-24.5378273,8.49058554,-1.40841958,9.99434858,0.240984306,-0.205533842,1.47294929,0.316729531,1.5066178,34.5232563,-56.260637,-0.733141361,-4.14306103,-6.24177994,27.1494352,False,False
NGC 6624,-213.9,256.248475,-24.5045229,8.48695366,-1.36951646,9.99833908,0.237443501,-0.199770052,1.47291017,0.310302256,1.50524146,34.7195654,-56.4543908,1.49852593,-4.19033589,-6.21758118,27.5268231,False,False
NGC 6624,-214,256.271167,-24.4719636,8.4832665,-1.3304479,10.0008327,0.233882806,-0.193986678,1.47264272,0.303861808,1.50366505,34.9122415,-56.6435954,3.73187388,-4.23762947,-6.19334033,27.9002331,False,False
NGC 6624,-214.1,256.295278,-24.4401525,8.47952442,-1.29121658,10.0018258,0.23030259,-0.188184188,1.47214678,0.29740977,1.50188838,35.1013055,-56.8282396,5.96707365,-4.28494732,-6.16905463,28.2695639,False,False
NGC 6624,-214.2,256.320811,-24.409093,8.47572779,-1.2518252,10.0013146,0.226703222,-0.182363048,1.47142213,0.290947817,1.49991124,35.2867765,-57.0083104,8.20429702,-4.33229495,-6.14472128,28.6347121,False,False
NGC 6624,-214.3,256.347766,-24.3787882,8.471877,-1.21227646,9.99929526,0.223085068,-0.176523726,1.47046857,0.284477721,1.49773342,35.4686725,-57.1837928,10.4437165,-4.37967782,-6.12033745,28.9955721,False,False
NGC 6624,-214.4,256.376145,-24.3492416,8.46797243,-1.17257312,9.99576352,0.219448494,-0.170666693,1.46928587,0.27800137,1.49535472,35.6470102,-57.3546697,12.6855053,-4.42710138,-6.09590022,29.3520364,False,False
NGC 6624,-214.5,256.40595,-24.3204567,8.4640145,-1.13271794,9.9907151,0.215793863,-0.16479242,1.46787376,0.271520778,1.49277491,35.8218049,-57.5209221,14.9298374,-4.47457106,-6.07140665,29.7039952,False,False
NGC 6624,-214.6,256.437184,-24.292437,8.46000361,-1.09271369,9.9841455,0.212121536,-0.158901382,1.46623199,0.265038101,1.48999377,35.9930705,-57.6825288,17.1768877,-4.52209223,-6.04685373,30.0513365,False,False
NGC 6624,-214.7,256.469848,-24.2651861,8.45594021,-1.05256321,9.97605005,0.208431872,-0.152994055,1.46436026,0.258555654,1.4870111,36.1608196,-57.8394665,19.4268319,-4.56967026,-6.02223841,30.3939461,False,False
NGC 6624,-214.8,256.503946,-24.2387078,8.45182474,-1.01226933,9.96642389,0.204725233,-0.147070917,1.46225827,0.252075932,1.48382665,36.3250636,-57.99171,21.6798468,-4.61731048,-5.99755759,30.7317073,False,False
NGC 6624,-214.9,256.539479,-24.2130059,8.44765764,-0.971834922,9.95526198,0.201001975,-0.14113245,1.4599257,0.245601633,1.48044021,36.4858125,-58.1392316,23.9361099,-4.66501819,-5.97280809,31.0645012,False,False
NGC 6624,-215,256.576451,-24.1880842,8.44343941,-0.9312629,9.94255909,0.197262455,-0.135179139,1.45736221,0.239135684,1.47685154,36.6430751,-58.2820016,26.1958001,-4.71279867,-5.9479867,31.3922061,False,False
NGC 6624,-215.1,256.614865,-24.1639467,8.43917051,-0.890556199,9.9283098,0.193507029,-0.129211471,1.45456743,0.232681272,1.47306041,36.7968587,-58.419988,28.4590972,-4.76065717,-5.92309013,31.7146982,False,False
NGC 6624,-215.2,256.654724,-24.1405976,8.43485144,-0.849717795,9.91250852,0.189736054,-0.123229937,1.45154099,0.226241878,1.46906658,36.9471695,-58.5531563,30.7261821,-4.80859893,-5.89811507,32.0318508,False,False
NGC 6624,-215.3,256.696032,-24.118041,8.43048273,-0.808750698,9.89514948,0.185949884,-0.117235031,1.44828248,0.219821318,1.46486981,37.0940123,-58.6814698,32.997237,-4.85662913,-5.8730581,32.3435345,False,False
NGC 6624,-215.4,256.738793,-24.0962812,8.42606489,-0.767657961,9.87622669,0.182148873,-0.111227253,1.44479151,0.213423789,1.46046986,37.2373906,-58.8048893,35.2724453,-4.90475297,-5.84791578,32.6496174,False,False
NGC 6624,-215.5,256.78301,-24.0753224,8.42159846,-0.726442673,9.85573401,0.178333375,-0.105207104,1.44106762,0.207053924,1.45586649,37.3773065,-58.9233731,37.5519917,-4.95297557,-5.8226846,32.9499645,False,False
NGC 6624,-215.6,256.828687,-24.0551693,8.41708401,-0.68510797,9.83366508,0.174503746,-0.0991750925,1.43711038,0.200716856,1.45105944,37.513761,-59.0368769,39.8360623,-5.00130208,-5.79736097,33.2444381,False,False
NGC 6624,-215.7,256.87583,-24.0358263,8.41252211,-0.643657031,9.81001337,0.170660338,-0.0931317292,1.4329193,0.194418286,1.44604847,37.6467535,-59.1453538,42.1248443,-5.04973758,-5.77194126,33.5328975,False,False
NGC 6624,-215.8,256.924441,-24.0172981,8.40791333,-0.602093081,9.78477216,0.166803505,-0.087077531,1.42849389,0.188164571,1.44083334,37.7762822,-59.2487542,44.4185268,-5.09828715,-5.74642176,33.8151987,False,False
NGC 6624,-215.9,256.974528,-23.9995895,8.4032583,-0.560419396,9.75793451,0.162933603,-0.0810130197,1.42383365,0.181962821,1.43541379,37.9023441,-59.3470258,46.7172999,-5.14695584,-5.7207987,34.0911949,False,False
NGC 6624,-216,257.026093,-23.9827053,8.39855762,-0.518639301,9.72949333,0.159050986,-0.0749387227,1.41893804,0.175821012,1.42978956,38.0249345,-59.4401132,49.0213554,-5.19574865,-5.69506823,34.3607358,False,False
NGC 6624,-216.1,257.079143,-23.9666506,8.39381194,-0.476756175,9.6994413,0.155156009,-0.0688551731,1.41380652,0.169748113,1.42396043,38.1440477,-59.5279583,51.3308867,-5.24467059,-5.66922645,34.6236678,False,False
NGC 6624,-216.2,257.133682,-23.9514303,8.38902191,-0.434773454,9.66777093,0.151249028,-0.0627629101,1.40843851,0.163754241,1.41792612,38.2596764,-59.6104997,53.6460888,-5.2937266,-5.64326937,34.8798341,False,False
NGC 6624,-216.3,257.189717,-23.9370498,8.3841882,-0.39269463,9.63447452,0.147330401,-0.0566624794,1.40283342,0.157850827,1.4116864,38.3718118,-59.6876732,55.9671581,-5.34292162,-5.61719294,35.1290741,False,False
NGC 6624,-216.4,257.247253,-23.9235144,8.37931151,-0.350523258,9.59954418,0.143400484,-0.0505544335,1.39699064,0.152050813,1.40524101,38.4804439,-59.759411,58.2942928,-5.39226055,-5.59099305,35.3712236,False,False
NGC 6624,-216.5,257.306296,-23.9108293,8.37439253,-0.308262954,9.56297181,0.139459637,-0.0444393318,1.39090955,0.146368865,1.39858972,38.5855611,-59.8256422,60.6276927,-5.44174824,-5.56466547,35.6061148,False,False
NGC 6624,-216.6,257.366852,-23.8990004,8.36943201,-0.265917401,9.52474914,0.13550822,-0.0383177413,1.38458948,0.140821614,1.39173229,38.6871505,-59.8862923,62.9675594,-5.49138954,-5.53820593,35.8335761,False,False
NGC 6624,-216.7,257.428927,-23.888033,8.36443068,-0.22349035,9.48486767,0.131546595,-0.0321902368,1.37802978,0.135427907,1.38466848,38.7851976,-59.9412832,65.314096,-5.54118923,-5.51161008,36.0534316,False,False
NGC 6624,-216.8,257.492529,-23.8779332,8.35938932,-0.180985624,9.44331871,0.127575123,-0.0260574011,1.37122975,0.130209063,1.37739806,38.8796863,-59.9905332,67.6675074,-5.59115206,-5.48487347,36.2655018,False,False
NGC 6624,-216.9,257.557664,-23.8687067,8.3543087,-0.13840712,9.40009338,0.123594171,-0.0199198258,1.36418866,0.125189131,1.36992081,38.9705991,-60.0339566,70.0280002,-5.64128274,-5.45799158,36.4696026,False,False
NGC 6624,-217,257.624339,-23.8603597,8.34918965,-0.0957588118,9.35518258,0.119604105,-0.0137781113,1.3569058,0.120395092,1.36223652,39.0579168,-60.0714639,72.3957829,-5.69158595,-5.43095981,36.6655458,False,False
NGC 6624,-217.1,257.692561,-23.8528982,8.34403298,-0.053044754,9.30857703,0.115605293,-0.0076328674,1.3493804,0.115857,1.35434497,39.1416188,-60.1029614,74.7710653,-5.74206629,-5.40377345,36.8531388,False,False
NGC 6624,-217.2,257.762338,-23.8463286,8.33883954,-0.0102690851,9.26026721,0.111598106,-0.00148471366,1.34161168,0.111607982,1.34624598,39.2216826,-60.128351,77.1540593,-5.79272834,-5.37642774,37.0321842,False,False
NGC 6624,-217.3,257.833677,-23.8406574,8.33361022,0.0325639694,9.21024343,0.107582919,0.00466572003,1.33359885,0.107684044,1.33793936,39.2980843,-60.1475303,79.5449781,-5.84357661,-5.3489178,37.2024802,False,False
NGC 6624,-217.4,257.906586,-23.835891,8.32834589,0.0754500932,9.15849579,0.103560105,0.0108177931,1.32534108,0.104123581,1.32942495,39.370798,-60.1603921,81.9440367,-5.89461554,-5.32123866,37.3638198,False,False
NGC 6624,-217.5,257.981074,-23.8320362,8.3230475,0.118384876,9.10501417,0.0995300455,0.0169708538,1.31683753,0.100966528,1.32070259,39.4397963,-60.1668246,84.3514517,-5.94584953,-5.29338528,37.5159913,False,False
NGC 6624,-217.6,258.057147,-23.8290999,8.31771596,0.161363808,9.04978826,0.0954931203,0.0231242387,1.30808733,0.0982530734,1.31177214,39.5050499,-60.1667108,86.7674411,-5.99728289,-5.26535251,37.6587776,False,False
NGC 6624,-217.7,258.134816,-23.827089,8.31235226,0.204382279,8.99280754,0.0914497144,0.029277272,1.29908961,0.0960219189,1.30263349,39.5665275,-60.1599286,89.1922242,-6.04891986,-5.23713509,37.7919565,False,False
NGC 6624,-217.8,258.214088,-23.8260106,8.30695739,0.247435571,8.93406127,0.0874002158,0.0354292653,1.28984343,0.094308168,1.29328655,39.6241961,-60.1463505,91.6260218,-6.10076459,-5.20872769,37.9153003,False,False
NGC 6624,-217.9,258.294972,-23.8258721,8.30153236,0.290518857,8.87353852,0.0833450158,0.0415795168,1.28034788,0.0931410107,1.28373126,39.6780207,-60.1258432,94.0690556,-6.15282117,-5.18012485,38.0285755,False,False
NGC 6624,-218,258.377478,-23.8266808,8.29607821,0.333627193,8.81122816,0.0792845096,0.0477273107,1.270602,0.0925415023,1.27396757,39.7279643,-60.0982677,96.5215487,-6.20509355,-5.15132104,38.1315429,False,False
NGC 6624,-218.1,258.461615,-23.8284444,8.29059602,0.376755517,8.74711883,0.0752190959,0.0538719168,1.2606048,0.0925207858,1.26399547,39.7739878,-60.0634787,98.9837248,-6.25758559,-5.12231061,38.2239573,False,False
NGC 6624,-218.2,258.547391,-23.8311706,8.28508689,0.41989864,8.68119898,0.0711491775,0.0600125896,1.25035529,0.0930790867,1.253815,39.8160499,-60.0213244,101.455808,-6.31030105,-5.09308779,38.3055674,False,False
NGC 6624,-218.3,258.634817,-23.8348673,8.27955194,0.463051247,8.61345686,0.0670751615,0.066148568,1.23985244,0.094205681,1.24342623,39.8541073,-59.9716465,103.938025,-6.36324354,-5.06364673,38.3761154,False,False
NGC 6624,-218.4,258.723903,-23.8395425,8.27399232,0.506207885,8.54388051,0.0629974598,0.072279074,1.2290952,0.095879844,1.23282925,39.8881143,-59.9142797,106.430598,-6.41641654,-5.03398147,38.435337,False,False
NGC 6624,-218.5,258.814659,-23.8452045,8.26840924,0.54936296,8.47245777,0.0589164893,0.0784033125,1.2180825,0.098072586,1.22202423,39.9180228,-59.8490513,108.933755,-6.46982339,-5.00408594,38.4829612,False,False
NGC 6624,-218.6,258.907094,-23.8518616,8.26280389,0.592510735,8.39917627,0.0548326717,0.0845204704,1.20681326,0.100748855,1.21101138,39.9437825,-59.775781,111.447718,-6.52346724,-4.97395395,38.5187101,False,False
NGC 6624,-218.7,259.00122,-23.8595225,8.25717753,0.635645316,8.32402347,0.0507464341,0.0906297157,1.19528634,0.103869851,1.19979097,39.9653404,-59.6942806,113.972713,-6.57735107,-4.94357922,38.5422983,False,False
NGC 6624,-218.8,259.097046,-23.8681958,8.25153145,0.678760654,8.24698661,0.0466582089,0.0967301966,1.18350062,0.107395155,1.18836334,39.9826409,-59.6043535,116.508961,-6.63147767,-4.91295536,38.5534334,False,False
NGC 6624,-218.9,259.194585,-23.8778904,8.24586695,0.721850533,8.16805274,0.0425684346,0.102821041,1.17145492,0.111284492,1.17672889,39.995626,-59.5057942,119.056682,-6.68584959,-4.88207588,38.5518151,False,False
NGC 6624,-219,259.293846,-23.8886155,8.24018538,0.764908565,8.08720873,0.0384775555,0.108901355,1.15914807,0.115499036,1.1648881,40.0042347,-59.3983884,121.616096,-6.74046917,-4.85093415,38.5371355,False,False
NGC 6624,-219.1,259.394841,-23.9003802,8.23448812,0.807928181,8.00444127,0.0343860224,0.114970223,1.14657886,0.120002294,1.15284155,40.0084031,-59.281912,124.187418,-6.79533846,-4.8195235,38.5090782,False,False
NGC 6624,-219.2,259.497581,-23.9131941,8.2287766,0.850902628,7.91973685,0.030294293,0.121026704,1.13374606,0.1247606,1.14058991,40.0080644,-59.1561308,126.770858,-6.85045922,-4.78783709,38.4673188,False,False
NGC 6624,-219.3,259.602077,-23.9270666,8.22305227,0.893824955,7.83308179,0.0262028316,0.127069836,1.12064842,0.12974333,1.12813396,40.0031487,-59.0208004,129.366624,-6.90583293,-4.75586805,38.4115243,False,False
NGC 6624,-219.4,259.708342,-23.9420077,8.21731662,0.936688009,7.74446226,0.0221121101,0.133098628,1.10728467,0.134922905,1.11547458,39.993583,-58.8756651,131.974916,-6.96146068,-4.72360938,38.3413528,False,False
NGC 6624,-219.5,259.816387,-23.9580273,8.21157118,0.979484424,7.65386426,0.0180226079,0.139112064,1.09365352,0.140274662,1.10261281,39.9792907,-58.720458,134.59593,-7.0173432,-4.69105399,38.2564531,False,False
NGC 6624,-219.6,259.926224,-23.9751356,8.20581753,1.02220661,7.56127362,0.0139348125,0.145109101,1.07975365,0.145776644,1.08954981,39.9601922,-58.5548998,137.229852,-7.0734808,-4.65819475,38.1564649,False,False
NGC 6624,-219.7,260.037865,-23.993343,8.20005728,1.06484676,7.46667606,0.00984921969,0.151088663,1.06558375,0.15140935,1.07628691,39.9362037,-58.3786987,139.87686,-7.1298733,-4.62502442,38.0410182,False,False
NGC 6624,-219.8,260.151322,-24.01266,8.19429209,1.10739681,7.37005712,0.00576633396,0.157049648,1.05114245,0.157155473,1.06282562,39.9072383,-58.1915498,142.537119,-7.18652004,-4.59153572,37.9097331,False,False
NGC 6624,-219.9,260.266607,-24.0330974,8.18852364,1.14984845,7.27140227,0.00168666888,0.16299092,1.0364284,0.162999647,1.04916763,39.8732047,-57.993134,145.210783,-7.24341978,-4.55772135,37.7622195,False,False
NGC 6624,-220,260.383732,-24.0546661,8.1827537,1.1921931,7.17069684,-0.00238925234,0.16891131,1.02144022,0.168928207,1.03531486,39.834008,-57.7831179,147.897993,-7.30057066,-4.52357394,37.5980769,False,False
NGC 6624,-220.1,260.502711,-24.0773772,8.17698404,1.23442193,7.06792607,-0.00646089663,0.174809613,1.00617652,0.174928968,1.02126947,39.7895488,-57.5611528,150.59887,-7.35797014,-4.48908613,37.4168941,False,False
NGC 6624,-220.2,260.623555,-24.1012422,8.1712165,1.2765258,6.96307515,-0.0105277205,0.180684588,0.990635892,0.180991031,1.00703387,39.7397235,-57.3268739,153.313516,-7.41561491,-4.45425058,37.2182488,False,False
NGC 6624,-220.3,260.746277,-24.1262724,8.16545296,1.31849529,6.85612917,-0.0145891698,0.186534958,0.974816927,0.187104608,0.992610788,39.6844241,-57.0798999,156.042013,-7.47350082,-4.41905997,37.0017078,False,False
NGC 6624,-220.4,260.87089,-24.1524796,8.15969537,1.36032065,6.74707324,-0.0186446787,0.192359403,0.958718205,0.193260871,0.978003252,39.6235377,-56.8198319,158.784416,-7.5316228,-4.38350707,36.7668262,False,False
NGC 6624,-220.5,260.997405,-24.1798757,8.1539457,1.40199181,6.63589243,-0.0226936701,0.198156564,0.942338302,0.199451815,0.96321467,39.5569466,-56.5462527,161.540748,-7.58997474,-4.34758474,36.5131474,False,False
NGC 6624,-220.6,261.125835,-24.2084726,8.14820599,1.44349837,6.52257182,-0.0267355542,0.203925036,0.925675793,0.205670149,0.948248851,39.4845282,-56.2587261,164.311002,-7.6485494,-4.31128599,36.2402032,False,False
NGC 6624,-220.7,261.256193,-24.2382828,8.14247833,1.48482958,6.40709659,-0.0307697285,0.20966337,0.908729256,0.21190919,0.93311005,39.4061546,-55.9567961,167.095132,-7.70733826,-4.27460403,35.9475131,False,False
NGC 6624,-220.8,261.388491,-24.2693185,8.13676487,1.52597429,6.28945195,-0.0347955774,0.215370068,0.891497277,0.21816278,0.917803026,39.3216924,-55.6399858,169.893046,-7.7663314,-4.23753234,35.6345845,False,False
NGC 6624,-220.9,261.52274,-24.3015923,8.13106781,1.566921,6.1696233,-0.0388124709,0.221043584,0.873978454,0.224425208,0.902333093,39.2310029,-55.3077967,172.704604,-7.82551732,-4.20006469,35.3009125,False,False
NGC 6624,-221,261.658952,-24.3351169,8.12538942,1.60765777,6.04759616,-0.0428197649,0.226682317,0.856171399,0.230691147,0.886706192,39.1339414,-54.9597082,175.529607,-7.88488279,-4.16219529,34.9459798,False,False
NGC 6624,-221.1,261.79714,-24.3699051,8.119732,1.64817228,5.92335631,-0.0468168001,0.232284616,0.838074752,0.236955598,0.870928955,39.0303574,-54.595176,178.367792,-7.94441264,-4.1239188,34.569257,False,False
NGC 6624,-221.2,261.937313,-24.4059699,8.11409794,1.68845174,5.79688981,-0.0508029015,0.237848768,0.819687179,0.243213838,0.855008797,38.9200945,-54.2136325,181.218822,-8.00408952,-4.08523053,34.1702021,False,False
NGC 6624,-221.3,262.079484,-24.4433243,8.10848969,1.72848291,5.66818307,-0.0547773777,0.243373004,0.801007389,0.24946138,0.838954002,38.8029898,-53.8144849,184.082275,-8.06389366,-4.04612648,33.7482616,False,False
NGC 6624,-221.4,262.223662,-24.4819814,8.10290976,1.76825207,5.53722292,-0.0587395205,0.248855492,0.782034137,0.255693933,0.822773832,38.6788745,-53.3971155,186.957632,-8.12380261,-4.00660356,33.3028698,False,False
NGC 6624,-221.5,262.369857,-24.5219542,8.0973607,1.80774502,5.40399671,-0.0626886039,0.254294337,0.762766236,0.26190737,0.806478643,38.5475731,-52.9608809,189.844264,-8.18379085,-3.96665968,32.8334503,False,False
NGC 6624,-221.6,262.518078,-24.5632561,8.09184518,1.84694702,5.26849239,-0.0666238837,0.259687574,0.743202571,0.268097702,0.79008002,38.408904,-52.5051114,192.741417,-8.2438295,-3.92629403,32.3394159,False,False
NGC 6624,-221.7,262.668334,-24.6059,8.08636588,1.88584281,5.13069863,-0.0705445969,0.26503317,0.723342109,0.274261046,0.773590931,38.2626792,-52.0291113,195.648193,-8.30388587,-3.88550726,31.8201696,False,False
NGC 6624,-221.8,262.820632,-24.649899,8.0809256,1.92441656,4.99060495,-0.074449961,0.27032902,0.703183921,0.280393609,0.757025893,38.1087043,-51.532159,198.563532,-8.36392299,-3.84430178,31.2751063,False,False
NGC 6624,-221.9,262.974978,-24.6952661,8.07552717,1.96265188,4.84820183,-0.078339173,0.275572944,0.682727192,0.286491664,0.740401169,37.9467793,-51.0135073,201.486186,-8.42389909,-3.80268205,30.7036134,False,False
NGC 6624,-222,263.131378,-24.7420138,8.07017352,2.00053177,4.70348089,-0.0822114095,0.280762681,0.661971246,0.292551532,0.723734986,37.7766981,-50.4723845,204.414695,-8.483767,-3.76065497,30.1050735,False,False
NGC 6624,-222.1,263.289836,-24.7901547,8.06486762,2.03803861,4.55643507,-0.0860658255,0.285895895,0.640915571,0.298569571,0.707047776,37.5982496,-49.907996,207.347357,-8.54347348,-3.71823029,29.4788661,False,False
NGC 6624,-222.2,263.450354,-24.8397007,8.05961256,2.07515418,4.40705882,-0.0899015544,0.290970163,0.619559839,0.304542157,0.690362455,37.4112181,-49.319526,210.28219,-8.6029584,-3.67542113,28.8243707,False,False
NGC 6624,-222.3,263.612933,-24.8906634,8.05441145,2.11185957,4.25534837,-0.093717707,0.295982981,0.597903944,0.310465673,0.673704728,37.2153843,-48.7061412,213.216895,-8.66215392,-3.63224456,28.1409705,False,False
NGC 6624,-222.4,263.777571,-24.9430539,8.04926751,2.14813524,4.10130193,-0.097513372,0.300931758,0.575948032,0.316336499,0.657103428,37.0105265,-48.0669944,216.14881,-8.72098344,-3.58872225,27.4280567,False,False
NGC 6624,-222.5,263.944264,-24.9968824,8.04418401,2.18396096,3.94492006,-0.101287615,0.305813814,0.55369254,0.322151005,0.640590898,36.7964221,-47.4012297,219.074859,-8.7793605,-3.54488131,26.6850338,False,False
NGC 6624,-222.6,264.113006,-25.0521582,8.03916431,2.21931586,3.78620597,-0.105039479,0.310626384,0.531138247,0.327905539,0.624203396,36.5728493,-46.7079898,221.991489,-8.83718747,-3.50075517,25.9113263,False,False
NGC 6624,-222.7,264.283788,-25.1088896,8.03421182,2.25417836,3.62516592,-0.108767984,0.315366614,0.508286321,0.333596426,0.607981545,36.3395903,-45.9864239,224.894604,-8.89435409,-3.45638465,25.1063866,False,False
NGC 6624,-222.8,264.456597,-25.1670835,8.02933001,2.28852623,3.46180968,-0.11247213,0.320031565,0.485138378,0.339219962,0.5919708,36.0964338,-45.2356993,227.77949,-8.95073585,-3.41181921,24.2697046,False,False
NGC 6624,-222.9,264.631416,-25.2267453,8.02452243,2.3223366,3.29615101,-0.116150892,0.324618213,0.461696555,0.344772409,0.576221939,35.8431791,-44.455014,230.640721,-9.00619207,-3.36711833,23.4008198,False,False
NGC 6624,-223,264.808224,-25.2878783,8.01979268,2.35558597,3.12820827,-0.11980323,0.329123454,0.437963582,0.35025,0.560791549,35.5796411,-43.6436132,233.472065,-9.06056386,-3.32235318,22.4993348,False,False
NGC 6624,-223.1,264.986994,-25.3504839,8.01514439,2.38825027,2.95800506,-0.123428083,0.333544113,0.413942872,0.355648938,0.545742493,35.305656,-42.8008091,236.266366,-9.11367174,-3.27760844,21.5649326,False,False
NGC 6624,-223.2,265.167694,-25.4145604,8.01058126,2.42030492,2.78557095,-0.127024374,0.337876945,0.389638625,0.360965402,0.531144312,35.0210884,-41.9260041,239.015424,-9.16531309,-3.2329844,20.5973969,False,False
NGC 6624,-223.3,265.350285,-25.4801035,8.00610699,2.45172488,2.61094236,-0.130591017,0.342118652,0.365055937,0.366195557,0.517073518,34.7258397,-41.0187181,241.709854,-9.21525929,-3.18859929,19.5966357,False,False
NGC 6624,-223.4,265.534722,-25.5471047,8.00172531,2.48248478,2.43416347,-0.134126916,0.346265895,0.34020093,0.371335562,0.503613713,34.4198582,-40.0786208,244.338936,-9.26325266,-3.14459182,18.5627097,False,False
NGC 6624,-223.5,265.72095,-25.6155515,7.99743994,2.51255903,2.2552873,-0.137630973,0.350315307,0.315080899,0.376381587,0.490855449,34.1031503,-39.1055671,246.89046,-9.3090033,-3.10112393,17.4958657,False,False
NGC 6624,-223.6,265.908904,-25.6854264,7.99325456,2.54192197,2.07437691,-0.141102094,0.354263521,0.289704469,0.381329836,0.478895733,33.7757933,-38.0996369,249.350565,-9.35218594,-3.0583835,16.3965741,False,False
NGC 6624,-223.7,266.098509,-25.7567061,7.98917284,2.57054808,1.89150665,-0.144539198,0.35810719,0.264081775,0.386176565,0.46783707,33.4379493,-37.0611778,251.703595,-9.39243698,-3.01658704,15.2655732,False,False
NGC 6624,-223.8,266.28968,-25.8293608,7.98519833,2.59841216,1.7067636,-0.147941225,0.361843018,0.23822465,0.390918119,0.457785932,33.0898798,-35.9908486,253.931981,-9.42935248,-2.97598182,14.1039173,False,False
NGC 6624,-223.9,266.482316,-25.9033532,7.98133449,2.6254896,1.52024897,-0.151307147,0.365467794,0.212146823,0.395550959,0.448850571,32.7319603,-34.8896615,256.016196,-9.46248735,-2.93684709,12.9130292,False,False
NGC 6624,-224,266.676302,-25.9786374,7.97758461,2.65175669,1.33207958,-0.154635981,0.36897843,0.185864118,0.400071704,0.441138117,32.3646927,-33.7590192,257.934816,-9.4913573,-2.89949355,11.6947561,False,False
NGC 6624,-224.1,266.871507,-26.0551588,7.97395178,2.67719087,1.1423892,-0.157926803,0.372372003,0.159394638,0.404477173,0.434751003,31.9887161,-32.6007442,259.664774,-9.51544476,-2.86426017,10.451422,False,False
NGC 6624,-224.2,267.067783,-26.1328525,7.97043884,2.70177108,0.95132958,-0.16117876,0.3756458,0.13275891,0.40876443,0.429782838,31.6048121,-31.4170925,261.181871,-9.53421072,-2.83150697,9.18587527,False,False
NGC 6624,-224.3,267.264967,-26.2116432,7.96704831,2.72547811,0.759070997,-0.164391089,0.378797358,0.105979954,0.412930827,0.426313991,31.2139036,-30.2107502,262.461652,-9.54711459,-2.8016028,7.90151892,False,False
NGC 6624,-224.4,267.462876,-26.2914455,7.96378234,2.74829489,0.565802003,-0.167563125,0.381824511,0.0790832568,0.41697405,0.424407257,30.8170465,-28.9848063,263.48068,-9.55364305,-2.77490716,6.60231468,False,False
NGC 6624,-224.5,267.661312,-26.3721641,7.96064266,2.77020678,0.371728067,-0.17069432,0.384725429,0.0520965772,0.420892156,0.424104067,30.415411,-27.7427018,264.21819,-9.55334739,-2.75174666,5.29274729,False,False
NGC 6624,-224.6,267.860064,-26.453695,7.95763052,2.79120185,0.177068901,-0.173784247,0.387498647,0.025049583,0.424683607,0.425421729,30.0102548,-26.4881529,264.657952,-9.54588553,-2.73238862,3.97773858,False,False
NGC 6624,-224.7,268.058912,-26.5359279,7.95474665,2.81127101,-0.0179455905,-0.176832615,0.390143089,-0.00202670604,0.428347293,0.428352088,29.6028877,-25.2250541,264.790013,-9.53106131,-2.71701611,2.66250826,False,False
NGC 6624,-224.8,268.257631,-26.6187486,7.95199123,2.83040813,-0.213080475,-0.179839264,0.392658084,-0.0291006284,0.431882544,0.432861847,29.1946319,-23.9573674,264.611925,-9.50885191,-2.70571019,1.35239057,False,False
NGC 6624,-224.9,268.455997,-26.7020417,7.94936392,2.84861004,-0.4081016,-0.18280417,0.395043364,-0.0561406761,0.435289127,0.43889452,28.7867802,-22.6890087,264.129104,-9.47941574,-2.69844408,0.0526293339,False,False
NGC 6624,-225,268.653793,-26.785694,7.94686382,2.86587651,-0.602781293,-0.185727437,0.397299055,-0.0831162749,0.438567235,0.446373762,28.3805571,-21.4237394,263.354223,-9.44307783,-2.69509054,-1.23181826,False,False
NGC 6624,-225.1,268.850812,-26.8695967,7.94448958,2.88221001,-0.796903315,-0.188609292,0.399425654,-0.109998459,0.441717464,0.455207622,27.9770873,-20.1650761,262.305792,-9.40029696,-2.6954404,-2.49644081,False,False
NGC 6624,-225.2,269.046864,-26.9536477,7.94223938,2.89761561,-0.990266589,-0.191450067,0.401424003,-0.136760379,0.444740777,0.465293198,27.5773716,-18.9162209,261.00631,-9.35162271,-2.69922702,-3.73727802,False,False
NGC 6624,-225.3,269.241773,-27.0377525,7.94011103,2.91210064,-1.18268751,-0.194250192,0.403295255,-0.163377605,0.44763847,0.476521187,27.1822735,-17.6800173,259.480386,-9.29765193,-2.70615119,-4.95096928,False,False
NGC 6624,-225.4,269.435383,-27.1218251,7.93810203,2.92567448,-1.37400096,-0.197010178,0.405040833,-0.189828266,0.450412129,0.488779968,26.7925148,-16.4589288,257.753131,-9.23899144,-2.71590263,-6.13475432,False,False
NGC 6624,-225.5,269.627556,-27.2057879,7.93620961,2.93834822,-1.56406027,-0.1997306,0.406662391,-0.216093028,0.453063586,0.501958973,26.408678,-15.2550376,255.848962,-9.17623015,-2.72817591,-7.28643988,False,False
NGC 6624,-225.6,269.818171,-27.2895716,7.9344308,2.95013443,-1.75273648,-0.20241209,0.40816178,-0.242154988,0.455594878,0.515951288,26.031215,-14.0700583,253.790822,-9.10992098,-2.74268109,-8.40434626,False,False
NGC 6624,-225.7,270.007122,-27.3731147,7.93276247,2.96104687,-1.93991706,-0.205055317,0.409541007,-0.267999491,0.458008209,0.530655488,25.6604587,-12.9053624,251.599752,-9.04057085,-2.75914958,-9.48724503,False,False
NGC 6624,-225.8,270.194317,-27.4563626,7.93120137,2.97110024,-2.12550451,-0.207660979,0.410802203,-0.293613931,0.460305911,0.545976806,25.2966365,-11.762009,249.294718,-8.96863666,-2.77733685,-10.5342954,True,True
NGC 6624,-225.9,270.37968,-27.5392671,7.92974418,2.98030995,-2.3094148,-0.210229794,0.411947592,-0.318987532,0.462490415,0.561827758,24.939885,-10.640779,246.892605,-8.89452528,-2.79702276,-11.5449842,True,True
NGC 6624,-226,270.563143,-27.6217862,7.92838754,2.98869197,-2.49157593,-0.212762487,0.412979466,-0.344111146,0.464564221,0.578128356,24.5902638,-9.54220977,244.40832,-8.81859591,-2.81801069,-12.5190707,True,True
NGC 6624,-226.1,270.74465,-27.7038825,7.92712805,2.99626261,-2.67192648,-0.215259789,0.413900162,-0.368977051,0.466529872,0.594806007,24.2477682,-8.46662874,241.854941,-8.74116375,-2.84012587,-13.4565388,True,True
NGC 6624,-226.2,270.924154,-27.7855235,7.92596232,3.00303839,-2.85041438,-0.217722426,0.41471204,-0.39357878,0.468389934,0.611795216,23.9123413,-7.41418524,239.243891,-8.66250417,-2.86321346,-14.3575556,True,True
NGC 6624,-226.3,271.101614,-27.8666807,7.92488699,3.00903592,-3.02699573,-0.220151115,0.415417467,-0.417910954,0.470146982,0.629037161,23.5838844,-6.38487918,236.585122,-8.58285702,-2.88713655,-15.2224351,True,True
NGC 6624,-226.4,271.276999,-27.9473293,7.92389871,3.0142718,-3.20163376,-0.222546564,0.416018803,-0.441969145,0.47180358,0.64647919,23.2622657,-5.37858693,233.88728,-8.5024307,-2.9117742,-16.0516092,True,True
NGC 6624,-226.5,271.450281,-28.0274475,7.92299416,3.01876254,-3.37429796,-0.224909463,0.416518393,-0.465749752,0.47336227,0.664074295,22.9473281,-4.39508403,231.157866,-8.42140603,-2.93701965,-16.8456017,True,True
NGC 6624,-226.6,271.621438,-28.1070164,7.92217011,3.02252445,-3.54496324,-0.227240488,0.416918551,-0.489249884,0.474825565,0.681780585,22.6388959,-3.43406498,228.40338,-8.33993966,-2.96277862,-17.6050081,True,True
NGC 6624,-226.7,271.790452,-28.1860198,7.92142333,3.02557365,-3.71360927,-0.229540294,0.417221559,-0.512467273,0.476195942,0.699560777,22.3367797,-2.49516016,225.629448,-8.25816716,-2.98896792,-18.3304783,True,True
NGC 6624,-226.8,271.957311,-28.2644433,7.92075071,3.02792597,-3.88021983,-0.231809516,0.417429657,-0.535400184,0.477475832,0.717381716,22.0407811,-1.57795034,222.840936,-8.17620577,-3.01551408,-19.0227017,True,True
NGC 6624,-226.9,272.122003,-28.3422749,7.92014915,3.02959695,-4.04478233,-0.23404877,0.417545041,-0.558047347,0.478667617,0.735213934,21.7506962,-0.681978865,220.042045,-8.09415679,-3.04235218,-19.6823965,True,True
NGC 6624,-227,272.284521,-28.419504,7.91961565,3.0306018,-4.20728728,-0.236258651,0.417569858,-0.58040789,0.47977363,0.753031244,21.4663185,0.193238107,217.236405,-8.01210762,-3.06942492,-20.3102995,True,True
NGC 6624,-227.1,272.444859,-28.4961218,7.91914728,3.03095537,-4.36772792,-0.238439731,0.417506206,-0.602481286,0.480796149,0.770810377,21.187441,1.04820311,214.427141,-7.93013364,-3.09668162,-20.9071587,True,True
NGC 6624,-227.2,272.603016,-28.5721207,7.91874115,3.03067218,-4.52609989,-0.240592562,0.417356129,-0.624267307,0.481737396,0.788530653,20.9138585,1.88343037,211.616948,-7.84829974,-3.12407754,-21.4737269,True,True
NGC 6624,-227.3,272.758989,-28.6474944,7.91839446,3.02976636,-4.68240084,-0.242717676,0.417121619,-0.64576598,0.482599539,0.806173688,20.6453683,2.69944,208.808139,-7.76666173,-3.1515731,-22.010757,True,True
NGC 6624,-227.4,272.91278,-28.7222378,7.91810449,3.02825168,-4.83663026,-0.244815583,0.416804616,-0.666977548,0.483384689,0.823723137,20.381772,3.4967533,206.002701,-7.68526751,-3.17913336,-22.5189975,True,True
NGC 6624,-227.5,273.06439,-28.7963464,7.91786858,3.02614154,-4.98878916,-0.246886773,0.416407005,-0.687902446,0.4840949,0.841164459,20.1228758,4.27588907,203.202332,-7.60415806,-3.20672745,-22.9991898,True,True
NGC 6624,-227.6,273.213822,-28.8698169,7.91768412,3.02344898,-5.1388799,-0.248931719,0.415930618,-0.70854127,0.484732173,0.858484717,19.8684913,5.03736055,200.408484,-7.52336842,-3.23432812,-23.4520656,True,True
NGC 6624,-227.7,273.361079,-28.9426468,7.91754858,3.02018667,-5.28690603,-0.25095087,0.415377236,-0.72889475,0.485298452,0.875672395,19.6184358,5.781673,197.622389,-7.44292837,-3.26191135,-23.8783451,True,True
NGC 6624,-227.8,273.506168,-29.0148339,7.91745953,3.01636692,-5.43287207,-0.252944663,0.414748588,-0.748963734,0.48579563,0.892717239,19.3725325,6.50932195,194.845093,-7.36286316,-3.28945597,-24.278735,True,True
NGC 6624,-227.9,273.649093,-29.086377,7.91741454,3.0120017,-5.57678344,-0.254913511,0.414046355,-0.768749169,0.486225546,0.909610118,19.1306108,7.22079169,192.077473,-7.28319407,-3.31694335,-24.6539284,True,True
NGC 6624,-228,273.789861,-29.1572753,7.91741131,3.00710262,-5.7186463,-0.256857814,0.413272165,-0.788252083,0.486589991,0.926342899,18.8925064,7.91655435,189.320267,-7.2039389,-3.34435714,-25.0046031,True,True
NGC 6624,-228.1,273.928477,-29.2275283,7.91744755,3.00168097,-5.85846742,-0.258777955,0.412427603,-0.807473573,0.486890704,0.942908335,18.6580611,8.59706903,186.574082,-7.12511246,-3.37168304,-25.3314219,True,True
NGC 6624,-228.2,274.06495,-29.2971362,7.91752107,2.99574772,-5.99625413,-0.260674299,0.411514204,-0.826414792,0.487129378,0.959299974,18.4271227,9.26278142,183.839418,-7.04672686,-3.39890852,-25.6350314,True,True
NGC 6624,-228.3,274.199287,-29.3660994,7.91762971,2.98931351,-6.13201424,-0.262547198,0.410533461,-0.845076941,0.487307658,0.975512066,18.199545,9.91412341,181.11668,-6.96879195,-3.42602272,-25.9160629,True,True
NGC 6624,-228.4,274.331495,-29.4344187,7.9177714,2.98238869,-6.26575591,-0.264396988,0.409486821,-0.863461256,0.487427147,0.991539493,17.9751878,10.551513,178.406187,-6.89131553,-3.45301621,-26.1751316,True,True
NGC 6624,-228.5,274.461582,-29.5020952,7.9179441,2.9749833,-6.39748765,-0.266223992,0.408375691,-0.881569003,0.487489404,1.0073777,17.7539164,11.1753544,175.708187,-6.81430364,-3.47988086,-26.4128369,True,True
NGC 6624,-228.6,274.589557,-29.5691302,7.91814583,2.96710712,-6.52721821,-0.268028518,0.407201436,-0.899401468,0.487495944,1.02302263,17.5356016,11.7860378,173.022861,-6.73776074,-3.50660974,-26.6297627,True,True
NGC 6624,-228.7,274.715428,-29.6355253,7.91837468,2.95876963,-6.65495656,-0.269810863,0.405965382,-0.916959956,0.487448246,1.03847068,17.3201195,12.3839399,170.350336,-6.66168997,-3.53319695,-26.8264777,True,True
NGC 6624,-228.8,274.839202,-29.7012822,7.91862878,2.94998005,-6.78071185,-0.27157131,0.404668818,-0.93424578,0.487347749,1.05371866,17.1073512,12.969424,167.69069,-6.58609326,-3.55963755,-27.0035353,True,True
NGC 6624,-228.9,274.960889,-29.7664029,7.91890631,2.94074734,-6.90449336,-0.273310131,0.403312995,-0.951260258,0.487195854,1.06876372,16.8971828,13.5428404,165.043959,-6.51097149,-3.58592747,-27.1614744,True,True
NGC 6624,-229,275.080497,-29.8308893,7.9192055,2.93108024,-7.02631043,-0.275027586,0.401899132,-0.968004713,0.486993927,1.08360335,16.689505,14.1045265,162.41014,-6.43632465,-3.61206338,-27.3008196,True,True
NGC 6624,-229.1,275.198034,-29.8947438,7.91952464,2.92098722,-7.14617251,-0.276723924,0.40042841,-0.984480463,0.486743302,1.09823532,16.4842129,14.6548073,159.789198,-6.36215192,-3.63804269,-27.4220814,True,True
NGC 6624,-229.2,275.313509,-29.9579687,7.91986206,2.91047653,-7.26408904,-0.278399385,0.39890198,-1.00068882,0.486445277,1.11265769,16.281206,15.1939959,157.181071,-6.28845176,-3.66386339,-27.5257566,True,True
NGC 6624,-229.3,275.42693,-30.0205663,7.92021613,2.89955621,-7.3800695,-0.280054196,0.397320961,-1.0166311,0.48610112,1.12686871,16.0803878,15.7223936,154.585671,-6.21522204,-3.68952409,-27.6123293,True,True
NGC 6624,-229.4,275.538306,-30.082539,7.92058527,2.88823407,-7.49412336,-0.281688578,0.395686442,-1.03230858,0.48571207,1.14086687,15.8816655,16.2402905,152.002889,-6.14246009,-3.71502388,-27.6822702,True,True
NGC 6624,-229.5,275.647644,-30.1438895,7.92096795,2.87651774,-7.60626004,-0.283302739,0.393999481,-1.04772256,0.485279335,1.15465086,15.6849503,16.7479657,149.432597,-6.07016278,-3.74036234,-27.7360382,True,True
NGC 6624,-229.6,275.754953,-30.2046204,7.92136267,2.86441462,-7.71648892,-0.284896881,0.392261111,-1.06287431,0.484804097,1.1682195,15.4901567,17.2456882,146.874651,-5.99832654,-3.76553945,-27.7740799,True,True
NGC 6624,-229.7,275.860241,-30.2647341,7.92176799,2.85193196,-7.82481933,-0.286471196,0.390472336,-1.07776508,0.48428751,1.18157181,15.2972025,17.7337164,144.328895,-5.9269475,-3.7905556,-27.7968305,True,True
NGC 6624,-229.8,275.963516,-30.3242334,7.92218249,2.83907679,-7.93126051,-0.288025868,0.388634136,-1.0923961,0.483730702,1.19470692,15.1060088,18.2122994,141.795159,-5.85602142,-3.81541152,-27.8047139,True,True
NGC 6624,-229.9,276.064786,-30.3831209,7.9226048,2.82585599,-8.03582161,-0.289561074,0.386747462,-1.10676861,0.483134779,1.2076241,14.9164998,18.6816766,139.273264,-5.78554384,-3.84010824,-27.7981434,True,True
NGC 6624,-230,276.164059,-30.4413993,7.92303359,2.81227627,-8.13851169,-0.29107698,0.384813246,-1.12088379,0.482500822,1.22032271,14.7286023,19.1420788,136.76302,-5.71551005,-3.86464709,-27.7775216,True,True
NGC 6624,-230.1,276.261342,-30.4990712,7.92346756,2.79834416,-8.23933971,-0.29257375,0.382832393,-1.13474284,0.481829888,1.23280223,14.542246,19.5937278,134.264234,-5.64591514,-3.88902968,-27.7432413,True,True
NGC 6624,-230.2,276.356643,-30.5561392,7.92390546,2.78406606,-8.3383145,-0.294051537,0.380805788,-1.14834691,0.481123014,1.24506224,14.3573632,20.0368374,131.776703,-5.57675404,-3.91325783,-27.6956856,True,True
NGC 6624,-230.3,276.449969,-30.612606,7.92434605,2.76944819,-8.43544477,-0.295510488,0.378734294,-1.16169714,0.480381217,1.25710237,14.1738885,20.4716132,129.30022,-5.50802151,-3.93733359,-27.6352282,True,True
NGC 6624,-230.4,276.541328,-30.6684741,7.92478815,2.75449665,-8.5307391,-0.296950745,0.376618752,-1.17479466,0.479605493,1.26892235,13.9917592,20.8982532,126.834574,-5.43971222,-3.9612592,-27.5622338,True,True
NGC 6624,-230.5,276.630725,-30.7237461,7.92523062,2.73921739,-8.62420595,-0.298372441,0.374459985,-1.18764056,0.478796819,1.28052196,13.8109143,21.3169482,124.379552,-5.37182071,-3.98503708,-27.4770585,True,True
NGC 6624,-230.6,276.71817,-30.7784245,7.92567231,2.72361623,-8.71585361,-0.299775704,0.372258796,-1.20023591,0.477956153,1.29190105,13.6312952,21.7278818,121.934935,-5.30434146,-4.00866982,-27.38005,True,True
NGC 6624,-230.7,276.803667,-30.8325119,7.92611215,2.70769886,-8.80569024,-0.301160659,0.37001597,-1.21258177,0.477084437,1.30305952,13.4528454,22.1312309,119.500505,-5.23726884,-4.03216016,-27.2715479,True,True
NGC 6624,-230.8,276.887225,-30.8860106,7.92654908,2.69147084,-8.89372388,-0.30252742,0.367732273,-1.22467917,0.476182596,1.31399731,13.27551,22.5271657,117.07604,-5.17059721,-4.05551096,-27.1518842,True,True
NGC 6624,-230.9,276.968848,-30.938923,7.92698207,2.67493762,-8.97996236,-0.3038761,0.365408456,-1.23652912,0.475251537,1.32471442,13.0992361,22.9158505,114.66132,-5.10432084,-4.07872522,-27.0213832,True,True
NGC 6624,-231,277.048545,-30.9912515,7.92741013,2.65810453,-9.06441342,-0.305206804,0.363045251,-1.2481326,0.474292154,1.33521086,12.9239725,23.2974433,112.256121,-5.038434,-4.10180605,-26.8803623,True,True
NGC 6624,-231.1,277.12632,-31.0429982,7.92783228,2.6409768,-9.14708458,-0.306519633,0.360643377,-1.25949058,0.473305325,1.3454867,12.7496695,23.6720964,109.860221,-4.97293093,-4.12475665,-26.7291319,True,True
NGC 6624,-231.2,277.20218,-31.0941655,7.9282476,2.62355952,-9.22798325,-0.307814684,0.358203534,-1.27060399,0.472291914,1.35554201,12.576279,24.0399566,107.473397,-4.90780582,-4.14758034,-26.5679957,True,True
NGC 6624,-231.3,277.276131,-31.1447554,7.92865517,2.60585773,-9.30711665,-0.309092046,0.355726412,-1.28147375,0.47125277,1.36537693,12.4037544,24.4011655,105.095426,-4.84305289,-4.17028049,-26.397251,True,True
NGC 6624,-231.4,277.348178,-31.19477,7.92905411,2.58787632,-9.38449186,-0.310351806,0.353212683,-1.29210076,0.470188731,1.37499157,12.2320503,24.7558592,102.726086,-4.77866634,-4.19286058,-26.2171889,True,True
NGC 6624,-231.5,277.418327,-31.2442114,7.92944356,2.56962012,-9.46011576,-0.311594046,0.350663006,-1.30248588,0.469100621,1.3843861,12.0611229,25.1041693,100.365156,-4.71464037,-4.21532415,-26.0280948,True,True
NGC 6624,-231.6,277.486584,-31.2930813,7.92982271,2.55109386,-9.53399511,-0.312818842,0.348078028,-1.31262997,0.467989254,1.39356068,11.8909294,25.4462223,98.0124159,-4.6509692,-4.2376748,-25.8302482,True,True
NGC 6624,-231.7,277.552953,-31.3413817,7.93019074,2.53230216,-9.60613647,-0.314026269,0.345458383,-1.32253385,0.466855429,1.40251552,11.7214283,25.7821404,95.6676461,-4.58764705,-4.25991619,-25.6239232,True,True
NGC 6624,-231.8,277.61744,-31.3891144,7.93054689,2.51324959,-9.67654625,-0.315216394,0.342804692,-1.33219833,0.465699937,1.4112508,11.552579,26.1120414,93.3306286,-4.52466816,-4.28205206,-25.4093885,True,True
NGC 6624,-231.9,277.680049,-31.436281,7.9308904,2.49394061,-9.74523068,-0.316389282,0.340117564,-1.34162418,0.464523557,1.41976673,11.3843423,26.4360386,91.0011463,-4.46202678,-4.30408616,-25.1869082,True,True
NGC 6624,-232,277.740786,-31.4828831,7.93122054,2.47437961,-9.81219583,-0.317544995,0.337397598,-1.35081217,0.463327058,1.42806355,11.2166798,26.7542416,88.6789837,-4.3997172,-4.32602231,-24.9567409,True,True
NGC 6624,-232.1,277.799655,-31.5289222,7.93153662,2.45457091,-9.8774476,-0.318683588,0.33464538,-1.35976304,0.462111198,1.43614146,11.0495539,27.0667558,86.3639268,-4.33773371,-4.34786438,-24.7191411,True,True
NGC 6624,-232.2,277.85666,-31.5743998,7.93183796,2.43451876,-9.94099172,-0.319805114,0.331861488,-1.3684775,0.460876728,1.4440007,10.8829281,27.3736828,84.0557629,-4.27607066,-4.36961625,-24.4743585,True,True
NGC 6624,-232.3,277.911806,-31.6193172,7.9321239,2.41422733,-10.0028337,-0.320909624,0.329046487,-1.37695624,0.459624388,1.4516415,10.7167667,27.6751209,81.7542809,-4.2147224,-4.39128188,-24.2226386,True,True
NGC 6624,-232.4,277.965096,-31.6636757,7.93239382,2.39370072,-10.0629791,-0.321997162,0.326200935,-1.38519994,0.458354909,1.45906411,10.5510348,27.9711644,79.4592712,-4.15368331,-4.41286521,-23.9642229,True,True
NGC 6624,-232.5,278.016536,-31.7074763,7.93264709,2.37294296,-10.1214329,-0.323067772,0.323325378,-1.39320924,0.457069016,1.46626876,10.3856981,28.2619045,77.1705257,-4.09294783,-4.43437026,-23.6993487,True,True
NGC 6624,-232.6,278.066129,-31.7507202,7.93288315,2.35195805,-10.1782004,-0.324121491,0.320420354,-1.40098479,0.455767423,1.47325569,10.2207233,28.5474291,74.8878381,-4.03251039,-4.45580105,-23.4282498,True,True
NGC 6624,-232.7,278.113877,-31.7934083,7.93310142,2.33074988,-10.2332863,-0.325158355,0.317486393,-1.40852718,0.454450839,1.48002513,10.0560774,28.8278228,72.6110034,-3.97236549,-4.47716163,-23.1511563,True,True
NGC 6624,-232.8,278.159786,-31.8355415,7.93330136,2.30932233,-10.2866954,-0.326178395,0.314524013,-1.41583701,0.453119963,1.48657733,9.89172829,29.1031672,70.3398184,-3.91250765,-4.49845609,-22.8682946,True,True
NGC 6624,-232.9,278.203859,-31.8771206,7.93348245,2.28767919,-10.3384322,-0.327181642,0.311533729,-1.42291485,0.451775488,1.49291251,9.72764436,29.373541,68.0740811,-3.85293141,-4.51968852,-22.5798882,True,True
NGC 6624,-233,278.246097,-31.9181463,7.9336442,2.26582421,-10.3885012,-0.328168119,0.308516045,-1.42976123,0.4504181,1.4990309,9.56379454,29.6390199,65.8135915,-3.79363138,-4.54086306,-22.2861571,True,True
NGC 6624,-233.1,278.286506,-31.958619,7.93378611,2.24376109,-10.4369064,-0.329137851,0.305471457,-1.43637669,0.449048478,1.50493273,9.40014827,29.8996769,63.5581508,-3.73460216,-4.56198385,-21.9873185,True,True
NGC 6624,-233.2,278.325088,-31.9985393,7.93390774,2.22149347,-10.4836521,-0.330090854,0.302400454,-1.44276173,0.447667295,1.51061823,9.23667548,30.1555822,61.3075616,-3.67583843,-4.58305506,-21.6835865,True,True
NGC 6624,-233.3,278.361844,-32.0379076,7.93400865,2.19902495,-10.5287419,-0.331027147,0.29930352,-1.44891685,0.446275217,1.5160876,9.07334653,30.4068036,59.0616281,-3.61733488,-4.60408087,-21.3751727,True,True
NGC 6624,-233.4,278.39678,-32.0767241,7.93408841,2.17635909,-10.5721798,-0.331946743,0.29618113,-1.4548425,0.444872905,1.52134105,8.9101322,30.6534061,56.820156,-3.55908623,-4.62506549,-21.0622861,True,True
NGC 6624,-233.5,278.429895,-32.114989,7.93414662,2.15349939,-10.6139691,-0.332849651,0.293033753,-1.46053913,0.443461013,1.52637879,8.74700364,30.8954525,54.5829521,-3.50108726,-4.64601315,-20.7451329,True,True
NGC 6624,-233.6,278.461194,-32.1527023,7.93418292,2.13044932,-10.6541133,-0.333735878,0.289861852,-1.46600716,0.44204019,1.53120101,8.58393237,31.1330029,52.3498246,-3.44333277,-4.66692808,-20.4239172,True,True
NGC 6624,-233.7,278.490679,-32.189864,7.93419694,2.1072123,-10.6926155,-0.33460543,0.286665884,-1.47124702,0.440611079,1.5358079,8.42089021,31.3661154,50.1205832,-3.38581759,-4.68781454,-20.098841,True,True
NGC 6624,-233.8,278.518351,-32.2264739,7.93418833,2.08379172,-10.7294789,-0.335458308,0.2834463,-1.47625908,0.439174317,1.54019964,8.25784929,31.5948457,47.8950386,-3.3285366,-4.70867681,-19.770104,True,True
NGC 6624,-233.9,278.544212,-32.2625318,7.93415678,2.06019093,-10.7647063,-0.33629451,0.280203545,-1.48104371,0.437730538,1.54437641,8.09478198,31.8192472,45.6730026,-3.2714847,-4.72951918,-19.4379038,True,True
NGC 6624,-234,278.568265,-32.2980372,7.93410198,2.03641324,-10.7983004,-0.337114032,0.27693806,-1.48560126,0.436280368,1.54833835,7.93166092,32.0393713,43.4542883,-3.21465684,-4.75034596,-19.1024365,True,True
NGC 6624,-234.1,278.59051,-32.3329897,7.93402366,2.01246193,-10.8302637,-0.337916868,0.273650278,-1.48993206,0.43482443,1.55208564,7.76845894,32.2552673,41.2387099,-3.15804799,-4.77116148,-18.7638962,True,True
NGC 6624,-234.2,278.610951,-32.3673886,7.93392153,1.98834025,-10.8605987,-0.338703008,0.270340631,-1.49403642,0.43336334,1.5556184,7.60514905,32.4669824,39.0260824,-3.10165316,-4.79197008,-18.4224755,True,True
NGC 6624,-234.3,278.629587,-32.4012333,7.93379537,1.96405141,-10.8893075,-0.339472439,0.267009544,-1.49791464,0.431897712,1.55893679,7.44170445,32.6745619,36.816222,-3.0454674,-4.81277612,-18.0783652,True,True
NGC 6624,-234.4,278.646421,-32.4345229,7.93364493,1.9395986,-10.9163922,-0.340225147,0.263657436,-1.50156699,0.430428152,1.56204092,7.27809844,32.8780491,34.6089457,-2.98948579,-4.83358398,-17.731755,True,True
NGC 6624,-234.5,278.661453,-32.4672565,7.93347,1.91498497,-10.9418548,-0.340961113,0.260284726,-1.50499372,0.428955264,1.5649309,7.11430445,33.0774854,32.4040712,-2.93370343,-4.85439806,-17.3828332,True,True
NGC 6624,-234.6,278.674685,-32.499433,7.9332704,1.89021365,-10.9656968,-0.341680316,0.256891824,-1.50819507,0.427479646,1.56760685,6.95029599,33.2729105,30.2014173,-2.87811546,-4.87522277,-17.0317869,True,True
NGC 6624,-234.7,278.686117,-32.5310511,7.93304595,1.86528775,-10.9879199,-0.342382735,0.253479139,-1.51117126,0.426001891,1.57006885,6.78604666,33.4643619,28.0008032,-2.82271706,-4.89606254,-16.678802,True,True
NGC 6624,-234.8,278.69575,-32.5621097,7.93279648,1.84021035,-11.0085255,-0.343068342,0.250047076,-1.51392249,0.424522588,1.572317,6.62153005,33.6518758,25.8020491,-2.76750343,-4.91692184,-16.3240636,True,True
NGC 6624,-234.9,278.703586,-32.5926072,7.93252187,1.81498449,-11.0275148,-0.343737109,0.246596036,-1.51644894,0.42304232,1.57435135,6.45671981,33.8354863,23.6049754,-2.71246982,-4.93780512,-15.9677558,True,True
NGC 6624,-235,278.709623,-32.6225422,7.93222198,1.78961323,-11.0448889,-0.344389004,0.243126415,-1.51875076,0.421561668,1.57617198,6.29158956,34.0152261,21.4094035,-2.65761148,-4.9587169,-15.6100619,True,True
NGC 6624,-235.1,278.713864,-32.651913,7.93189671,1.76409957,-11.0606487,-0.345023994,0.239638609,-1.52082811,0.420081206,1.57777893,6.12611291,34.1911258,19.2151549,-2.60292371,-4.97966167,-15.2511645,True,True
NGC 6624,-235.2,278.716308,-32.6807177,7.93154598,1.7384465,-11.0747949,-0.345642042,0.236133009,-1.52268111,0.418601504,1.57917225,5.96026339,34.3632147,17.0220518,-2.54840185,-5.00064398,-14.8912459,True,True
NGC 6624,-235.3,278.716955,-32.7089544,7.93116971,1.712657,-11.0873281,-0.346243107,0.232610003,-1.52430988,0.417123127,1.58035196,5.7940145,34.5315205,14.8299165,-2.49404124,-5.02166839,-14.5304874,True,True
NGC 6624,-235.4,278.715805,-32.7366212,7.93076786,1.68673404,-11.0982488,-0.346827149,0.229069976,-1.52571449,0.415646635,1.58131807,5.6273396,34.6960689,12.6385718,-2.43983727,-5.04273947,-14.1690704,True,True
NGC 6624,-235.5,278.712859,-32.7637158,7.93034038,1.66068055,-11.1075572,-0.347394122,0.225513312,-1.52689502,0.414172584,1.58207059,5.46021195,34.8568845,10.4478407,-2.38578536,-5.06386185,-13.8071758,True,True
NGC 6624,-235.6,278.708116,-32.790236,7.92988726,1.63449947,-11.1152533,-0.347943978,0.221940391,-1.52785153,0.412701525,1.58260951,5.29260466,35.01399,8.25754632,-2.33188094,-5.08504014,-13.4449842,True,True
NGC 6624,-235.7,278.701575,-32.8161792,7.92940851,1.6081937,-11.1213372,-0.348476667,0.218351591,-1.52858405,0.411234002,1.58293481,5.12449069,35.1674068,6.06751187,-2.27811948,-5.10627901,-13.0826764,True,True
NGC 6624,-235.8,278.693237,-32.841543,7.92890413,1.58176617,-11.1258086,-0.348992135,0.214747289,-1.5290926,0.409770556,1.58304645,4.95584279,35.3171545,3.87756067,-2.22449648,-5.12758315,-12.720433,True,True
NGC 6624,-235.9,278.683101,-32.8663246,7.92837416,1.55521974,-11.1286671,-0.349490328,0.211127859,-1.52937717,0.408311721,1.58294441,4.78663353,35.4632515,1.68751596,-2.17100747,-5.14895727,-12.3584348,True,True
NGC 6624,-236,278.671166,-32.8905213,7.92781866,1.52855732,-11.1299121,-0.349971185,0.207493673,-1.52943776,0.406858027,1.58262861,4.6168352,35.6057144,-0.502799075,-2.11764798,-5.17040611,-11.9968628,True,True
NGC 6624,-236.1,278.657431,-32.9141301,7.92723768,1.50178176,-11.1295429,-0.350434645,0.203845102,-1.52927431,0.405409998,1.58209898,4.44641987,35.7445586,-2.69356142,-2.0644136,-5.19193444,-11.6358982,True,True
NGC 6624,-236.2,278.641896,-32.9371477,7.92663133,1.47489594,-11.1275587,-0.350880644,0.200182517,-1.52888679,0.40396815,1.58135545,4.27535931,35.8797978,-4.88494827,-2.01129993,-5.21354707,-11.2757228,True,True
NGC 6624,-236.3,278.624559,-32.9595712,7.9259997,1.44790272,-11.1239584,-0.351309115,0.196506284,-1.52827511,0.402532997,1.58039793,4.10362499,36.0114445,-7.07713709,-1.95830259,-5.23524884,-10.9165187,True,True
NGC 6624,-236.4,278.605419,-32.9813969,7.92534292,1.42080494,-11.1187408,-0.351719986,0.19281677,-1.52743918,0.401105043,1.5792263,3.93118805,36.1395093,-9.27030573,-1.90541724,-5.25704461,-10.5584687,True,True
NGC 6624,-236.5,278.584476,-33.0026215,7.92466113,1.39360545,-11.1119045,-0.352113184,0.189114342,-1.5263789,0.399684787,1.57784044,3.75801925,36.2640018,-11.4646324,-1.85263956,-5.2789393,-10.2017564,True,True
NGC 6624,-236.6,278.561728,-33.0232412,7.92395448,1.36630711,-11.103448,-0.352488634,0.185399365,-1.52509413,0.398272723,1.57624023,3.58408901,36.38493,-13.6602959,-1.79996524,-5.30093783,-9.84656613,True,True
NGC 6624,-236.7,278.537173,-33.0432523,7.92322315,1.33891274,-11.0933696,-0.352846256,0.181672202,-1.52358473,0.396869335,1.57442552,3.40936729,36.5023003,-15.8574754,-1.74739001,-5.3230452,-9.49308302,True,True
NGC 6624,-236.8,278.510809,-33.0626508,7.92246733,1.31142519,-11.0816674,-0.353185966,0.177933216,-1.52185055,0.395475102,1.57239615,3.23382367,36.6161178,-18.0563508,-1.69490963,-5.34526641,-9.14149337,True,True
NGC 6624,-236.9,278.482637,-33.0814325,7.92168724,1.28384731,-11.0683395,-0.353507681,0.174182773,-1.51989138,0.394090495,1.57015194,3.05742721,36.7263861,-20.2571027,-1.64251987,-5.36760652,-8.79198453,True,True
NGC 6624,-237,278.452652,-33.0995933,7.9208831,1.25618192,-11.0533835,-0.35381131,0.170421233,-1.51770704,0.392715978,1.56769273,2.88014652,36.8331075,-22.4599125,-1.59021653,-5.39007063,-8.4447451,True,True
NGC 6624,-237.1,278.420855,-33.1171288,7.92005516,1.22843187,-11.0367972,-0.354096762,0.16664896,-1.5152973,0.391352006,1.56501831,2.70194966,36.9362825,-24.6649621,-1.53799543,-5.41266387,-8.09996499,True,True
NGC 6624,-237.2,278.387242,-33.1340343,7.91920369,1.20060002,-11.0185781,-0.354363941,0.162866317,-1.51266192,0.389999025,1.56212846,2.52280416,37.0359104,-26.8724347,-1.48585243,-5.43539143,-7.75783558,True,True
NGC 6624,-237.3,278.351812,-33.1503053,7.91832898,1.17268919,-10.9987234,-0.354612749,0.159073666,-1.50980066,0.388657475,1.55902298,2.34267696,37.131989,-29.0825141,-1.4337834,-5.45825853,-7.41854978,True,True
NGC 6624,-237.4,278.314563,-33.1659367,7.91743132,1.14470226,-10.9772303,-0.354843083,0.155271371,-1.50671322,0.387327784,1.55570162,2.16153437,37.2245146,-31.2953854,-1.38178423,-5.48127044,-7.08230217,True,True
NGC 6624,-237.5,278.275492,-33.1809236,7.91651104,1.11664208,-10.9540957,-0.355054838,0.151459795,-1.50339932,0.386010373,1.55216414,1.97934208,37.3134819,-33.5112346,-1.32985085,-5.50443249,-6.74928912,True,True
NGC 6624,-237.6,278.234598,-33.1952608,7.91556849,1.08851152,-10.9293166,-0.355247906,0.147639302,-1.49985864,0.384705651,1.54841028,1.79606508,37.3988842,-35.7302489,-1.2779792,-5.52775005,-6.4197089,True,True
NGC 6624,-237.7,278.191877,-33.2089429,7.91460401,1.06031346,-10.9028895,-0.355422172,0.143810258,-1.49609085,0.38341402,1.54443975,1.61166765,37.4807132,-37.9526167,-1.22616526,-5.55122852,-6.09376176,True,True
NGC 6624,-237.8,278.147327,-33.2219645,7.91361801,1.03205077,-10.874811,-0.355577521,0.139973028,-1.4920956,0.382135868,1.54025229,1.42611333,37.5589591,-40.1785277,-1.17440502,-5.5748734,-5.77165014,True,True
NGC 6624,-237.9,278.100947,-33.2343198,7.91261087,1.00372636,-10.8450773,-0.355713832,0.136127979,-1.48787251,0.380871575,1.53584757,1.23936485,37.6336107,-42.408173,-1.12269451,-5.59869019,-5.4535787,True,True
NGC 6624,-238,278.052732,-33.246003,7.91158301,0.975343132,-10.8136845,-0.355830981,0.13227548,-1.4834212,0.379621509,1.53122531,1.05138413,37.7046548,-44.6417451,-1.07102977,-5.62268447,-5.13975451,True,True
NGC 6624,-238.1,278.00268,-33.2570081,7.91053488,0.946904012,-10.7806287,-0.355928841,0.128415901,-1.47874124,0.378386025,1.52638516,0.862132203,37.7720769,-46.8794379,-1.01940688,-5.64686189,-4.83038714,True,True
NGC 6624,-238.2,277.950789,-33.2673289,7.90946694,0.918411934,-10.7459056,-0.356007279,0.124549612,-1.47383222,0.377165466,1.52132679,0.671569199,37.8358609,-49.1214469,-0.967821949,-5.67122814,-4.52568883,True,True
NGC 6624,-238.3,277.897056,-33.276959,7.90837967,0.889869849,-10.709511,-0.35606616,0.120676987,-1.46869367,0.375960164,1.51604985,0.479654293,37.8959888,-51.3679693,-0.916271099,-5.69578896,-4.2258746,True,True
NGC 6624,-238.4,277.841478,-33.2858918,7.90727358,0.861280725,-10.6714402,-0.356105342,0.1167984,-1.46332513,0.374770437,1.51055397,0.286345655,37.9524411,-53.6192038,-0.864750492,-5.72055016,-3.93116239,True,True
NGC 6624,-238.5,277.78405,-33.2941207,7.90614918,0.832647549,-10.6316885,-0.356124681,0.112914228,-1.4577261,0.373596589,1.50483879,0.091600407,38.0051965,-55.8753511,-0.813256318,-5.74551763,-3.64177322,True,True
NGC 6624,-238.6,277.724772,-33.3016388,7.90500703,0.803973325,-10.5902511,-0.356124027,0.109024851,-1.45189607,0.372438909,1.49890391,-0.104625428,38.054232,-58.1366134,-0.761784797,-5.7706973,-3.35793133,True,True
NGC 6624,-238.7,277.663639,-33.3084389,7.90384769,0.775261079,-10.5471228,-0.356103228,0.105130651,-1.44583451,0.371297674,1.49274894,-0.302376976,38.0995227,-60.4031949,-0.71033218,-5.79609516,-3.07986432,True,True
NGC 6624,-238.8,277.600647,-33.3145137,7.90267175,0.746513861,-10.5022986,-0.356062125,0.101232011,-1.43954087,0.370173144,1.48637346,-0.501700569,38.1410418,-62.6753019,-0.658894751,-5.8217173,-2.80780331,True,True
NGC 6624,-238.9,277.535795,-33.3198559,7.90147983,0.717734741,-10.455773,-0.356000554,0.0973293188,-1.43301456,0.369065564,1.47977705,-0.702643797,38.1787609,-64.9531425,-0.60746883,-5.84756984,-2.54198312,True,True
NGC 6624,-239,277.469078,-33.3244576,7.90027256,0.688926817,-10.4075403,-0.355918347,0.0934229646,-1.42625499,0.367975163,1.47295927,-0.90525557,38.2126493,-67.2369268,-0.55605077,-5.873659,-2.28264241,True,True
NGC 6624,-239.1,277.400492,-33.3283111,7.89905061,0.660093212,-10.3575949,-0.355815332,0.0895133419,-1.41926154,0.366902151,1.46591968,-1.10958618,38.2426747,-69.526867,-0.504636964,-5.89999104,-2.03002386,True,True
NGC 6624,-239.2,277.330035,-33.3314084,7.89781465,0.631237076,-10.3059309,-0.355691329,0.0856008474,-1.41203358,0.365846726,1.45865783,-1.31568736,38.2688025,-71.8231777,-0.453223844,-5.92657232,-1.78437433,True,True
NGC 6624,-239.3,277.257703,-33.3337411,7.8965654,0.602361591,-10.2525421,-0.355546155,0.0816858816,-1.40457043,0.364809062,1.45117323,-1.52361236,38.2909961,-74.1260752,-0.401807882,-5.95340926,-1.54594509,True,True
NGC 6624,-239.4,277.183492,-33.3353008,7.89530358,0.573469969,-10.1974222,-0.355379621,0.0777688489,-1.39687142,0.36378932,1.44346542,-1.73341601,38.3092167,-76.4357786,-0.350385595,-5.98050835,-1.31499195,True,True
NGC 6624,-239.5,277.107399,-33.3360788,7.89402996,0.544565453,-10.1405649,-0.355191532,0.0738501577,-1.38893583,0.362787638,1.43553391,-1.94515481,38.3234234,-78.7525087,-0.298953548,-6.00787618,-1.0917755,True,True
NGC 6624,-239.6,277.029419,-33.3360662,7.89274532,0.515651323,-10.0819634,-0.354981687,0.0699302207,-1.38076294,0.361804137,1.4273782,-2.15888698,38.333573,-81.076489,-0.247508353,-6.03551937,-0.876561265,True,True
NGC 6624,-239.7,276.94955,-33.3352541,7.89145046,0.486730893,-10.0216111,-0.354749878,0.0660094552,-1.37235199,0.360838917,1.41899779,-2.37467257,38.3396198,-83.4079452,-0.196046676,-6.06344468,-0.669619966,True,True
NGC 6624,-239.8,276.867786,-33.333633,7.89014624,0.457807516,-9.95950083,-0.354495893,0.0620882833,-1.36370221,0.359892058,1.41039215,-2.59257355,38.3415159,-85.7471051,-0.144565238,-6.0916589,-0.471227693,True,True
NGC 6624,-239.9,276.784126,-33.3311934,7.8888335,0.428884584,-9.89562552,-0.354219513,0.0581671319,-1.3548128,0.358963617,1.40156078,-2.81265385,38.3392107,-88.0941992,-0.093060819,-6.12016891,-0.28166615,True,True
NGC 6624,-240,276.698563,-33.3279257,7.88751314,0.399965529,-9.82997782,-0.35392051,0.0542464334,-1.34568293,0.358053632,1.39250313,-3.03497953,38.3326513,-90.4494601,-0.0415302639,-6.1489817,-0.101222875,True,True
NGC 6624,-240.1,276.611096,-33.3238198,7.88618607,0.371053829,-9.76255021,-0.353598652,0.0503266254,-1.33631176,0.357162115,1.38321868,-3.25961883,38.3217817,-92.813123,0.0100295158,-6.1781043,0.069808514,True,True
NGC 6624,-240.2,276.521719,-33.3188656,7.88485326,0.342153006,-9.693335,-0.353253699,0.0464081519,-1.32669842,0.356289057,1.37370688,-3.48664227,38.3065435,-95.1854251,0.0616215347,-6.20754386,0.231128083,True,True
NGC 6624,-240.3,276.430429,-33.3130527,7.88351568,0.313266632,-9.62232433,-0.352885402,0.0424914628,-1.316842,0.355434426,1.36396719,-3.71612278,38.2868754,-97.5666059,0.113248729,-6.23730758,0.382429309,True,True
NGC 6624,-240.4,276.337223,-33.3063703,7.88217433,0.284398328,-9.54951014,-0.352493508,0.0385770145,-1.3067416,0.354598165,1.35399906,-3.94813581,38.2627129,-99.9569074,0.164913949,-6.26740276,0.523398815,True,True
NGC 6624,-240.5,276.242095,-33.2988077,7.88083026,0.255551767,-9.47488421,-0.352077752,0.03466527,-1.29639625,0.353780192,1.34380195,-4.18275945,38.2339886,-102.356574,0.216619957,-6.29783679,0.653716096,True,True
NGC 6624,-240.6,276.145042,-33.2903537,7.87948453,0.226730675,-9.39843815,-0.351637864,0.0307566994,-1.28580501,0.352980399,1.33337529,-4.42007459,38.200632,-104.76585,0.268369413,-6.32861712,0.773053225,True,True
NGC 6624,-240.7,276.04606,-33.2809969,7.87813825,0.197938839,-9.32016338,-0.351173564,0.0268517802,-1.27496686,0.352198652,1.32271855,-4.66016501,38.1625692,-107.184986,0.320164874,-6.35975131,0.881074549,True,True
NGC 6624,-240.8,275.945146,-33.2707258,7.87679256,0.1691801,-9.24005116,-0.350684565,0.0229509977,-1.26388078,0.351434791,1.31183118,-4.90311755,38.1197226,-109.61423,0.372008779,-6.39124697,0.97743638,True,True
NGC 6624,-240.9,275.842295,-33.2595284,7.87544863,0.140458366,-9.15809254,-0.350170568,0.0190548452,-1.25254574,0.350688628,1.30071263,-5.14902225,38.0720114,-112.053834,0.423903443,-6.42311181,1.06178667,True,True
NGC 6624,-241,275.737503,-33.2473927,7.87410767,0.111777608,-9.07427846,-0.349631268,0.0151638246,-1.24096066,0.349959947,1.28936237,-5.39797254,38.0193509,-114.50405,0.475851045,-6.45535361,1.13376465,True,True
NGC 6624,-241.1,275.630766,-33.2343064,7.87277091,0.0831418643,-8.98859963,-0.349066347,0.0112784464,-1.22912443,0.349248504,1.27777987,-5.65006535,37.9616525,-116.965134,0.527853618,-6.48798023,1.19300053,True,True
NGC 6624,-241.2,275.522081,-33.2202567,7.87143964,0.0545552445,-8.90104662,-0.348475479,0.0073992307,-1.21703595,0.348554025,1.26596461,-5.90540137,37.8988236,-119.43734,0.579913032,-6.5209996,1.23911506,True,True
NGC 6624,-241.3,275.411444,-33.2052309,7.87011517,0.0260219322,-8.81160984,-0.347858327,0.003526707,-1.20469404,0.347876204,1.2539161,-6.16408515,37.8307673,-121.920923,0.632030983,-6.55441972,1.27171922,True,True
NGC 6624,-241.4,275.298852,-33.1892157,7.86879885,-0.00245381202,-8.72027953,-0.347214544,-0.000338584902,-1.19209755,0.347214709,1.24163385,-6.42622536,37.7573826,-124.416141,0.684208976,-6.58824865,1.29041375,True,True
NGC 6624,-241.5,275.184299,-33.1721979,7.86749208,-0.0308676471,-8.62704577,-0.34654377,-0.00419609467,-1.17924526,0.346569173,1.22911739,-6.69193498,37.6785635,-126.923248,0.736448308,-6.62249451,1.29478879,True,True
NGC 6624,-241.6,275.067784,-33.1541637,7.8661963,-0.0592151482,-8.53189848,-0.345845634,-0.00804526091,-1.16613594,0.345939198,1.2163663,-6.96133154,37.5941994,-129.442499,0.788750047,-6.65716548,1.2844234,True,True
NGC 6624,-241.7,274.949301,-33.1350992,7.86491297,-0.0874918028,-8.43482743,-0.345119752,-0.0118855107,-1.15276835,0.345324353,1.20338015,-7.23453731,37.504175,-131.974149,0.841115009,-6.69226978,1.25888516,True,True
NGC 6624,-241.8,274.828849,-33.1149903,7.86364363,-0.115693007,-8.33582224,-0.34436573,-0.015716259,-1.1391412,0.344724175,1.19015857,-7.51167962,37.4083692,-134.518449,0.89354374,-6.72781567,1.21772967,True,True
NGC 6624,-241.9,274.706423,-33.0938223,7.86238983,-0.143814062,-8.2348724,-0.343583156,-0.0195369081,-1.12525318,0.344138164,1.17670123,-7.79289105,37.3066559,-137.075649,0.946036484,-6.76381144,1.16050004,True,True
NGC 6624,-242,274.582021,-33.0715807,7.86115318,-0.171850168,-8.13196726,-0.342771609,-0.0233468473,-1.11110296,0.343565789,1.16300784,-8.07830973,37.1989032,-139.645993,0.998593152,-6.8002654,1.08672645,True,True
NGC 6624,-242.1,274.455639,-33.0482503,7.85993534,-0.199796423,-8.02709605,-0.341930651,-0.0271454517,-1.09668919,0.34300648,1.14907817,-8.36807966,37.0849732,-142.229723,1.0512133,-6.83718584,0.995925564,True,True
NGC 6624,-242.2,274.327274,-33.0238159,7.85873802,-0.227647814,-7.92024786,-0.341059829,-0.0309320824,-1.08201049,0.342459633,1.13491202,-8.66235099,36.9647217,-144.827074,1.10389606,-6.87458106,0.887600009,True,True
NGC 6624,-242.3,274.196924,-32.9982619,7.85756296,-0.255399218,-7.8114117,-0.340158674,-0.0347060852,-1.06706544,0.341924605,1.1205093,-8.96128034,36.8379982,-147.438273,1.15664016,-6.91245933,0.761237801,True,True
NGC 6624,-242.4,274.064586,-32.9715725,7.85641197,-0.283045391,-7.70057646,-0.339226702,-0.0384667902,-1.05185262,0.341400717,1.10586997,-9.26503118,36.7046452,-150.063541,1.20944382,-6.95082886,0.616311759,True,True
NGC 6624,-242.5,273.930258,-32.9437315,7.8552869,-0.310580966,-7.58773095,-0.338263412,-0.042213511,-1.03637059,0.340887248,1.09099409,-9.57377414,36.5644981,-152.703085,1.26230471,-6.98969778,0.452278902,True,True
NGC 6624,-242.6,273.793938,-32.9147226,7.85418967,-0.338000449,-7.47286392,-0.337268283,-0.0459455441,-1.02061787,0.340383442,1.07588183,-9.88768743,36.4173849,-155.357103,1.31521993,-7.02907413,0.268579825,True,True
NGC 6624,-242.7,273.655623,-32.884529,7.85312225,-0.365298209,-7.35596405,-0.336240777,-0.0496621679,-1.00459297,0.339888498,1.06053346,-10.2069572,36.2631259,-158.025776,1.3681859,-7.06896581,0.0646380531,True,True
NGC 6624,-242.8,273.515313,-32.8531339,7.85208665,-0.392468475,-7.23701999,-0.335180338,-0.0533626421,-0.988294386,0.339401577,1.04494939,-10.5317781,36.1015329,-160.70927,1.42119833,-7.10938054,-0.160140613,True,True
NGC 6624,-242.9,273.373005,-32.82052,7.85108496,-0.419505331,-7.11602037,-0.334086386,-0.0570462066,-0.971720594,0.338921795,1.02913017,-10.8623534,35.9324096,-163.407728,1.47425209,-7.15032584,-0.406368776,True,True
NGC 6624,-243,273.2287,-32.78667,7.85011932,-0.446402704,-6.99295383,-0.332958322,-0.0607120809,-0.954870058,0.338448225,1.01307652,-11.1988958,35.7555504,-166.121272,1.52734117,-7.19180896,-0.674678134,True,True
NGC 6624,-243.1,273.082396,-32.751566,7.84919195,-0.473154365,-6.86780904,-0.331795525,-0.0643594629,-0.937741228,0.337979897,0.996789357,-11.5416277,35.5707406,-168.849996,1.58045854,-7.23383683,-0.965720166,True,True
NGC 6624,-243.2,272.934093,-32.7151903,7.8483051,-0.499753916,-6.74057471,-0.330597351,-0.067987528,-0.920332549,0.337515795,0.980269817,-11.8907817,35.3777558,-171.593959,1.63359607,-7.27641601,-1.28016682,True,True
NGC 6624,-243.3,272.783792,-32.6775246,7.84746113,-0.526194783,-6.61123969,-0.329363129,-0.0715954284,-0.902642462,0.337054856,0.963519273,-12.2466015,35.1763614,-174.353189,1.68674435,-7.31955259,-1.61871122,True,True
NGC 6624,-243.4,272.631493,-32.6385505,7.84666244,-0.552470212,-6.47979292,-0.328092165,-0.0751822915,-0.884669404,0.336595968,0.946539381,-12.6093415,34.9663121,-177.127665,1.73989259,-7.36325211,-1.98206833,True,True
NGC 6624,-243.5,272.477198,-32.5982495,7.8459115,-0.578573258,-6.34622354,-0.326783738,-0.0787472192,-0.866411821,0.336137972,0.929332115,-12.9792685,34.7473519,-179.91732,1.79302844,-7.40751949,-2.37097563,True,True
NGC 6624,-243.6,272.320909,-32.5566027,7.84521087,-0.604496776,-6.21052091,-0.325437099,-0.0822892865,-0.847868165,0.335679657,0.911899806,-13.3566614,34.519213,-182.72203,1.84613778,-7.45235887,-2.78619373,True,True
NGC 6624,-243.7,272.162628,-32.5135914,7.84456319,-0.630233417,-6.07267466,-0.32405147,-0.0858075406,-0.829036905,0.335219762,0.894245201,-13.7418121,34.281616,-185.541603,1.89920453,-7.49777354,-3.22850695,True,True
NGC 6624,-243.8,272.002359,-32.4691963,7.84397115,-0.655775612,-5.93267477,-0.322626041,-0.0893009993,-0.809916536,0.334756973,0.876371511,-14.135026,34.0342693,-188.375772,1.95221041,-7.54376572,-3.69872382,True,True
NGC 6624,-243.9,271.840105,-32.4233985,7.84343754,-0.68111557,-5.79051163,-0.321159971,-0.0927686501,-0.790505581,0.334289919,0.858282484,-14.5366224,33.7768685,-191.224184,2.00513462,-7.59033641,-4.19767747,True,True
NGC 6624,-244,271.675873,-32.3761785,7.84296523,-0.706245263,-5.64617613,-0.319652388,-0.0962094487,-0.770802606,0.333817176,0.839982479,-14.9469354,33.5090963,-194.086381,2.05795359,-7.63748523,-4.72622597,True,True
NGC 6624,-244.1,271.509669,-32.3275173,7.84255718,-0.73115642,-5.49965975,-0.31810238,-0.0996223174,-0.75080623,0.333337262,0.821476552,-15.3663138,33.2306221,-196.961792,2.11064055,-7.6852101,-5.28525242,True,True
NGC 6624,-244.2,271.341499,-32.2773955,7.84221644,-0.755840515,-5.35095466,-0.316509003,-0.103006144,-0.730515135,0.332848636,0.802770564,-15.795122,32.9411016,-199.84971,2.16316518,-7.73350707,-5.87566486,True,True
NGC 6624,-244.3,271.171372,-32.225794,7.84194613,-0.780288758,-5.20005383,-0.314871273,-0.106359782,-0.709928087,0.332349698,0.783871297,-16.2337401,32.6401773,-202.749273,2.21549309,-7.7823699,-6.49839593,True,True
NGC 6624,-244.4,270.999298,-32.1726939,7.84174948,-0.804492085,-5.04695119,-0.313188166,-0.109682044,-0.689043944,0.331838784,0.764786595,-16.6825643,32.3274774,-205.659441,2.26758531,-7.83178977,-7.15440221,True,True
NGC 6624,-244.5,270.825289,-32.1180763,7.84162981,-0.828441146,-4.89164178,-0.311458619,-0.112971708,-0.667861685,0.331314168,0.745525525,-17.1420067,32.0026169,-208.578967,2.31939765,-7.88175482,-7.8446631,True,True
NGC 6624,-244.6,270.649358,-32.0619228,7.84159055,-0.852126301,-4.73412192,-0.309681522,-0.116227509,-0.646380426,0.33077406,0.726098571,-17.6124953,31.6651973,-211.506368,2.37087998,-7.93224967,-8.57017924,True,True
NGC 6624,-244.7,270.47152,-32.0042154,7.84163521,-0.875537603,-4.57438943,-0.307855724,-0.119448142,-0.624599449,0.330216604,0.706517853,-18.0944738,31.3148075,-214.439884,2.42197547,-7.98325482,-9.33197018,True,True
NGC 6624,-244.8,270.291792,-31.9449367,7.84176741,-0.898664795,-4.41244385,-0.305980027,-0.12263226,-0.602518232,0.329639876,0.6867974,-18.5884007,30.9510241,-217.377438,2.47261956,-8.03474603,-10.1310713,True,True
NGC 6624,-244.9,270.110195,-31.8840697,7.84199087,-0.921497299,-4.24828671,-0.304053184,-0.125778469,-0.580136484,0.329041885,0.666953448,-19.0947484,30.5734131,-220.316589,2.52273896,-8.08669348,-10.96853,True,True
NGC 6624,-245,269.926751,-31.8215987,7.84230942,-0.944024211,-4.08192186,-0.302073901,-0.128885333,-0.557454184,0.32842057,0.647004821,-19.6140012,30.1815312,-223.254469,2.57225035,-8.13906092,-11.8453999,True,True
NGC 6624,-245.1,269.741486,-31.7575086,7.84272697,-0.966234294,-3.91335581,-0.300040832,-0.131951371,-0.534471629,0.327773802,0.626973355,-20.1466535,29.774928,-226.187722,2.621059,-8.1918046,-12.7627345,True,True
NGC 6624,-245.2,269.554429,-31.6917861,7.84324756,-0.988115974,-3.74259814,-0.297952581,-0.134975052,-0.511189488,0.327099382,0.606884419,-20.6932065,29.3531488,-229.112425,2.66905708,-8.24487205,-13.7215783,True,True
NGC 6624,-245.3,269.365612,-31.6244188,7.84387532,-1.00965734,-3.56966197,-0.295807702,-0.137954802,-0.487608863,0.326395043,0.586767524,-21.2541639,28.9157383,-232.024001,2.71612181,-8.29820064,-14.7229559,True,True
NGC 6624,-245.4,269.175075,-31.5553968,7.84461448,-1.03084615,-3.3945645,-0.293604695,-0.140888999,-0.463731363,0.325658451,0.566657042,-21.8300267,28.4622449,-234.917117,2.7621133,-8.351716,-15.767858,True,True
NGC 6624,-245.5,268.982859,-31.4847119,7.84546936,-1.05166984,-3.21732766,-0.29134201,-0.143775976,-0.439559184,0.324887208,0.546593061,-22.4212863,27.9922268,-237.785564,2.80687207,-8.40533007,-16.8572247,True,True
NGC 6624,-245.6,268.789013,-31.4123589,7.84644437,-1.0721155,-3.03797879,-0.289018049,-0.14661402,-0.41509521,0.324078854,0.526622385,-23.0284152,27.5052592,-240.622128,2.85021632,-8.45893895,-17.9919235,True,True
NGC 6624,-245.7,268.593592,-31.3383353,7.847544,-1.09216996,-2.85655148,-0.286631166,-0.149401377,-0.390343119,0.323230872,0.506799711,-23.6518558,27.0009432,-243.418437,2.89193876,-8.51242042,-19.1727232,True,True
NGC 6624,-245.8,268.396657,-31.2626427,7.8487728,-1.11181976,-2.67308647,-0.284179672,-0.152136255,-0.365307512,0.322340698,0.487188982,-24.2920058,26.4789168,-246.16479,2.93180318,-8.56563115,-20.4002614,True,True
NGC 6624,-245.9,268.198281,-31.1852865,7.85013538,-1.13105118,-2.48763278,-0.281661839,-0.154816825,-0.339994058,0.321405726,0.467864938,-24.9492001,25.9388694,-248.849968,2.96954062,-8.61840349,-21.6750038,True,True
NGC 6624,-246,267.998541,-31.1062776,7.85163637,-1.14985035,-2.30024889,-0.279075912,-0.157441231,-0.314409658,0.320423323,0.448914846,-25.6236881,25.3805578,-251.461037,3.00484547,-8.67054214,-22.9971954,True,True
NGC 6624,-246.1,267.79753,-31.0256324,7.85328043,-1.16820323,-2.11100407,-0.276420113,-0.160007598,-0.288562636,0.319390842,0.430440362,-26.3156052,24.8038281,-253.983135,3.0373714,-8.72182041,-24.3668008,True,True
NGC 6624,-246.2,267.595349,-30.9433742,7.85507217,-1.18609577,-1.91997996,-0.27369266,-0.162514037,-0.26246294,0.318305646,0.412559425,-27.0249384,24.2086405,-256.399273,3.06672773,-8.77197665,-25.7834325,False,False
NGC 6624,-246.3,267.392115,-30.8595342,7.85701614,-1.20351394,-1.72727211,-0.270891779,-0.164958666,-0.236122372,0.317165127,0.395408007,-27.7514848,23.5951008,-258.690166,3.09247668,-8.82071088,-27.2462651,False,False
NGC 6624,-246.4,267.187959,-30.7741522,7.85911677,-1.2204439,-1.53299182,-0.268015732,-0.16733962,-0.209554829,0.31596674,0.379141408,-28.4948009,22.9634972,-260.834143,3.11413261,-8.8676824,-28.7539358,False,False
NGC 6624,-246.5,266.983027,-30.6872786,7.86137833,-1.23687214,-1.33726778,-0.265062837,-0.169655077,-0.182776546,0.314708043,0.363934635,-29.2541466,22.3143442,-262.807189,3.13116445,-8.91250915,-30.3044323,False,False
NGC 6624,-246.6,266.777484,-30.5989745,7.86380484,-1.2527857,-1.14024774,-0.262031508,-0.171903279,-0.155806322,0.313386739,0.349981226,-30.0284223,21.6484316,-264.583217,3.1430036,-8.95477027,-31.8949711,False,False
NGC 6624,-246.7,266.571515,-30.5093137,7.86639996,-1.26817237,-0.94209978,-0.258920292,-0.174082566,-0.128665707,0.312000734,0.337489736,-30.8161066,20.9668773,-266.134671,3.14905935,-8.99401332,-33.5218788,False,False
NGC 6624,-246.8,266.365321,-30.4183826,7.86916696,-1.28302098,-0.743012955,-0.255727917,-0.176191412,-0.1013791,0.310548195,0.326677063,-31.6152018,20.2711768,-267.433573,3.14874437,-9.02976801,-35.1804905,False,False
NGC 6624,-246.9,266.159122,-30.3262811,7.87210854,-1.2973217,-0.543196958,-0.252453338,-0.178228465,-0.0739737216,0.309027626,0.31775806,-32.423201,19.5632422,-268.453071,3.14151124,-9.06156768,-36.8650935,False,False
NGC 6624,-247,265.953155,-30.2331217,7.8752268,-1.31106637,-0.342880438,-0.249095795,-0.180192588,-0.046479395,0.307437935,0.310931533,-33.2370932,18.8454166,-269.169449,3.12689858,-9.08897809,-38.5689463,False,False
NGC 6624,-247.1,265.747668,-30.1390283,7.87852307,-1.32424884,-0.142307713,-0.245654859,-0.182082908,-0.0189281152,0.305778507,0.306363785,-34.0534202,18.1204509,-269.564352,3.10458113,-9.11163082,-40.2844014,False,False
NGC 6624,-247.2,265.542917,-30.0441342,7.88199788,-1.33686523,0.0582661753,-0.242130472,-0.183898851,0.00864661059,0.30404926,0.304172182,-34.8683962,17.3914327,-269.626828,3.07441398,-9.12925545,-42.0031489,False,False
NGC 6624,-247.3,265.339158,-29.9485786,7.88565088,-1.34891413,0.258581655,-0.238522973,-0.185640169,0.0362105943,0.302250692,0.304412036,-35.6780816,16.6616666,-269.354677,3.03645973,-9.14170343,-43.7165632,False,False
NGC 6624,-247.4,265.136641,-29.8525032,7.88948087,-1.36039678,0.458381459,-0.234833103,-0.187306958,0.0637298873,0.300383892,0.307069994,-36.4785903,15.9345167,-268.754726,2.99099019,-9.14895768,-45.4161098,False,False
NGC 6624,-247.5,264.935605,-29.7560489,7.89348577,-1.37131692,0.657417197,-0.23106199,-0.188899654,0.0911716683,0.298450536,0.312065691,-37.2662945,15.2132388,-267.841956,2.93846143,-9.15112568,-47.0937419,False,False
NGC 6624,-247.6,264.736269,-29.6593522,7.89766274,-1.38168078,0.855454895,-0.227211111,-0.190419013,0.118504992,0.296452845,0.319261214,-38.037993,14.5008268,-266.637731,2.87946909,-9.14841899,-48.7422245,False,False
NGC 6624,-247.7,264.538833,-29.562543,7.90200825,-1.39149671,1.052279,-0.223282244,-0.19186608,0.145701331,0.294393534,0.328475922,-38.7910179,13.7998994,-265.167605,2.81469497,-9.14112521,-50.3553419,False,False
NGC 6624,-247.8,264.343473,-29.4657426,7.9065182,-1.40077494,1.24769472,-0.21927741,-0.193242145,0.172734895,0.292275741,0.339503245,-39.5232751,13.112636,-263.459182,2.74485622,-9.12957883,-51.9279832,False,False
NGC 6624,-247.9,264.150342,-29.3690632,7.91118804,-1.40952718,1.44152887,-0.215198818,-0.194548696,0.199582742,0.290102958,0.352126393,-40.2332276,12.440761,-261.540337,2.67066403,-9.11413568,-53.4561246,False,False
NGC 6624,-248,263.959569,-29.2726069,7.91601285,-1.41776629,1.63362955,-0.211048804,-0.195787377,0.226224737,0.287878958,0.366131023,-40.9198402,11.785564,-259.437937,2.59279461,-9.09515336,-54.936742,False,False
NGC 6624,-248.1,263.771264,-29.1764666,7.92098746,-1.42550599,1.82386507,-0.206829791,-0.196959943,0.252643408,0.285607741,0.38131414,-41.582505,11.1479446,-257.177035,2.51187169,-9.07297779,-56.3676852,False,False
NGC 6624,-248.2,263.585516,-29.0807259,7.92610654,-1.43276053,2.01212236,-0.202544243,-0.198068224,0.278823731,0.283293472,0.397489452,-42.2209612,10.5284673,-254.780453,2.42845808,-9.04793495,-57.7475423,False,False
NGC 6624,-248.3,263.402397,-28.9854598,7.93136464,-1.43954448,2.19830525,-0.198194638,-0.19911409,0.304752896,0.280940448,0.414489883,-42.8352213,9.92741905,-252.26864,2.34305369,-9.02032662,-59.0755078,False,False
NGC 6624,-248.4,263.221966,-28.8907356,7.93675626,-1.44587254,2.38233262,-0.19378344,-0.200099433,0.330420063,0.278553055,0.432168049,-43.4255056,9.34486237,-249.659698,2.25609748,-8.99042881,-60.3512653,False,False
NGC 6624,-248.5,263.044266,-28.7966133,7.9422759,-1.45175939,2.56413671,-0.189313084,-0.201026138,0.355816131,0.276135749,0.45039546,-43.9921891,8.78068338,-246.969524,2.16797164,-8.9584919,-61.5748864,False,False
NGC 6624,-248.6,262.869329,-28.7031467,7.9479181,-1.45721953,2.74366144,-0.184785959,-0.201896073,0.380933516,0.27369303,0.469060997,-44.5357585,8.23463189,-244.211991,2.07900693,-8.92474181,-62.7467469,False,False
NGC 6624,-248.7,262.697179,-28.6103836,7.95367744,-1.46226725,2.920861,-0.1802044,-0.202711075,0.405765962,0.271229434,0.488069075,-45.0567782,7.70635489,-241.399157,1.98948812,-8.88938168,-63.8674579,False,False
NGC 6624,-248.8,262.527829,-28.5183665,7.9595486,-1.46691651,3.0956985,-0.175570683,-0.203472941,0.43030836,0.268749517,0.507337745,-45.5558643,7.1954238,-238.541467,1.89965954,-8.85259383,-64.9378102,False,False
NGC 6624,-248.9,262.361287,-28.4271335,7.96552633,-1.47118093,3.26814484,-0.170887019,-0.20418342,0.454556594,0.266257849,0.526796867,-46.0336651,6.70135633,-235.647951,1.80973002,-8.81454169,-65.9587295,False,False
NGC 6624,-249,262.197552,-28.3367183,7.97160551,-1.47507371,3.43817762,-0.166155549,-0.20484421,0.47850741,0.263759013,0.546386455,-46.4908456,6.22363385,-232.726399,1.71987757,-8.77537174,-66.9312406,False,False
NGC 6624,-249.1,262.036622,-28.247151,7.97778111,-1.47860765,3.60578032,-0.161378348,-0.205456956,0.502158292,0.261257597,0.566055194,-46.9280763,5.76171519,-229.783521,1.63025344,-8.73521527,-67.8564385,False,False
NGC 6624,-249.2,261.878485,-28.1584582,7.98404824,-1.48179513,3.77094147,-0.156557423,-0.206023245,0.525507361,0.258758196,0.585759158,-47.3460248,5.31504737,-226.82509,1.54098569,-8.69419002,-68.735466,False,False
NGC 6624,-249.3,261.72313,-28.0706636,7.99040212,-1.48464807,3.93365398,-0.151694712,-0.206544609,0.548553288,0.256265412,0.605460709,-47.745349,4.88307392,-223.856068,1.45218241,-8.65240165,-69.5694954,False,False
NGC 6624,-249.4,261.570541,-27.9837882,7.99683811,-1.48717798,4.09391453,-0.146792086,-0.207022523,0.571295211,0.253783848,0.625127555,-48.1266935,4.46524134,-220.88071,1.36393444,-8.60994509,-70.3597142,False,False
NGC 6624,-249.5,261.4207,-27.8978505,8.00335169,-1.48939592,4.2517231,-0.141851352,-0.207458404,0.593732674,0.251318116,0.644731948,-48.4906855,4.06100389,-217.902664,1.2763177,-8.56690571,-71.1073136,False,False
NGC 6624,-249.6,261.273584,-27.8128669,8.00993845,-1.49131253,4.40708247,-0.136874254,-0.207853616,0.615865567,0.248872833,0.664250016,-48.8379326,3.6698273,-214.925049,1.18939531,-8.52336035,-71.8134802,False,False
NGC 6624,-249.7,261.129173,-27.7288517,8.01659414,-1.49293804,4.55999786,-0.131862474,-0.208209467,0.637694073,0.24645262,0.683661192,-49.169022,3.29119134,-211.950529,1.10321934,-8.4793783,-72.4793886,False,False
NGC 6624,-249.8,260.987441,-27.6458178,8.0233146,-1.49428228,4.71047658,-0.126817634,-0.208527214,0.659218627,0.244062106,0.702947729,-49.4845188,2.92459175,-208.981371,1.01783233,-8.43502206,-73.1061964,False,False
NGC 6624,-249.9,260.848363,-27.5637761,8.03009581,-1.49535468,4.85852773,-0.121741303,-0.208808064,0.68043988,0.241705921,0.722094303,-49.784966,2.56954144,-206.019501,0.933268596,-8.3903481,-73.6950402,False,False
NGC 6624,-250,260.711914,-27.4827362,8.03693386,-1.4961643,5.00416195,-0.116634991,-0.209053172,0.701358661,0.239388701,0.741087662,-50.0708845,2.22557127,-203.066549,0.849555408,-8.34540751,-74.2470323,False,False
NGC 6624,-250.1,260.578066,-27.4027065,8.04382496,-1.49671984,5.1473912,-0.11150016,-0.20926365,0.721975957,0.23711508,0.75991634,-50.342773,1.89223048,-200.123888,0.766713935,-8.30024654,-74.763259,False,False
NGC 6624,-250.2,260.446792,-27.3236941,8.05076544,-1.49702965,5.28822856,-0.10633822,-0.209440561,0.742292879,0.234889689,0.77857041,-50.6011083,1.56908674,-197.192669,0.684760102,-8.25490711,-75.2447789,False,False
NGC 6624,-250.3,260.318064,-27.2457052,8.05775172,-1.49710174,5.42668804,-0.101150533,-0.209584928,0.762310648,0.232717151,0.797041277,-50.8463464,1.25572604,-194.273847,0.603705315,-8.20942725,-75.6926217,False,False
NGC 6624,-250.4,260.191853,-27.1687448,8.06478035,-1.49694382,5.56278445,-0.0959384164,-0.209697731,0.782030574,0.230602077,0.815321493,-51.0789223,0.951752431,-191.368215,0.523557094,-8.1638415,-76.1077881,False,False
NGC 6624,-250.5,260.068131,-27.0928171,8.07184797,-1.49656326,5.69653328,-0.0907031435,-0.209779909,0.80145404,0.228549055,0.833404613,-51.2992515,0.656787557,-188.476416,0.444319614,-8.11818125,-76.4912494,False,False
NGC 6624,-250.6,259.946869,-27.0179258,8.07895133,-1.49596717,5.82795056,-0.0854459466,-0.209832366,0.820582488,0.226562644,0.851285059,-51.50773,0.370470188,-185.59897,0.365994175,-8.07247506,-76.8439472,False,False
NGC 6624,-250.7,259.82804,-26.9440734,8.08608726,-1.49516237,5.95705278,-0.0801680182,-0.209855969,0.839417408,0.224647366,0.86895801,-51.7047356,0.0924556282,-182.736286,0.288579609,-8.02674889,-77.1667943,False,False
NGC 6624,-250.8,259.711615,-26.871262,8.09325271,-1.4941554,6.08385678,-0.074870513,-0.209851549,0.857960327,0.222807689,0.886419307,-51.8906284,-0.177584891,-179.888677,0.212072632,-7.98102641,-77.4606746,False,False
NGC 6624,-250.9,259.597565,-26.7994932,8.10044469,-1.49295257,6.20837969,-0.0695545499,-0.209819907,0.876212798,0.221048023,0.903665367,-52.0657516,-0.43996485,-177.056377,0.136468151,-7.93532916,-77.7264439,False,False
NGC 6624,-251,259.485863,-26.7287678,8.10766033,-1.49155992,6.33063886,-0.0642212135,-0.209761809,0.894176396,0.219372698,0.920693113,-52.2304323,-0.694983092,-174.239546,0.0617595243,-7.88967678,-77.9649305,False,False
NGC 6624,-251.1,259.37648,-26.6590863,8.11489683,-1.48998328,6.45065181,-0.0588715556,-0.209677994,0.911852709,0.217785953,0.937499912,-52.3849823,-0.942924476,-171.438282,-0.0120612052,-7.84408717,-78.1769358,False,False
NGC 6624,-251.2,259.26939,-26.5904486,8.12215147,-1.48822824,6.56843614,-0.053506597,-0.209569173,0.929243332,0.216291919,0.95408352,-52.5296987,-1.18406052,-168.65263,-0.0850031121,-7.79857662,-78.363235,False,False
NGC 6624,-251.3,259.164565,-26.5228544,8.12942162,-1.48630019,6.68400954,-0.0481273288,-0.209436027,0.946349861,0.2148946,0.970442037,-52.6648646,-1.41865003,-165.882588,-0.157076215,-7.75316001,-78.524578,False,False
NGC 6624,-251.4,259.061979,-26.4563028,8.13670471,-1.48420433,6.79738969,-0.0427347138,-0.209279213,0.963173891,0.213597858,0.986573864,-52.7907499,-1.64693973,-163.128114,-0.228291325,-7.70785088,-78.6616903,False,False
NGC 6624,-251.5,258.961604,-26.3907927,8.14399827,-1.48194564,6.90859429,-0.0373296879,-0.209099364,0.97971701,0.21240539,1.00247767,-52.9076118,-1.86916484,-160.389132,-0.298659917,-7.66266155,-78.7752733,False,False
NGC 6624,-251.6,258.863415,-26.3263226,8.15129988,-1.47952894,7.01764095,-0.0319131614,-0.208897089,0.995980798,0.211320713,1.01815234,-53.0156956,-2.08554967,-157.665535,-0.368194014,-7.61760327,-78.8660059,False,False
NGC 6624,-251.7,258.767387,-26.2628908,8.1586072,-1.47695885,7.12454725,-0.0264860198,-0.208672973,1.01196682,0.210347139,1.033597,-53.115235,-2.29630818,-154.95719,-0.436906087,-7.57268622,-78.9345445,False,False
NGC 6624,-251.8,258.673493,-26.2004954,8.16591796,-1.47423985,7.22933064,-0.0210491257,-0.208427581,1.02767663,0.209487762,1.04881094,-53.2064528,-2.50164447,-152.263942,-0.50480897,-7.5279197,-78.9815241,False,False
NGC 6624,-251.9,258.58171,-26.139134,8.17322995,-1.47137625,7.33200848,-0.0156033189,-0.208161459,1.04311177,0.208745434,1.0637936,-53.2895618,-2.70175332,-149.585618,-0.571915786,-7.48331213,-79.0075592,False,False
NGC 6624,-252,258.492012,-26.0788042,8.18054103,-1.46837219,7.43259796,-0.0101494185,-0.20787513,1.05827374,0.208122753,1.07854457,-53.3647646,-2.89682066,-146.922029,-0.638239881,-7.43887113,-79.0132444,False,False
NGC 6624,-252.1,258.404377,-26.0195034,8.18784911,-1.46523169,7.53111614,-0.00468822307,-0.207569102,1.07316405,0.20762204,1.09306358,-53.4322546,-3.08702405,-144.27297,-0.703794764,-7.39460362,-78.9991551,False,False
NGC 6624,-252.2,258.31878,-25.9612289,8.19515218,-1.46195862,7.62757991,0.000779488195,-0.207243863,1.08778417,0.207245328,1.10735046,-53.4922163,-3.27253305,-141.638227,-0.768594063,-7.35051582,-78.9658482,False,False
NGC 6624,-252.3,258.235198,-25.9039776,8.20244825,-1.45855671,7.72200597,0.00625295438,-0.206899884,1.10213556,0.206994352,1.12140513,-53.5448257,-3.45350972,-139.017575,-0.832651478,-7.30661335,-78.9138629,False,False
NGC 6624,-252.4,258.153608,-25.8477465,8.20973542,-1.45502956,7.81441085,0.0117314322,-0.206537622,1.11621964,0.20687053,1.1352276,-53.5902507,-3.63010893,-136.410782,-0.895980746,-7.26290126,-78.8437213,False,False
NGC 6624,-252.5,258.073989,-25.7925323,8.21701184,-1.45138067,7.90481086,0.0172141952,-0.206157517,1.13003782,0.206874963,1.14881797,-53.6286515,-3.8024788,-133.817609,-0.958595607,-7.21938406,-78.7559289,False,False
NGC 6624,-252.6,257.996319,-25.7383317,8.2242757,-1.44761339,7.99322211,0.0227005328,-0.205759994,1.14359148,0.207008428,1.16217639,-53.6601811,-3.97076098,-131.237812,-1.02050978,-7.17606576,-78.6509754,False,False
NGC 6624,-252.7,257.920576,-25.6851414,8.23152524,-1.44373099,8.07966049,0.0281897499,-0.205345463,1.15688197,0.207271371,1.17530307,-53.6849854,-4.13509104,-128.671142,-1.08173693,-7.13294994,-78.5293353,False,False
NGC 6624,-252.8,257.84674,-25.6329577,8.23875876,-1.43973661,8.1641417,0.0336811659,-0.204914322,1.16991062,0.207663912,1.18819829,-53.7032036,-4.29559875,-126.117347,-1.14229066,-7.09003975,-78.3914683,False,False
NGC 6624,-252.9,257.77479,-25.581777,8.2459746,-1.4356333,8.24668118,0.0391741139,-0.204466957,1.18267875,0.208185849,1.20086234,-53.7149687,-4.45240837,-123.576174,-1.20218449,-7.04733794,-78.2378199,False,False
NGC 6624,-253,257.704706,-25.5315958,8.25317115,-1.431424,8.32729415,0.0446679406,-0.204003738,1.19518762,0.208836659,1.21329559,-53.7204075,-4.60563896,-121.047366,-1.26143183,-7.00484691,-78.0688219,False,False
NGC 6624,-253.1,257.636468,-25.4824103,8.26034684,-1.42711156,8.4059956,0.0501620052,-0.203525026,1.20743848,0.209615512,1.22549841,-53.719641,-4.75540462,-118.530667,-1.32004598,-6.96256871,-77.8848933,False,False
NGC 6624,-253.2,257.570058,-25.4342167,8.26750014,-1.42269875,8.48280031,0.0556556791,-0.20303117,1.21943257,0.210521283,1.23747121,-53.7127846,-4.90181473,-116.02582,-1.37804012,-6.92050507,-77.6864401,False,False
NGC 6624,-253.3,257.505457,-25.3870112,8.27462957,-1.41818823,8.55772277,0.061148345,-0.202522508,1.23117108,0.211552562,1.24921444,-53.6999487,-5.04497423,-113.532567,-1.43542728,-6.87865747,-77.4738561,False,False
NGC 6624,-253.4,257.442645,-25.34079,8.28173368,-1.41358259,8.63077729,0.066639397,-0.201999366,1.24265518,0.212707671,1.26072854,-53.6812383,-5.18498377,-111.050653,-1.49222036,-6.83702706,-77.2475236,False,False
NGC 6624,-253.5,257.381607,-25.2955491,8.28881109,-1.40888435,8.70197789,0.0721282393,-0.201462063,1.25388603,0.213984685,1.272014,-53.6567535,-5.32193998,-108.57982,-1.54843213,-6.79561478,-77.0078134,False,False
NGC 6624,-253.6,257.322323,-25.2512848,8.29586041,-1.40409592,8.77133837,0.0776142863,-0.200910905,1.26486473,0.21538145,1.2830713,-53.6265902,-5.45593567,-106.119815,-1.60407518,-6.75442132,-76.7550855,False,False
NGC 6624,-253.7,257.264777,-25.207993,8.30288032,-1.39921968,8.83887231,0.083096962,-0.20034619,1.27559239,0.216895599,1.29390095,-53.5908392,-5.58705997,-103.670383,-1.65916195,-6.71344715,-76.4896891,False,False
NGC 6624,-253.8,257.208952,-25.1656699,8.30986953,-1.39425789,8.904593,0.0885756994,-0.199768209,1.28607008,0.218524579,1.30450345,-53.5495875,-5.71539853,-101.231274,-1.71370473,-6.67269254,-76.2119637,False,False
NGC 6624,-253.9,257.154832,-25.1243116,8.31682679,-1.38921278,8.96851353,0.0940499402,-0.199177241,1.29629883,0.220265668,1.31487932,-53.5029178,-5.84103372,-98.8022367,-1.76771564,-6.63215756,-75.9222385,False,False
NGC 6624,-254,257.102401,-25.083914,8.32375086,-1.3840865,9.03064673,0.0995191344,-0.198573559,1.30627966,0.222115998,1.32502908,-53.4509089,-5.96404472,-96.3830232,-1.82120664,-6.59184211,-75.6208338,False,False
NGC 6624,-254.1,257.051643,-25.0444734,8.33064056,-1.37888112,9.09100518,0.10498274,-0.197957428,1.31601357,0.224072575,1.33495327,-53.3936356,-6.08450776,-93.9733876,-1.87418953,-6.55174593,-75.3080603,False,False
NGC 6624,-254.2,257.002543,-25.0059857,8.33749473,-1.37359868,9.14960124,0.110440221,-0.197329103,1.32550153,0.226132301,1.34465241,-53.3311693,-6.20249615,-91.5730859,-1.92667595,-6.51186858,-74.9842202,False,False
NGC 6624,-254.3,256.955086,-24.9684471,8.34431224,-1.36824113,9.20644703,0.115891052,-0.196688836,1.33474447,0.228291993,1.35412703,-53.2635778,-6.31808054,-89.1818765,-1.97867735,-6.47220951,-74.6496071,False,False
NGC 6624,-254.4,256.909258,-24.9318537,8.35109199,-1.36281038,9.26155439,0.121334711,-0.196036867,1.34374331,0.230548401,1.36337766,-53.1909254,-6.43132893,-86.79952,-2.03020506,-6.43276801,-74.3045066,False,False
NGC 6624,-254.5,256.865045,-24.8962017,8.35783293,-1.35730829,9.31493499,0.126770683,-0.195373434,1.35249894,0.232898228,1.37240482,-53.1132732,-6.54230687,-84.4257795,-2.08127021,-6.39354326,-73.949196,False,False
NGC 6624,-254.6,256.822433,-24.8614872,8.364534,-1.35173665,9.36660019,0.13219846,-0.194698763,1.36101225,0.235338143,1.38120903,-53.0306791,-6.65107756,-82.0604203,-2.13188378,-6.35453431,-73.5839454,False,False
NGC 6624,-254.7,256.781409,-24.8277064,8.3711942,-1.34609721,9.41656118,0.137617541,-0.194013079,1.36928406,0.237864798,1.38979081,-52.943198,-6.75770191,-79.7032102,-2.18205661,-6.31574011,-73.2090171,False,False
NGC 6624,-254.8,256.741958,-24.7948554,8.37781254,-1.34039167,9.46482887,0.143027426,-0.193316598,1.37731521,0.240474846,1.39815068,-52.8508818,-6.86223871,-77.3539195,-2.23179935,-6.2771595,-72.8246667,False,False
NGC 6624,-254.9,256.70407,-24.7629307,8.38438806,-1.33462167,9.51141395,0.148427625,-0.192609529,1.38510648,0.243164946,1.40628914,-52.7537796,-6.96474469,-75.0123207,-2.28112253,-6.23879124,-72.4311425,False,False
NGC 6624,-255,256.667731,-24.7319284,8.39091984,-1.32878882,9.55632689,0.153817651,-0.191892079,1.39265866,0.245931779,1.4142067,-52.6519375,-7.0652746,-72.678189,-2.3300365,-6.20063398,-72.0286865,False,False
NGC 6624,-255.1,256.632929,-24.7018448,8.39740696,-1.32289467,9.59957792,0.159197021,-0.191164447,1.3999725,0.248772058,1.42190384,-52.5453993,-7.16388135,-70.3513016,-2.37855146,-6.1626863,-71.6175339,False,False
NGC 6624,-255.2,256.599653,-24.6726764,8.40384854,-1.31694074,9.64117703,0.164565256,-0.190426825,1.40704873,0.251682537,1.42938106,-52.4342058,-7.26061604,-68.0314384,-2.42667749,-6.1249467,-71.197914,False,False
NGC 6624,-255.3,256.56789,-24.6444195,8.41024372,-1.31092851,9.68113401,0.169921883,-0.189679405,1.41388805,0.254660014,1.43663883,-52.3183954,-7.35552806,-65.7183815,-2.4744245,-6.08741361,-70.7700497,False,False
NGC 6624,-255.4,256.537631,-24.6170705,8.41659166,-1.3048594,9.71945841,0.175266432,-0.188922368,1.42049115,0.257701345,1.44367763,-52.1980043,-7.44866518,-63.4119151,-2.52180226,-6.0500854,-70.3341585,False,False
NGC 6624,-255.5,256.508864,-24.590626,8.42289156,-1.2987348,9.75615954,0.180598435,-0.188155895,1.42685869,0.260803443,1.4504979,-52.0730659,-7.54007358,-61.111826,-2.56882041,-6.01296036,-69.890452,False,False
NGC 6624,-255.6,256.481579,-24.5650825,8.42914261,-1.29255609,9.79124652,0.185917429,-0.187380161,1.43299132,0.263963284,1.45710011,-51.9436115,-7.62979799,-58.8179028,-2.61548844,-5.97603674,-69.4391364,False,False
NGC 6624,-255.7,256.455765,-24.5404365,8.43534404,-1.28632456,9.82472822,0.191222955,-0.186595334,1.43888965,0.267177913,1.4634847,-51.80967,-7.71788166,-56.5299366,-2.66181572,-5.93931272,-68.9804125,False,False
NGC 6624,-255.8,256.431412,-24.5166846,8.44149511,-1.28004151,9.85661331,0.196514553,-0.185801581,1.44455429,0.270444444,1.4696521,-51.6712681,-7.80436653,-54.2477205,-2.70781147,-5.90278646,-68.5144761,False,False
NGC 6624,-255.9,256.408512,-24.4938236,8.44759509,-1.27370818,9.88691024,0.20179177,-0.184999063,1.4499858,0.273760063,1.47560273,-51.5284306,-7.88929317,-51.9710495,-2.75348482,-5.86645603,-68.0415181,False,False
NGC 6624,-256,256.387054,-24.4718502,8.45364325,-1.26732578,9.91562723,0.207054153,-0.184187937,1.45518476,0.277122029,1.481337,-51.3811796,-7.97270096,-49.6997208,-2.79884472,-5.83031949,-67.5617245,False,False
NGC 6624,-256.1,256.367029,-24.4507611,8.45963892,-1.26089551,9.94277229,0.212301252,-0.183368358,1.46015168,0.280527675,1.48685531,-51.2295357,-8.05462803,-47.4335334,-2.84390005,-5.79437485,-67.0752767,False,False
NGC 6624,-256.2,256.34843,-24.4305532,8.46558141,-1.25441851,9.96835324,0.217532618,-0.182540473,1.4648871,0.283974408,1.49215806,-51.0735172,-8.13511141,-45.1722881,-2.88865954,-5.75862008,-66.5823516,False,False
NGC 6624,-256.3,256.331247,-24.4112233,8.47147008,-1.24789589,9.99237766,0.222747805,-0.18170443,1.46939149,0.28745971,1.49724562,-50.9131402,-8.214187,-42.9157877,-2.93313182,-5.72305313,-66.0831216,False,False
NGC 6624,-256.4,256.315471,-24.3927685,8.47730427,-1.24132876,10.0148529,0.227946368,-0.18086037,1.47366535,0.290981134,1.50211837,-50.7484193,-8.29188967,-40.6638367,-2.9773254,-5.6876719,-65.577755,False,False
NGC 6624,-256.5,256.301096,-24.3751856,8.48308339,-1.23471816,10.0357862,0.233127863,-0.180008433,1.47770912,0.294536307,1.50677665,-50.5793668,-8.36825328,-38.4162412,-3.02124868,-5.65247428,-65.0664161,False,False
NGC 6624,-256.6,256.288114,-24.3584718,8.48880681,-1.22806515,10.0551845,0.238291847,-0.179148752,1.48152324,0.298122927,1.51122083,-50.4059931,-8.44331074,-36.172809,-3.06490996,-5.61745811,-64.5492649,False,False
NGC 6624,-256.7,256.276516,-24.3426241,8.49447396,-1.22137071,10.0730545,0.24343788,-0.178281461,1.48510813,0.301738762,1.51545123,-50.228307,-8.51709402,-33.9333494,-3.10831742,-5.58262123,-64.0264579,False,False
NGC 6624,-256.8,256.266297,-24.3276397,8.50008427,-1.21463583,10.0894028,0.248565521,-0.177406687,1.48846418,0.305381648,1.51946819,-50.0463153,-8.58963422,-31.6976732,-3.15147917,-5.54796145,-63.4981476,False,False
NGC 6624,-256.9,256.257448,-24.3135159,8.50563717,-1.20786146,10.1042358,0.253674329,-0.176524557,1.49159177,0.309049485,1.52327201,-49.8600228,-8.6609616,-29.4655928,-3.19440319,-5.51347655,-62.9644831,False,False
NGC 6624,-257,256.249964,-24.3002498,8.51113213,-1.20104853,10.1175596,0.258763864,-0.175635194,1.49449126,0.312740242,1.52686299,-49.6694326,-8.73110562,-27.2369218,-3.23709739,-5.47916431,-62.4256097,False,False
NGC 6624,-257.1,256.243838,-24.287839,8.51656863,-1.19419795,10.1293801,0.263833689,-0.174738715,1.49716299,0.316451946,1.53024144,-49.4745463,-8.80009496,-25.011475,-3.27956958,-5.44502247,-61.8816694,False,False
NGC 6624,-257.2,256.239064,-24.2762807,8.52194616,-1.18731059,10.1397031,0.268883362,-0.173835239,1.49960727,0.320182686,1.53340762,-49.2753632,-8.86795756,-22.7890687,-3.32182747,-5.41104878,-61.332801,False,False
NGC 6624,-257.3,256.235636,-24.2655725,8.52726421,-1.18038731,10.1485341,0.273912445,-0.172924879,1.50182442,0.323930612,1.53636181,-49.0718813,-8.93472067,-20.5695203,-3.36387871,-5.37724096,-60.7791399,False,False
NGC 6624,-257.4,256.233548,-24.2557118,8.53252231,-1.17342895,10.1558786,0.278920497,-0.172007746,1.5038147,0.327693925,1.53910428,-48.8640965,-9.00041085,-18.3526482,-3.40573084,-5.34359672,-60.2208185,False,False
NGC 6624,-257.5,256.232796,-24.2466962,8.53771999,-1.16643632,10.1617416,0.283907079,-0.171083949,1.5055784,0.331470884,1.54163526,-48.6520032,-9.06505403,-16.1382718,-3.44739134,-5.31011377,-59.6579661,False,False
NGC 6624,-257.6,256.233373,-24.2385235,8.5428568,-1.15941019,10.1661281,0.288871749,-0.170153593,1.50711575,0.335259799,1.54395499,-48.4355939,-9.12867552,-13.9262118,-3.48886761,-5.2767898,-59.0907091,False,False
NGC 6624,-257.7,256.235275,-24.2311913,8.54793229,-1.15235136,10.169043,0.293814066,-0.169216781,1.50842697,0.339059028,1.5460637,-48.2148596,-9.19130005,-11.7162895,-3.53016697,-5.2436225,-58.5191708,False,False
NGC 6624,-257.8,256.238498,-24.2246973,8.55294603,-1.14526056,10.1704907,0.298733586,-0.168273615,1.50951229,0.342866978,1.5479616,-47.9897893,-9.25295178,-9.50832713,-3.57129667,-5.21060954,-57.9434721,False,False
NGC 6624,-257.9,256.243037,-24.2190395,8.55789762,-1.13813851,10.1704756,0.303629866,-0.167324192,1.51037189,0.346682103,1.5496489,-47.7603704,-9.31365434,-7.30214783,-3.61226389,-5.17774861,-57.3637308,False,False
NGC 6624,-258,256.248887,-24.2142156,8.56278663,-1.13098594,10.169002,0.30850246,-0.166368609,1.51100594,0.350502898,1.5511258,-47.5265886,-9.37343087,-5.09757537,-3.65307575,-5.14503736,-56.7800623,False,False
NGC 6624,-258.1,256.256045,-24.2102238,8.56761269,-1.12380353,10.1660739,0.313350921,-0.165406959,1.51141461,0.354327901,1.55239247,-47.2884278,-9.432304,-2.8944342,-3.6937393,-5.11247346,-56.1925794,False,False
NGC 6624,-258.2,256.264507,-24.2070619,8.57237541,-1.11659194,10.161695,0.3181748,-0.164439333,1.51159802,0.358155689,1.55344909,-47.0458701,-9.49029591,-0.692549393,-3.73426155,-5.08005459,-55.6013923,False,False
NGC 6624,-258.3,256.274269,-24.2047282,8.57707441,-1.10935183,10.155869,0.322973647,-0.16346582,1.5115563,0.361984876,1.55429582,-46.7988962,-9.54742836,1.50825343,-3.77464943,-5.04777839,-55.0066088,False,False
NGC 6624,-258.4,256.285329,-24.2032207,8.58170935,-1.10208384,10.1485993,0.327747009,-0.162486507,1.51128955,0.365814115,1.55493282,-46.5474846,-9.60372267,3.70814818,-3.81490982,-5.01564252,-54.4083345,False,False
NGC 6624,-258.5,256.297683,-24.2025377,8.58627987,-1.09478857,10.1398892,0.332494431,-0.161501479,1.51079785,0.369642089,1.55536022,-46.2916122,-9.65919979,5.90730832,-3.85504955,-4.98364466,-53.8066724,False,False
NGC 6624,-258.6,256.311328,-24.2026774,8.59078564,-1.08746663,10.1297418,0.337215455,-0.160510818,1.51008127,0.373467516,1.55557817,-46.0312544,-9.7138803,8.10590697,-3.8950754,-4.95178245,-53.2017234,False,False
NGC 6624,-258.7,256.326263,-24.2036381,8.59522633,-1.0801186,10.1181598,0.341909621,-0.159514605,1.50913986,0.377289144,1.55558678,-45.7663844,-9.76778441,10.3041169,-3.93499411,-4.92005356,-52.5935863,False,False
NGC 6624,-258.8,256.342483,-24.2054184,8.59960162,-1.07274503,10.1051461,0.346576468,-0.158512917,1.50797365,0.38110575,1.55538617,-45.4969738,-9.82093203,12.5021108,-3.97481237,-4.88845565,-51.9823576,False,False
NGC 6624,-258.9,256.359988,-24.2080167,8.60391122,-1.06534649,10.0907031,0.351215527,-0.157505832,1.50658265,0.384916139,1.55497644,-45.2229924,-9.87334274,14.7000608,-4.01453682,-4.85698639,-51.3681318,False,False
NGC 6624,-259,256.378775,-24.2114314,8.60815481,-1.05792349,10.0748331,0.355826332,-0.156493424,1.50496686,0.38871914,1.55435769,-44.944408,-9.92503584,16.8981394,-4.05417408,-4.82564346,-50.7510014,False,False
NGC 6624,-259.1,256.398843,-24.2156613,8.61233211,-1.05047656,10.0575383,0.360408408,-0.155475765,1.50312626,0.39251361,1.55353001,-44.6611868,-9.97603038,19.0965185,-4.09373072,-4.79442452,-50.1310568,False,False
NGC 6624,-259.2,256.420191,-24.2207049,8.61644285,-1.04300618,10.0388206,0.36496128,-0.154452926,1.5010608,0.396298426,1.55249347,-44.3732928,-10.0263451,21.2953705,-4.13321328,-4.76332725,-49.5083865,False,False
NGC 6624,-259.3,256.442816,-24.2265611,8.62048676,-1.03551286,10.0186818,0.369484469,-0.153424975,1.49877043,0.400072488,1.55124814,-44.0806883,-10.0759986,23.4948673,-4.17262826,-4.73234935,-48.8830772,False,False
NGC 6624,-259.4,256.466718,-24.2332285,8.62446357,-1.02799704,9.99712349,0.373977489,-0.152391979,1.49625507,0.403834716,1.54979409,-43.7833336,-10.1250092,25.6951814,-4.21198214,-4.70148849,-48.2552135,False,False
NGC 6624,-259.5,256.491896,-24.2407061,8.62837304,-1.0204592,9.97414707,0.378439855,-0.151354002,1.49351464,0.40758405,1.54813137,-43.4811869,-10.173395,27.8964851,-4.25128137,-4.67074238,-47.6248785,False,False
NGC 6624,-259.6,256.51835,-24.2489927,8.63221493,-1.01289975,9.94975376,0.382871072,-0.150311109,1.49054902,0.411319447,1.54626002,-43.1742046,-10.2211741,30.0989511,-4.29053239,-4.64010872,-46.9921532,False,False
NGC 6624,-259.7,256.546079,-24.2580874,8.63598899,-1.00531914,9.92394459,0.387270645,-0.149263359,1.48735808,0.415039881,1.54418009,-42.8623408,-10.2683641,32.3027521,-4.32974159,-4.60958523,-46.3571171,False,False
NGC 6624,-259.8,256.575083,-24.2679892,8.639695,-0.997717751,9.89672042,0.391638072,-0.148210812,1.48394168,0.418744342,1.54189161,-42.5455478,-10.3149829,34.5080613,-4.36891536,-4.57916962,-45.7198479,False,False
NGC 6624,-259.9,256.605362,-24.2786973,8.64333275,-0.990095994,9.86808191,0.395972845,-0.147153526,1.48029966,0.422431834,1.5393946,-42.2237755,-10.3610479,36.7150523,-4.40806007,-4.54885963,-45.0804217,False,False
NGC 6624,-260,256.636916,-24.2902107,8.64690203,-0.982454243,9.83802957,0.400274454,-0.146091556,1.47643183,0.426101374,1.53668908,-41.8969718,-10.4065767,38.9238989,-4.44718207,-4.51865299,-44.4389126,False,False
NGC 6624,-260.1,256.669747,-24.3025288,8.65040263,-0.974792862,9.80656368,0.40454238,-0.145024956,1.472338,0.429751993,1.53377507,-41.5650824,-10.4515865,41.1347755,-4.4862877,-4.48854746,-43.7953936,False,False
NGC 6624,-260.2,256.703854,-24.3156508,8.65383435,-0.967112202,9.77368438,0.408776102,-0.14395378,1.46801795,0.433382732,1.53065257,-41.2280506,-10.4960946,43.347857,-4.52538331,-4.45854079,-43.1499358,False,False
NGC 6624,-260.3,256.739238,-24.3295762,8.65719702,-0.959412599,9.73939159,0.412975089,-0.142878076,1.46347145,0.436992641,1.52732159,-40.8858174,-10.5401184,45.5633187,-4.56447519,-4.42863076,-42.5026087,False,False
NGC 6624,-260.4,256.775901,-24.3443042,8.66049044,-0.951694374,9.70368508,0.417138807,-0.141797894,1.45869823,0.440580784,1.52378212,-40.5383217,-10.5836751,47.7813366,-4.60356969,-4.39881515,-41.8534803,False,False
NGC 6624,-260.5,256.813845,-24.3598346,8.66371445,-0.943957835,9.66656442,0.421266714,-0.140713281,1.45369804,0.444146228,1.52003417,-40.1854995,-10.6267818,50.0020873,-4.6426731,-4.36909175,-41.2026172,False,False
NGC 6624,-260.6,256.85307,-24.3761667,8.66686888,-0.936203276,9.62802899,0.425358263,-0.139624281,1.44847058,0.447688052,1.51607771,-39.8272847,-10.6694557,52.225748,-4.68179175,-4.3394584,-40.5500842,False,False
NGC 6624,-260.7,256.893579,-24.3933002,8.66995357,-0.928430976,9.58807799,0.429412898,-0.138530939,1.44301555,0.451205339,1.51191275,-39.4636085,-10.7117143,54.4524966,-4.72093194,-4.30991289,-39.8959449,False,False
NGC 6624,-260.8,256.935373,-24.4112348,8.67296837,-0.9206412,9.54671045,0.433430057,-0.137433295,1.43733263,0.454697179,1.50753926,-39.0943995,-10.7535746,56.6825118,-4.76009999,-4.28045309,-39.2402612,False,False
NGC 6624,-260.9,256.978455,-24.4299703,8.67591312,-0.912834198,9.50392519,0.43740917,-0.13633139,1.43142146,0.458162668,1.50295723,-38.7195836,-10.7950541,58.915973,-4.79930223,-4.25107684,-38.5830936,False,False
NGC 6624,-261,257.022828,-24.4495064,8.6787877,-0.905010208,9.45972085,0.441349661,-0.135225261,1.42528169,0.461600904,1.49816664,-38.339084,-10.8361702,61.1530606,-4.83854498,-4.22178202,-37.9245011,False,False
NGC 6624,-261.1,257.068495,-24.4698431,8.68159196,-0.897169455,9.41409591,0.445250943,-0.134114945,1.41891293,0.46501099,1.49316748,-37.9528209,-10.8769405,63.3939553,-4.87783459,-4.19256652,-37.2645413,False,False
NGC 6624,-261.2,257.115457,-24.4909802,8.68432578,-0.889312146,9.36704862,0.449112424,-0.133000476,1.4123148,0.468392032,1.48795974,-37.5607118,-10.9173827,65.6388393,-4.91717739,-4.16342826,-36.6032704,False,False
NGC 6624,-261.3,257.163719,-24.5129177,8.68698902,-0.881438476,9.31857708,0.4529335,-0.131881887,1.40548686,0.471743138,1.48254339,-37.162671,-10.9575145,67.8878951,-4.95657976,-4.13436517,-35.9407429,False,False
NGC 6624,-261.4,257.213284,-24.5356557,8.68958159,-0.873548625,9.26867918,0.456713562,-0.130759209,1.39842869,0.475063415,1.47691843,-36.7586099,-10.9973541,70.1413064,-4.99604808,-4.1053752,-35.2770121,False,False
NGC 6624,-261.5,257.264155,-24.5591943,8.69210336,-0.865642761,9.21735263,0.460451988,-0.129632471,1.39113983,0.478351973,1.47108485,-36.3484365,-11.0369195,72.3992577,-5.03558872,-4.07645634,-34.6121297,False,False
NGC 6624,-261.6,257.316337,-24.5835337,8.69455423,-0.857721033,9.16459495,0.464148148,-0.1285017,1.38361981,0.481607921,1.46504265,-35.9320557,-11.0762292,74.6619342,-5.07520812,-4.04760657,-33.946146,False,False
NGC 6624,-261.7,257.369834,-24.6086741,8.69693409,-0.849783579,9.11040347,0.467801403,-0.12736692,1.37586813,0.484830367,1.45879183,-35.509369,-11.1153018,76.9295222,-5.1149127,-4.01882394,-33.2791098,False,False
NGC 6624,-261.8,257.424649,-24.6346157,8.69924285,-0.84183052,9.05477533,0.471411102,-0.126228156,1.36788429,0.488018416,1.4523324,-35.0802742,-11.1541563,79.2022088,-5.1547089,-3.99010649,-32.6110685,False,False
NGC 6624,-261.9,257.480788,-24.661359,8.70148043,-0.833861963,8.99770747,0.474976585,-0.125085429,1.35966774,0.491171173,1.44566438,-34.6446658,-11.1928119,81.4801819,-5.19460322,-3.96145231,-31.9420677,False,False
NGC 6624,-262,257.538256,-24.6889043,8.70364673,-0.825878,8.93919664,0.478497181,-0.123938758,1.35121795,0.494287738,1.43878779,-34.2024343,-11.231288,83.7636302,-5.23460215,-3.93285951,-31.272152,False,False
NGC 6624,-262.1,257.597058,-24.7172521,8.70574167,-0.817878706,8.87923941,0.481972205,-0.12278816,1.34253433,0.497367207,1.43170268,-33.7534666,-11.2696046,86.0527432,-5.2747122,-3.90432626,-30.601364,False,False
NGC 6624,-262.2,257.657198,-24.746403,8.70776517,-0.809864141,8.81783215,0.485400963,-0.12163365,1.33361631,0.500408673,1.42440911,-33.2976454,-11.3077819,88.3477112,-5.31493994,-3.87585073,-29.9297449,False,False
NGC 6624,-262.3,257.718683,-24.7763574,8.70971716,-0.801834351,8.75497102,0.488782748,-0.120475242,1.32446327,0.503411223,1.41690713,-32.8348494,-11.3458406,90.6487252,-5.35529195,-3.84743114,-29.2573346,False,False
NGC 6624,-262.4,257.781519,-24.807116,8.71159758,-0.793789363,8.69065201,0.492116841,-0.119312947,1.31507458,0.506373938,1.40919684,-32.3649532,-11.3838017,92.9559765,-5.39577481,-3.81906577,-28.5841709,False,False
NGC 6624,-262.5,257.845711,-24.8386795,8.71340635,-0.785729189,8.6248709,0.495402508,-0.118146774,1.30544961,0.509295892,1.40127834,-31.8878267,-11.4216868,95.2696573,-5.43639518,-3.79075291,-27.9102903,False,False
NGC 6624,-262.6,257.911266,-24.8710486,8.71514342,-0.777653824,8.55762328,0.498639004,-0.116976729,1.29558767,0.512176153,1.39315176,-31.4033356,-11.4595179,97.5899601,-5.47715969,-3.76249093,-27.2357275,False,False
NGC 6624,-262.7,257.978191,-24.9042242,8.71680872,-0.769563246,8.48890454,0.501825567,-0.115802817,1.28548809,0.515013779,1.38481725,-30.9113406,-11.4973177,99.9170776,-5.51807505,-3.73427823,-26.5605156,False,False
NGC 6624,-262.8,258.046492,-24.9382069,8.71840221,-0.761457415,8.41870986,0.504961424,-0.11462504,1.27515015,0.517807821,1.37627499,-30.4116977,-11.5351092,102.251203,-5.55914797,-3.70611327,-25.8846859,False,False
NGC 6624,-262.9,258.116177,-24.9729978,8.71992383,-0.753336274,8.34703424,0.508045784,-0.113443397,1.26457313,0.52055732,1.36752518,-29.9042578,-11.5729162,104.592528,-5.60038517,-3.67799458,-25.2082677,False,False
NGC 6624,-263,258.187252,-25.0085977,8.72137353,-0.745199745,8.27387248,0.511077842,-0.112257886,1.25375629,0.523261306,1.35856808,-29.3888666,-11.6107632,106.941247,-5.64179343,-3.64992073,-24.5312887,False,False
NGC 6624,-263.1,258.259727,-25.0450077,8.72275127,-0.737047734,8.19921917,0.514056778,-0.111068502,1.24269885,0.525918799,1.34940395,-28.8653644,-11.6486752,109.297551,-5.68337953,-3.62189038,-23.8537746,False,False
NGC 6624,-263.2,258.333608,-25.0822287,8.724057,-0.728880125,8.12306872,0.516981752,-0.109875235,1.23140004,0.528528807,1.34003311,-28.3335859,-11.6866781,111.661632,-5.72515026,-3.59390224,-23.175749,False,False
NGC 6624,-263.3,258.408904,-25.1202617,8.72529069,-0.720696784,8.0454153,0.51985191,-0.108678076,1.21985904,0.531090325,1.33045594,-27.7933598,-11.7247984,114.033681,-5.76711247,-3.56595513,-22.4972338,False,False
NGC 6624,-263.4,258.485623,-25.159108,8.72645229,-0.712497555,7.96625294,0.52266638,-0.107477011,1.20807503,0.533602335,1.32067283,-27.2445091,-11.7630635,116.413888,-5.80927296,-3.53804793,-21.8182484,False,False
NGC 6624,-263.5,258.563774,-25.1987686,8.72754178,-0.704282262,7.88557542,0.525424268,-0.106272025,1.19604717,0.536063807,1.31068427,-26.6868503,-11.8015019,118.802439,-5.8516386,-3.51017962,-21.1388102,False,False
NGC 6624,-263.6,258.643366,-25.2392448,8.72855911,-0.696050709,7.80337635,0.528124666,-0.105063097,1.1837746,0.538473692,1.30049076,-26.1201937,-11.8401426,121.199522,-5.89421622,-3.4823493,-20.4589345,False,False
NGC 6624,-263.7,258.724409,-25.2805376,8.72950425,-0.687802673,7.71964913,0.530766643,-0.103850205,1.17125643,0.540830929,1.29009291,-25.5443426,-11.879016,123.605319,-5.93701267,-3.45455614,-19.778634,False,False
NGC 6624,-263.8,258.806912,-25.3226485,8.73037718,-0.679537913,7.63438698,0.533349248,-0.102633325,1.15849176,0.54313444,1.27949138,-24.9590935,-11.9181532,126.02001,-5.98003478,-3.42679946,-19.0979192,False,False
NGC 6624,-263.9,258.890884,-25.3655785,8.73117786,-0.671256161,7.5475829,0.535871509,-0.101412427,1.14547968,0.545383126,1.2686869,-24.3642358,-11.9575865,128.443773,-6.02328936,-3.39907871,-18.416798,False,False
NGC 6624,-264,258.976337,-25.409329,8.73190625,-0.662957125,7.45922972,0.538332433,-0.10018748,1.13221925,0.547575875,1.25768031,-23.7595511,-11.9973495,130.87678,-6.06678319,-3.37139347,-17.7352755,False,False
NGC 6624,-264.1,259.063279,-25.4539014,8.73256234,-0.654640487,7.36932006,0.540731003,-0.0989584476,1.11870951,0.549711553,1.24647252,-23.1448137,-12.0374768,133.319198,-6.11052302,-3.34374346,-17.0533544,False,False
NGC 6624,-264.2,259.151723,-25.4992969,8.73314609,-0.646305904,7.27784637,0.543066179,-0.0977252913,1.10494949,0.551789006,1.23506456,-22.5197895,-12.0780045,135.77119,-6.15451553,-3.3161286,-16.3710345,False,False
NGC 6624,-264.3,259.241679,-25.5455169,8.73365748,-0.637953005,7.18480089,0.545336896,-0.0964879682,1.09093821,0.553807059,1.22345757,-21.8842364,-12.1189698,138.232909,-6.19876735,-3.28854897,-15.6883125,False,False
NGC 6624,-264.4,259.333159,-25.5925627,8.73409646,-0.629581388,7.09017571,0.547542066,-0.0952464315,1.07667466,0.555764516,1.2116528,-21.2379037,-12.1604116,140.704503,-6.24328499,-3.26100484,-15.0051823,False,False
NGC 6624,-264.5,259.426173,-25.6404356,8.73446302,-0.621190627,6.9939627,0.549680572,-0.0940006304,1.06215782,0.557660157,1.19965165,-20.5805316,-12.2023702,143.18611,-6.28807489,-3.23349673,-14.3216344,False,False
NGC 6624,-264.6,259.520734,-25.6891371,8.73475712,-0.61278026,6.89615361,0.551751273,-0.09275051,1.04738667,0.559492738,1.18745567,-19.9118513,-12.2448875,145.677858,-6.33314333,-3.20602537,-13.6376563,False,False
NGC 6624,-264.7,259.616854,-25.7386683,8.73497873,-0.604349796,6.79673998,0.553752996,-0.0914960108,1.03236017,0.561260992,1.17506656,-19.2315847,-12.2880069,148.179861,-6.37849644,-3.17859177,-12.953232,False,False
NGC 6624,-264.8,259.714545,-25.7890307,8.73512781,-0.595898711,6.69571321,0.555684543,-0.0902370691,1.01707725,0.562963622,1.16248621,-18.5394436,-12.3317739,150.692221,-6.42414017,-3.15119722,-12.2683418,False,False
NGC 6624,-264.9,259.81382,-25.8402254,8.73520433,-0.587426446,6.59306454,0.557544684,-0.0889736161,1.00153686,0.564599308,1.14971669,-17.8351299,-12.3762356,153.215026,-6.47008024,-3.12384332,-11.5829626,False,False
NGC 6624,-265,259.914692,-25.8922538,8.73520824,-0.578932406,6.48878509,0.559332158,-0.0877055784,0.98573792,0.5661667,1.1367603,-17.1183352,-12.421441,155.748343,-6.5163221,-3.09653203,-10.8970676,False,False
NGC 6624,-265.1,260.017174,-25.9451169,8.73513951,-0.57041596,6.38286582,0.561045674,-0.0864328772,0.969679355,0.567664417,1.12361957,-16.3887406,-12.4674414,158.29222,-6.56287089,-3.06926567,-10.2106259,False,False
NGC 6624,-265.2,260.121279,-25.9988161,8.73499809,-0.561876435,6.27529758,0.562683904,-0.0851554287,0.953360083,0.569091049,1.11029729,-15.6460159,-12.5142899,160.846683,-6.60973141,-3.04204701,-9.52360289,False,False
NGC 6624,-265.3,260.227021,-26.0533522,8.73478393,-0.553313123,6.16607114,0.564245489,-0.0838731431,0.936779022,0.570445156,1.09679652,-14.8898202,-12.5620422,163.41173,-6.65690802,-3.01487927,-8.83595969,False,False
NGC 6624,-265.4,260.334415,-26.1087263,8.73449697,-0.544725269,6.05517717,0.565729032,-0.0825859252,0.919935091,0.57172526,1.08312065,-14.119801,-12.6107561,165.98733,-6.7044046,-2.98776617,-8.14765341,False,False
NGC 6624,-265.5,260.443473,-26.1649394,8.73413716,-0.536112077,5.94260625,0.567133103,-0.0812936736,0.902827212,0.572929855,1.0692734,-13.3355943,-12.6604918,168.573418,-6.75222447,-2.96071203,-7.45863693,False,False
NGC 6624,-265.6,260.554211,-26.2219921,8.73370443,-0.527472705,5.82834894,0.568456231,-0.0799962804,0.885454319,0.574057394,1.05525885,-12.5368245,-12.7113123,171.169891,-6.80037028,-2.93372177,-6.76885889,False,False
NGC 6624,-265.7,260.666642,-26.279885,8.73319872,-0.518806261,5.71239578,0.569696906,-0.0786936316,0.867815357,0.575106297,1.04108153,-11.723104,-12.7632829,173.776603,-6.84884395,-2.90680102,-6.07826366,False,False
NGC 6624,-265.8,260.780782,-26.3386188,8.73261994,-0.510111806,5.59473732,0.57085358,-0.077385606,0.849909288,0.576074944,1.02674639,-10.8940336,-12.8164718,176.393356,-6.89764653,-2.87995618,-5.38679141,False,False
NGC 6624,-265.9,260.896645,-26.3981937,8.73196803,-0.501388348,5.47536413,0.571924661,-0.0760720753,0.831735097,0.576961679,1.01225889,-10.0492024,-12.8709503,179.019899,-6.94677806,-2.85319452,-4.69437816,False,False
NGC 6624,-266,261.014247,-26.4586098,8.73124288,-0.492634842,5.35426688,0.572908516,-0.074752904,0.813291799,0.577764801,0.997625038,-9.18818768,-12.9267922,181.655915,-6.99623743,-2.82652426,-4.00095587,False,False
NGC 6624,-266.1,261.133601,-26.519867,8.73044441,-0.483850185,5.23143635,0.573803469,-0.0734279487,0.794578445,0.578482571,0.982851458,-8.31055554,-12.9840745,184.301017,-7.04602224,-2.79995468,-3.30645271,False,False
NGC 6624,-266.2,261.254723,-26.581965,8.7295725,-0.475033217,5.10686349,0.574607796,-0.072097058,0.775594127,0.579113206,0.96794543,-7.41586122,-13.0428773,186.954733,-7.09612854,-2.77349628,-2.61079328,False,False
NGC 6624,-266.3,261.377628,-26.644903,8.72862706,-0.466182717,4.98053949,0.57531973,-0.0707600722,0.756337994,0.57965488,0.952914971,-6.50364967,-13.1032838,189.6165,-7.14655065,-2.74716086,-1.91389901,False,False
NGC 6624,-266.4,261.50233,-26.7086801,8.72760795,-0.457297398,4.85245582,0.575937455,-0.0694168228,0.736809255,0.580105721,0.937768909,-5.5734564,-13.1653805,192.285648,-7.19728091,-2.72096174,-1.21568866,False,False
NGC 6624,-266.5,261.628845,-26.7732949,8.72651506,-0.448375911,4.7226043,0.576459109,-0.0680671326,0.717007195,0.580463814,0.922516968,-4.62480856,-13.2292567,194.961386,-7.24830932,-2.6949139,-0.516078934,False,False
NGC 6624,-266.6,261.757187,-26.8387457,8.72534824,-0.439416834,4.59097721,0.57688278,-0.0667108147,0.696931186,0.580727194,0.907169858,-3.65722635,-13.2950053,197.642787,-7.29962328,-2.66903419,0.185014712,False,False
NGC 6624,-266.7,261.887369,-26.9050301,8.72410735,-0.430418678,4.45756737,0.577206505,-0.0653476728,0.676580702,0.580893853,0.891739376,-2.67022475,-13.362722,200.328765,-7.35120713,-2.64334161,0.887677066,False,False
NGC 6624,-266.8,262.019406,-26.9721453,8.72279223,-0.421379879,4.32236825,0.577428275,-0.0639775005,0.655955339,0.580961732,0.876238518,-1.66331573,-13.4325056,203.018059,-7.40304174,-2.61785748,1.59199194,False,False
NGC 6624,-266.9,262.15331,-27.0400879,8.72140272,-0.412298795,4.18537409,0.577546029,-0.0626000814,0.635054831,0.580928726,0.860681604,-0.636010884,-13.5044576,205.7092,-7.45510395,-2.59260587,2.2980407,False,False
NGC 6624,-267,262.289094,-27.1088538,8.71993865,-0.403173708,4.04658005,0.577557655,-0.0612151884,0.613879074,0.580792686,0.84508441,0.412175193,-13.5786821,208.400491,-7.50736602,-2.56761381,3.00590045,False,False
NGC 6624,-267.1,262.42677,-27.1784381,8.71839983,-0.394002819,3.90598235,0.577460993,-0.0598225837,0.592428149,0.58055141,0.829464316,1.48172096,-13.6552853,211.089966,-7.55979488,-2.54291182,3.71564189,False,False
NGC 6624,-267.2,262.566348,-27.2488349,8.71678608,-0.384784245,3.76357852,0.577253836,-0.0584220184,0.570702357,0.580202657,0.813840466,2.57309309,-13.7343755,213.775357,-7.61235133,-2.51853425,4.4273268,False,False
NGC 6624,-267.3,262.707838,-27.3200374,8.71509721,-0.375516021,3.61936754,0.576933927,-0.0570132326,0.548702246,0.579744137,0.798233938,3.68674077,-13.8160618,216.454047,-7.66498918,-2.49451987,5.14100502,False,False
NGC 6624,-267.4,262.851248,-27.3920378,8.71333301,-0.366196095,3.47335012,0.576498967,-0.0555959552,0.526428651,0.579173522,0.782667933,4.82308877,-13.900454,219.123022,-7.71765407,-2.47091245,5.85671104,False,False
NGC 6624,-267.5,262.996583,-27.4648269,8.71149329,-0.356822329,3.325529,0.575946613,-0.054169904,0.503882738,0.578488444,0.76716797,5.98252938,-13.9876615,221.778809,-7.77028234,-2.44776142,6.57445994,False,False
NGC 6624,-267.6,263.143848,-27.5383939,8.70957783,-0.347392498,3.17590927,0.575274486,-0.0527347853,0.481066058,0.5776865,0.751762093,7.16541285,-14.0777921,224.417415,-7.82279952,-2.42512267,7.29424285,False,False
NGC 6624,-267.7,263.293045,-27.6127265,8.70758645,-0.337904292,3.02449871,0.574480173,-0.0512902949,0.457980596,0.576765259,0.736481086,8.37203629,-14.1709508,227.034244,-7.87511872,-2.40305944,8.01602189,False,False
NGC 6624,-267.8,263.444172,-27.6878107,8.70551893,-0.328355316,2.87130827,0.573561232,-0.0498361178,0.434628843,0.575722265,0.721358688,9.60263072,-14.2672381,229.624012,-7.92713875,-2.38164331,8.73972443,False,False
NGC 6624,-267.9,263.597225,-27.7636301,8.70337511,-0.318743093,2.71635255,0.572515205,-0.0483719294,0.41101387,0.574555048,0.706431812,10.8573462,-14.3667483,232.180649,-7.97874193,-2.36095539,9.46523708,False,False
NGC 6624,-268,263.752195,-27.840166,8.70115479,-0.309065068,2.55965036,0.57133962,-0.0468973954,0.387139414,0.573261134,0.691740742,12.1362347,-14.469567,234.697182,-8.02979163,-2.34108758,10.1923991,False,False
NGC 6624,-268.1,263.90907,-27.9173971,8.69885782,-0.299318616,2.40122536,0.570032008,-0.0454121736,0.363009976,0.57183805,0.677329313,13.4392312,-14.5757688,237.165608,-8.08012953,-2.32214405,10.920996,False,False
NGC 6624,-268.2,264.06783,-27.9952988,8.69648407,-0.289501044,2.24110687,0.568589912,-0.0439159148,0.338630935,0.570283347,0.663245057,14.7661322,-14.685414,239.576757,-8.12957254,-2.30424279,11.6507534,False,False
NGC 6624,-268.3,264.228451,-28.0738432,8.69403344,-0.279609606,2.07933062,0.567010905,-0.0424082644,0.314008673,0.568594607,0.649539278,16.1165716,-14.7985459,241.920134,-8.17790937,-2.28751737,12.3813313,False,False
NGC 6624,-268.4,264.390902,-28.1529982,8.69150586,-0.269641511,1.9159398,0.565292606,-0.0408888646,0.289150719,0.566769467,0.636267057,17.4899961,-14.9151864,244.183764,-8.22489709,-2.27211861,13.1123201,False,False
NGC 6624,-268.5,264.555141,-28.2327275,8.6889013,-0.25959394,1.75098606,0.563432701,-0.0393573563,0.264065912,0.564805639,0.623487142,18.8856377,-15.0353327,246.354036,-8.27025765,-2.25821628,13.8432396,False,False
NGC 6624,-268.6,264.72112,-28.3129896,8.68621981,-0.249464062,1.58453071,0.561428968,-0.0378133826,0.23876457,0.562700931,0.611261693,20.3024865,-15.1589529,248.415568,-8.31367465,-2.24600047,14.5735403,False,False
NGC 6624,-268.7,264.888777,-28.3937374,8.68346145,-0.239249055,1.41664595,0.559279301,-0.036256591,0.21325868,0.560453278,0.599655853,21.7392633,-15.2859819,250.351121,-8.35479133,-2.23568227,15.302611,False,False
NGC 6624,-268.8,265.058041,-28.4749176,8.68062639,-0.228946127,1.2474162,0.55698174,-0.0346866379,0.187562086,0.558060769,0.588737087,23.1943952,-15.4163174,252.141602,-8.39321018,-2.22749324,16.0297905,False,False
NGC 6624,-268.9,265.228824,-28.5564703,8.67771484,-0.218552545,1.07693929,0.554534501,-0.033103192,0.161690676,0.555521678,0.57857429,24.6659942,-15.5498166,253.76622,-8.42849576,-2.22168307,16.7543877,False,False
NGC 6624,-269,265.401027,-28.6383281,8.67472708,-0.208065658,0.905327566,0.551936011,-0.031505939,0.135662533,0.5528345,0.569236601,26.1518435,-15.6862933,255.202874,-8.46018227,-2.2185142,17.4757057,False,False
NGC 6624,-269.1,265.574532,-28.7204164,8.67166347,-0.197482934,0.732708597,0.54918494,-0.0298945857,0.109498042,0.549997986,0.560791946,27.6493935,-15.8255162,256.428833,-8.48778739,-2.21825273,18.193072,False,False
NGC 6624,-269.2,265.749208,-28.8026531,8.66852444,-0.186801984,0.559225324,0.546280236,-0.0282688652,0.0832199008,0.547011174,0.55330532,29.1557706,-15.9672089,257.421797,-8.51083394,-2.22115486,18.9058666,False,False
NGC 6624,-269.3,265.924907,-28.8849491,8.66531044,-0.176020596,0.38503536,0.543221155,-0.0266285406,0.0568530057,0.543873425,0.546836874,30.6678024,-16.1110519,258.161302,-8.52887901,-2.22744896,19.6135438,False,False
NGC 6624,-269.4,266.101469,-28.9672098,8.66202201,-0.165136766,0.210309271,0.540007293,-0.0249734103,0.0304241852,0.54058445,0.541439912,32.182061,-16.2566858,258.630365,-8.54154826,-2.23731508,20.3156404,False,False
NGC 6624,-269.5,266.27872,-29.049336,8.6586597,-0.154148719,0.0352276954,0.536638605,-0.0233033109,0.00396175352,0.537144336,0.537158945,33.6949246,-16.4037175,258.817113,-8.54857027,-2.25086498,21.0117638,False,False
NGC 6624,-269.6,266.456481,-29.1312266,8.65522413,-0.143054937,-0.140022502,0.533115426,-0.0216181207,-0.0225050771,0.533553559,0.534027976,35.2026539,-16.5517272,258.71605,-8.54980357,-2.26812719,21.7015608,False,False
NGC 6624,-269.7,266.634569,-29.2127806,8.65171591,-0.131854176,-0.31525275,0.529438473,-0.0199177619,-0.0489468875,0.529812999,0.532069179,36.70148,-16.7002769,258.328644,-8.54524988,-2.28904094,22.3846754,False,False
NGC 6624,-269.8,266.812802,-29.2939,8.64813571,-0.120545475,-0.490277411,0.525608846,-0.0182022022,-0.0753347572,0.525923929,0.531292109,38.1876943,-16.8489202,257.663074,-8.53504994,-2.31346081,23.060706,False,False
NGC 6624,-269.9,266.991005,-29.3744914,8.64448425,-0.109128163,-0.664917992,0.52162802,-0.0164714548,-0.101640905,0.521888015,0.531693496,39.6577339,-16.9972106,256.73322,-8.51946338,-2.34117089,23.7291757,False,False
NGC 6624,-270,267.169011,-29.4544683,8.64076229,-0.0976018622,-0.839006503,0.517497822,-0.0147255784,-0.127839199,0.517707291,0.53325763,41.1082564,-17.1447104,255.557166,-8.49883853,-2.37190485,24.3895249,False,False
NGC 6624,-270.1,267.346664,-29.5337518,8.63697063,-0.0859664794,-1.01238774,0.513220408,-0.0129646754,-0.1539055,0.513384135,0.535957249,42.5361987,-17.290998,254.155571,-8.4735789,-2.40536729,25.0411234,False,False
NGC 6624,-270.2,267.523822,-29.6122711,8.63311016,-0.074222198,-1.18492054,0.508798229,-0.0111888905,-0.17981785,0.50892124,0.539754841,43.9388182,-17.435674,252.550184,-8.44411277,-2.44125286,25.6833002,False,False
NGC 6624,-270.3,267.700353,-29.689964,8.62918183,-0.0623694644,-1.35647804,0.504234,-0.00939840789,-0.205556521,0.504321581,0.544604205,45.3137182,-17.578366,250.762683,-8.41086899,-2.47926111,26.3153798,False,False
NGC 6624,-270.4,267.876141,-29.7667762,8.62518667,-0.0504089715,-1.52694745,0.499530665,-0.00759344815,-0.231103962,0.499588377,0.550452166,46.6588569,-17.7187314,248.813863,-8.37426021,-2.51910657,26.9367194,False,False
NGC 6624,-270.5,268.051082,-29.8426608,8.62112573,-0.0383416404,-1.69622919,0.494691357,-0.0057742654,-0.256444679,0.494725056,0.557240302,47.9725451,-17.8564599,246.723146,-8.33467246,-2.56052475,27.5467405,False,False
NGC 6624,-270.6,268.225082,-29.9175782,8.61700016,-0.026168601,-1.86423592,0.489719363,-0.00394114378,-0.281565086,0.489735221,0.564906616,49.2534322,-17.9912741,244.508335,-8.29246001,-2.60327492,28.144952,False,False
NGC 6624,-270.7,268.398057,-29.9914946,8.61281114,-0.0138911716,-2.03089143,0.484618094,-0.00209439415,-0.306453329,0.484622619,0.573387065,50.5004867,-18.1229293,242.185535,-8.24794358,-2.64714069,28.7309651,True,True
NGC 6624,-270.8,268.569935,-30.0643823,8.60855986,-0.00151083924,-2.19612952,0.479391049,-0.000234350721,-0.331099117,0.479391107,0.582616905,51.7129701,-18.2512125,239.769189,-8.20141091,-2.69192932,29.3045,True,True
NGC 6624,-270.9,268.740651,-30.1362182,8.60424756,0.0109707597,-2.35989286,0.474041792,0.00163863206,-0.355493554,0.474044624,0.592531832,52.8904088,-18.3759413,237.272169,-8.15311853,-2.73747015,29.8653863,True,True
NGC 6624,-271,268.910146,-30.2069836,8.59987549,0.0235518584,-2.52213208,0.468573919,0.00352418256,-0.379628984,0.468587172,0.603068905,54.0325645,-18.4969614,234.705898,-8.1032942,-2.7836128,30.4135575,True,True
NGC 6624,-271.1,269.07837,-30.276664,8.59544489,0.0362305767,-2.68280474,0.462991044,0.00542191473,-0.403498854,0.46302279,0.614167265,55.1394044,-18.614145,232.080488,-8.0521396,-2.8302252,30.9490434,True,True
NGC 6624,-271.2,269.245278,-30.3452479,8.59095699,0.0490049372,-2.8418746,0.457296771,0.0073314307,-0.427097582,0.457355536,0.625768672,56.2110727,-18.727388,229.404867,-7.99983299,-2.87719161,31.4719597,True,True
NGC 6624,-271.3,269.410829,-30.4127269,8.58641303,0.0618728802,-2.99931083,0.451494683,0.00925232307,-0.450420442,0.451589476,0.637817865,57.2478633,-18.8366084,226.686915,-7.94653176,-2.92441083,31.9824963,True,True
NGC 6624,-271.4,269.57499,-30.4790953,8.58181419,0.0748322772,-3.15508736,0.445588328,0.0111841771,-0.473463469,0.445728666,0.650262794,58.2501954,-18.941743,223.933574,-7.89237477,-2.97179453,32.4809059,True,True
NGC 6624,-271.5,269.737728,-30.5443494,8.57716166,0.0878809425,-3.30918231,0.439581204,0.0131265724,-0.496223363,0.43977715,0.663054724,59.2185908,-19.0427461,221.150959,-7.83748449,-3.01926575,32.9674933,True,True
NGC 6624,-271.6,269.899016,-30.6084877,8.57245656,0.101016644,-3.46157745,0.43347675,0.0150790848,-0.51869741,0.433738944,0.676148264,60.1536537,-19.1395873,218.34445,-7.78196891,-3.06675749,33.4426041,True,True
NGC 6624,-271.7,270.058831,-30.6715102,8.56770001,0.114237113,-3.61225779,0.427278343,0.0170412877,-0.540883415,0.427618039,0.68950131,61.0560535,-19.2322491,215.518782,-7.72592322,-3.1142116,33.9066157,True,True
NGC 6624,-271.8,270.21715,-30.7334186,8.56289306,0.127540052,-3.76121115,0.420989285,0.0190127531,-0.562779636,0.421418394,0.703074947,61.926509,-19.3207256,212.678117,-7.66943135,-3.16157764,34.3599286,True,True
NGC 6624,-271.9,270.373954,-30.7942157,8.55803673,0.140923142,-3.90842782,0.414612807,0.0209930533,-0.584384729,0.415143936,0.716833314,62.7657752,-19.4050209,209.826114,-7.61256726,-3.20881198,34.8029588,True,True
NGC 6624,-272,270.529228,-30.8539055,8.55313202,0.154384051,-4.05390023,0.408152058,0.0229817612,-0.605697703,0.408798561,0.730743437,63.5746325,-19.4851476,206.965984,-7.55539613,-3.25587697,35.2361317,True,True
NGC 6624,-272.1,270.682956,-30.9124927,8.54817984,0.167920435,-4.19762272,0.401610107,0.0249784514,-0.626717874,0.402386134,0.744775063,64.3538766,-19.5611255,204.100546,-7.4979754,-3.30274023,35.6598763,True,True
NGC 6624,-272.2,270.835125,-30.9699832,8.54318109,0.181529947,-4.33959126,0.394989941,0.0269827008,-0.647444829,0.395910495,0.758900472,65.104311,-19.6329804,201.23227,-7.44035566,-3.34937399,36.0746209,True,True
NGC 6624,-272.3,270.985724,-31.0263834,8.53813663,0.195210239,-4.47980325,0.388294467,0.0289940895,-0.66787839,0.389375462,0.773094298,65.8267399,-19.7007434,198.363322,-7.38258147,-3.39575453,36.4807893,True,True
NGC 6624,-272.4,271.134743,-31.0817002,8.53304727,0.208958965,-4.61825735,0.381526507,0.0310122006,-0.688018587,0.382784838,0.787333353,66.5219634,-19.7644497,195.495592,-7.32469202,-3.44186171,36.8787975,True,True
NGC 6624,-272.5,271.282172,-31.1359411,8.52791376,0.222773786,-4.75495329,0.374688803,0.0330366211,-0.707865632,0.376142417,0.801596451,67.1907724,-19.824138,192.630734,-7.2667218,-3.48767854,37.2690517,True,True
NGC 6624,-272.6,271.428004,-31.189114,8.52273683,0.236652368,-4.88989174,0.367784017,0.0350669424,-0.727419894,0.369451991,0.81586425,67.8339458,-19.8798498,189.770188,-7.2087011,-3.53319078,37.6519459,True,True
NGC 6624,-272.7,271.572232,-31.2412272,8.51751718,0.250592391,-5.02307418,0.360814731,0.0371027599,-0.746681878,0.362717362,0.830119095,68.452247,-19.9316288,186.915205,-7.1506565,-3.57838662,38.0278611,True,True
NGC 6624,-272.8,271.71485,-31.2922893,8.51225545,0.264591544,-5.15450279,0.35378345,0.0391436737,-0.765652211,0.35594235,0.844344873,69.0464223,-19.9795203,184.066871,-7.09261132,-3.6232564,38.3971635,True,True
NGC 6624,-272.9,271.855852,-31.3423089,8.50695226,0.278647528,-5.28418032,0.346692605,0.0411892886,-0.784331622,0.349130807,0.858526886,69.617199,-20.0235709,181.226124,-7.03458593,-3.66779232,38.7602043,True,True
NGC 6624,-273,271.995234,-31.3912951,8.50160819,0.29275806,-5.41211007,0.339544553,0.0432392143,-0.80272093,0.342286624,0.87265172,70.165284,-20.0638281,178.393771,-6.97659815,-3.71198827,39.1173191,True,True
NGC 6624,-273.1,272.132991,-31.439257,8.49622378,0.306920871,-5.53829573,0.332341578,0.0452930652,-0.820821028,0.335413753,0.886707137,70.6913636,-20.1003399,175.570503,-6.91866347,-3.75583956,39.4688275,True,True
NGC 6624,-273.2,272.269121,-31.4862037,8.49079956,0.321133706,-5.66274137,0.325085897,0.0473504607,-0.838632877,0.328516219,0.900681969,71.1961024,-20.1331545,172.756908,-6.86079535,-3.79934282,39.8150332,True,True
NGC 6624,-273.3,272.403618,-31.5321446,8.485336,0.335394326,-5.78545134,0.317779659,0.0494110252,-0.856157493,0.321598136,0.914566025,71.6801433,-20.1623202,169.953483,-6.80300543,-3.84249578,40.1562239,True,True
NGC 6624,-273.4,272.536482,-31.5770888,8.47983357,0.349700508,-5.90643024,0.31042495,0.051474388,-0.873395937,0.314663729,0.928350001,72.1441074,-20.187885,167.160643,-6.74530374,-3.88529717,40.4926719,True,True
NGC 6624,-273.5,272.667709,-31.6210459,8.4742927,0.364050045,-6.02568289,0.303023792,0.0535401832,-0.89034931,0.307717353,0.942025405,72.588594,-20.2098965,164.378733,-6.68769886,-3.92774661,40.8246338,True,True
NGC 6624,-273.6,272.797297,-31.6640251,8.4687138,0.378440744,-6.14321421,0.295578147,0.0556080499,-0.907018745,0.300763522,0.955584481,73.014181,-20.2284019,161.608033,-6.63019807,-3.96984447,41.1523511,True,True
NGC 6624,-273.7,272.925244,-31.7060356,8.46309725,0.392870429,-6.25902928,0.288089919,0.0576776318,-0.9234054,0.293806927,0.969020146,73.4214252,-20.2434475,158.848765,-6.57280753,-4.01159179,41.4760509,True,True
NGC 6624,-273.8,273.051548,-31.7470869,8.45744341,0.40733694,-6.37313324,0.280560957,0.0597485775,-0.939510454,0.286852476,0.982325932,73.8108625,-20.2550791,156.101101,-6.51553235,-4.05299022,41.7959458,True,True
NGC 6624,-273.9,273.176208,-31.7871881,8.45175264,0.42183813,-6.48553128,0.272993055,0.0618205401,-0.9553351,0.279905318,0.995495926,74.1830089,-20.2633415,153.36517,-6.45837675,-4.09404191,42.1122348,True,True
NGC 6624,-274,273.299222,-31.8263482,8.44602525,0.436371867,-6.59622863,0.265387956,0.0638931773,-0.970880542,0.272970887,1.00852473,74.5383602,-20.2682784,150.64106,-6.40134411,-4.13474948,42.4251036,True,True
NGC 6624,-274.1,273.420589,-31.8645765,8.44026156,0.450936034,-6.7052305,0.257747354,0.0659661512,-0.986147993,0.266054941,1.02140741,74.8773936,-20.2699329,147.928823,-6.34443709,-4.17511594,42.7347251,True,True
NGC 6624,-274.2,273.540308,-31.9018818,8.43446184,0.465528527,-6.81254208,0.250072893,0.0680391282,-1.00113867,0.259163606,1.03413945,75.2005674,-20.2683467,145.22848,-6.28765769,-4.21514465,43.04126,True,True
NGC 6624,-274.3,273.658378,-31.9382731,8.42862638,0.480147256,-6.91816855,0.242366172,0.070111779,-1.01585379,0.252303434,1.04671674,75.5083219,-20.2635607,142.540025,-6.23100734,-4.25483925,43.344857,True,True
NGC 6624,-274.4,273.774798,-31.9737591,8.42275544,0.494790142,-7.022115,0.234628748,0.0721837785,-1.03029456,0.24548146,1.05913551,75.8010804,-20.2556144,139.863427,-6.17448692,-4.29420367,43.6456538,True,True
NGC 6624,-274.5,273.889567,-32.0083485,8.41684926,0.50945512,-7.12438648,0.226862132,0.0742548053,-1.04446219,0.238705264,1.07139231,76.0792491,-20.2445463,137.198632,-6.11809685,-4.33324206,43.943777,True,True
NGC 6624,-274.6,274.002683,-32.0420498,8.41090809,0.524140134,-7.22498793,0.219067797,0.0763245421,-1.0583579,0.23198305,1.083484,76.3432183,-20.2303939,134.545569,-6.06183715,-4.37195875,44.239343,True,True
NGC 6624,-274.7,274.114147,-32.0748714,8.40493215,0.538843141,-7.32392422,0.211247176,0.0783926753,-1.07198287,0.225323725,1.09540771,76.5933627,-20.2131933,131.904147,-6.00570743,-4.41035825,44.5324582,True,True
NGC 6624,-274.8,274.223956,-32.1068217,8.39892165,0.553562106,-7.42120011,0.203401663,0.0804588951,-1.08533829,0.218736989,1.10716081,76.8300419,-20.1929795,129.274262,-5.94970699,-4.44844521,44.8232196,True,True
NGC 6624,-274.9,274.332111,-32.1379087,8.39287681,0.568295007,-7.51682023,0.195532619,0.0825228949,-1.09842533,0.212233441,1.11874092,77.0536014,-20.1697864,126.655797,-5.89383479,-4.4862244,45.1117152,True,True
NGC 6624,-275,274.438611,-32.1681406,8.38679783,0.583039827,-7.61078912,0.187641368,0.0845843718,-1.11124516,0.20582468,1.13014583,77.2643725,-20.1436467,124.048621,-5.83808955,-4.5237007,45.3980241,True,True
NGC 6624,-275.1,274.543454,-32.1975251,8.38068489,0.59779456,-7.70311118,0.179729202,0.0866430261,-1.12379892,0.199523432,1.14137356,77.4626736,-20.1145919,121.452594,-5.78246973,-4.56087905,45.6822174,True,True
NGC 6624,-275.2,274.646639,-32.2260702,8.37453819,0.612557206,-7.79379066,0.171797379,0.0886985611,-1.13608774,0.193343669,1.15242229,77.6488102,-20.0826523,118.867569,-5.72697358,-4.59776449,45.964358,True,True
NGC 6624,-275.3,274.748167,-32.2537833,8.3683579,0.627325772,-7.8828317,0.16384713,0.0907506833,-1.14811275,0.187300743,1.16329035,77.8230753,-20.0478572,116.293388,-5.67159913,-4.63436211,46.2445017,True,True
NGC 6624,-275.4,274.848035,-32.280672,8.36214421,0.642098273,-7.97023828,0.155879653,0.0927991021,-1.15987504,0.18141152,1.17397625,77.9857504,-20.0102345,113.729887,-5.61634426,-4.67067701,46.5226965,True,True
NGC 6624,-275.5,274.946242,-32.3067436,8.35589729,0.656872727,-8.05601423,0.147896121,0.0948435299,-1.17137569,0.175694501,1.18447861,78.1371056,-19.9698112,111.176897,-5.56120667,-4.70671438,46.7989839,True,True
NGC 6624,-275.6,275.042789,-32.3320052,8.3496173,0.671647159,-8.14016325,0.139897677,0.0968836813,-1.18261578,0.170169937,1.19479617,78.2774001,-19.9266131,108.634244,-5.50618392,-4.74247938,47.0733987,True,True
NGC 6624,-275.7,275.137673,-32.3564641,8.34330442,0.686419597,-8.22268886,0.131885439,0.098919274,-1.19359635,0.164859916,1.20492782,78.4068828,-19.8806648,106.101748,-5.45127345,-4.77797722,47.3459692,True,True
NGC 6624,-275.8,275.230893,-32.3801269,8.33695881,0.701188074,-8.30359444,0.123860502,0.100950028,-1.20431843,0.159788398,1.21487251,78.5257925,-19.8319899,103.579228,-5.39647257,-4.81321312,47.6167179,True,True
NGC 6624,-275.9,275.322449,-32.4030006,8.33058064,0.715950624,-8.3828832,0.115823935,0.102975665,-1.21478303,0.154981198,1.22462933,78.6343582,-19.7806109,101.066496,-5.34177849,-4.84819227,47.8856612,True,True
NGC 6624,-276,275.412338,-32.4250918,8.32417006,0.730705285,-8.46055821,0.107776785,0.104995911,-1.22499115,0.150465865,1.23419743,78.7328001,-19.7265492,98.5633646,-5.28718834,-4.88291989,48.1528103,True,True
NGC 6624,-276.1,275.50056,-32.4464068,8.31772725,0.745450097,-8.53662235,0.0997200748,0.107010491,-1.23494375,0.146271455,1.24357605,78.821329,-19.6698251,96.0696433,-5.23269915,-4.91740118,48.4181706,True,True
NGC 6624,-276.2,275.587113,-32.4669522,8.31125236,0.760183099,-8.61107835,0.0916548092,0.109019135,-1.24464178,0.142428142,1.25276452,78.9001476,-19.6104578,93.5851395,-5.17830786,-4.95164133,48.6817427,True,True
NGC 6624,-276.3,275.671995,-32.4867339,8.30474557,0.774902332,-8.68392879,0.083581971,0.111021572,-1.25408618,0.13896667,1.26176222,78.9694502,-19.5484657,91.1096596,-5.12401138,-4.98564551,48.9435221,True,True
NGC 6624,-276.4,275.755205,-32.5057582,8.29820703,0.789605836,-8.75517605,0.0755025238,0.113017536,-1.26327787,0.135917602,1.2705686,79.0294231,-19.483866,88.6430086,-5.06980651,-5.01941886,49.2034996,True,True
NGC 6624,-276.5,275.836742,-32.5240309,8.29163692,0.804291652,-8.82482238,0.0674174124,0.115006761,-1.27221774,0.1333104,1.27918319,79.0802454,-19.4166748,86.1849911,-5.01569003,-5.05296652,49.4616614,True,True
NGC 6624,-276.6,275.916603,-32.5415577,8.2850354,0.818957816,-8.89286983,0.0593275641,0.116988982,-1.28090665,0.131172337,1.28760554,79.1220884,-19.3469073,83.7354108,-4.96165865,-5.0862936,49.7179893,True,True
NGC 6624,-276.7,275.994786,-32.5583443,8.27840265,0.833602365,-8.95932029,0.0512338885,0.118963937,-1.28934546,0.129527332,1.29583527,79.1551167,-19.2745779,81.2940715,-4.90770904,-5.11940517,49.9724607,True,True
NGC 6624,-276.8,276.071291,-32.5743963,8.27173884,0.848223333,-9.02417551,0.043137279,0.120931365,-1.29753501,0.128394781,1.30387205,79.1794882,-19.1996996,78.8607765,-4.85383783,-5.15230628,50.2250491,True,True
NGC 6624,-276.9,276.146114,-32.5897188,8.26504416,0.862818749,-9.08743703,0.0350386133,0.122891004,-1.3054761,0.12778851,1.31171558,79.1953541,-19.1222848,76.4353296,-4.80004161,-5.18500195,50.4757239,True,True
NGC 6624,-277,276.219253,-32.6043172,8.25831878,0.877386638,-9.14910625,0.0269387536,0.124842597,-1.31316954,0.127715976,1.31936561,79.2028593,-19.0423448,74.0175345,-4.74631693,-5.21749717,50.7244505,True,True
NGC 6624,-277.1,276.290708,-32.6181965,8.25156291,0.891925022,-9.20918438,0.018838548,0.126785886,-1.32061608,0.128177813,1.32682192,79.2021428,-18.9598899,71.6071955,-4.69266031,-5.24979689,50.9711908,True,True
NGC 6624,-277.2,276.360474,-32.6313617,8.24477672,0.906431917,-9.26767248,0.0107388304,0.128720614,-1.3278165,0.129167794,1.33408432,79.1933376,-18.8749296,69.2041172,-4.63906826,-5.28190604,51.2159028,True,True
NGC 6624,-277.3,276.42855,-32.6438174,8.23796042,0.920905333,-9.32457143,0.00264042142,0.130646525,-1.3347715,0.130673204,1.34115266,79.1765714,-18.7874723,66.8081048,-4.58553722,-5.3138295,51.4585411,True,True
NGC 6624,-277.4,276.494933,-32.6555685,8.23111421,0.935343274,-9.37988194,-0.00545587094,0.132563364,-1.34148182,0.13267559,1.34802681,79.151966,-18.6975255,64.4189643,-4.53206365,-5.34557213,51.6990567,True,True
NGC 6624,-277.5,276.559621,-32.6666194,8.22423829,0.949743737,-9.43360455,-0.013549251,0.134470878,-1.34794814,0.135151763,1.35470668,79.1196383,-18.6050961,62.0365024,-4.47864397,-5.37713874,51.9373976,True,True
NGC 6624,-277.6,276.622611,-32.6769745,8.2173329,0.964104711,-9.48573965,-0.0216389348,0.136368811,-1.35417114,0.138074966,1.36119219,79.0797,-18.5101895,59.6605264,-4.42527457,-5.40853412,52.1735079,True,True
NGC 6624,-277.7,276.683901,-32.6866381,8.21039824,0.978424177,-9.53628742,-0.0297241494,0.138256913,-1.36015147,0.141416049,1.36748328,79.0322578,-18.4128108,57.2908447,-4.37195184,-5.43976301,52.407329,True,True
NGC 6624,-277.8,276.743487,-32.6956142,8.20343455,0.992700107,-9.58524792,-0.0378041328,0.140134928,-1.36588976,0.145144585,1.37357991,78.977414,-18.3129638,54.9272664,-4.31867213,-5.47083014,52.6387989,True,True
NGC 6624,-277.9,276.801366,-32.7039069,8.19644207,1.00693046,-9.63262101,-0.0458781329,0.142002607,-1.37138663,0.149229834,1.37948208,78.9152659,-18.2106516,52.5696017,-4.26543179,-5.50174017,52.8678524,True,True
NGC 6624,-278,276.857536,-32.71152,8.18942103,1.0211132,-9.67840638,-0.0539454074,0.143859695,-1.37664267,0.153641527,1.38518979,78.8459065,-18.1058762,50.2176615,-4.21222714,-5.53249775,53.0944215,True,True
NGC 6624,-278.1,276.911993,-32.7184573,8.18237169,1.03524625,-9.72260358,-0.0620052236,0.145705943,-1.38165846,0.158350464,1.39070305,78.7694246,-17.998639,47.8712578,-4.15905449,-5.56310748,53.3184349,True,True
NGC 6624,-278.2,276.964734,-32.7247223,8.1752943,1.04932756,-9.76521196,-0.0700568573,0.147541097,-1.38643455,0.163328927,1.39602189,78.6859048,-17.8889403,45.5302035,-4.10591016,-5.59357394,53.5398187,True,True
NGC 6624,-278.3,277.015756,-32.7303185,8.16818914,1.06335504,-9.80623073,-0.0780995928,0.149364906,-1.39097149,0.168550947,1.40114636,78.5954274,-17.7767797,43.1943126,-4.05279041,-5.62390167,53.7584956,True,True
NGC 6624,-278.4,277.065055,-32.7352492,8.16105649,1.07732659,-9.8456589,-0.0861327227,0.151177119,-1.39526979,0.173992434,1.40607651,78.4980691,-17.6621556,40.8633998,-3.99969152,-5.65409516,53.9743859,True,True
NGC 6624,-278.5,277.112628,-32.7395177,8.15389662,1.09124012,-9.88349536,-0.0941555468,0.152977482,-1.39932995,0.179631225,1.41081242,78.3939025,-17.5450658,38.537281,-3.94660974,-5.68415889,54.1874066,True,True
NGC 6624,-278.6,277.15847,-32.743127,8.14670984,1.10509349,-9.91973878,-0.102167372,0.154765745,-1.40315246,0.185447048,1.41535417,78.2829966,-17.4255072,36.2157729,-3.89354132,-5.71409728,54.3974721,True,True
NGC 6624,-278.7,277.202579,-32.7460801,8.13949645,1.11888458,-9.9543877,-0.110167514,0.156541654,-1.40673777,0.191421447,1.41970184,78.1654169,-17.3034757,33.8986931,-3.8404825,-5.74391475,54.6044938,True,True
NGC 6624,-278.8,277.244949,-32.7483797,8.13225675,1.13261123,-9.98744049,-0.118155292,0.158304956,-1.41008632,0.197537672,1.42385553,78.0412251,-17.1789664,31.5858603,-3.78742948,-5.77361566,54.8083804,True,True
NGC 6624,-278.9,277.285578,-32.7500286,8.12499109,1.14627127,-10.0188953,-0.126130032,0.160055397,-1.41319855,0.203780556,1.42781535,77.9104796,-17.0519734,29.277094,-3.73437848,-5.80320434,55.0090379,True,True
NGC 6624,-279,277.324462,-32.7510294,8.11769979,1.15986254,-10.0487503,-0.134091069,0.161792723,-1.41607487,0.210136384,1.43158141,77.7732355,-16.9224901,26.9722144,-3.6813257,-5.83268509,55.2063691,True,True
NGC 6624,-279.1,277.361595,-32.7513845,8.1103832,1.17338282,-10.0770031,-0.14203774,0.163516679,-1.41871564,0.21659276,1.43515382,77.6295447,-16.7905088,24.6710427,-3.62826732,-5.8620622,55.4002744,True,True
NGC 6624,-279.2,277.396974,-32.7510962,8.10304167,1.1868299,-10.1036517,-0.149969387,0.165227009,-1.42112126,0.22313848,1.43853273,77.4794556,-16.6560209,22.373401,-3.57519951,-5.89133989,55.5906512,True,True
NGC 6624,-279.3,277.430594,-32.7501667,8.09567558,1.20020155,-10.1286934,-0.157885359,0.166923456,-1.42329207,0.229763415,1.44171826,77.3230137,-16.5190172,20.079112,-3.52211844,-5.92052237,55.7773942,True,True
NGC 6624,-279.4,277.462451,-32.748598,8.08828531,1.21349551,-10.1521257,-0.165785009,0.168605763,-1.4252284,0.236458395,1.44471055,77.1602614,-16.3794872,17.7879991,-3.46902025,-5.94961383,55.9603951,True,True
NGC 6624,-279.5,277.492539,-32.7463922,8.08087124,1.22670951,-10.1739457,-0.173667693,0.17027367,-1.42693057,0.243215111,1.44750974,76.9912381,-16.2374198,15.4998867,-3.41590108,-5.9786184,56.1395428,True,True
NGC 6624,-279.6,277.520856,-32.743551,8.07343379,1.23984125,-10.1941506,-0.181532772,0.171926917,-1.42839888,0.250026023,1.45011599,76.8159803,-16.0928026,13.2145996,-3.36275706,-6.00754021,56.3147236,True,True
NGC 6624,-279.7,277.547394,-32.7400761,8.06597336,1.25288843,-10.2127371,-0.189379609,0.173565243,-1.42963361,0.256884274,1.45252944,76.6345216,-15.9456227,10.9319635,-3.3095843,-6.03638333,56.4858207,True,True
NGC 6624,-279.8,277.57215,-32.7359692,8.0584904,1.2658487,-10.229702,-0.197207573,0.175188386,-1.43063501,0.263783618,1.45475027,76.4468928,-15.7958659,8.65180436,-3.25637891,-6.06515184,56.6527144,True,True
NGC 6624,-279.9,277.595118,-32.7312315,8.05098533,1.27871971,-10.2450418,-0.205016033,0.17679608,-1.43140335,0.270718355,1.45677863,76.2531217,-15.6435171,6.37394903,-3.20313698,-6.09384974,56.8152822,True,True
NGC 6624,-280,277.616294,-32.7258646,8.04345863,1.29149907,-10.258753,-0.212804363,0.17838806,-1.43193883,0.277683267,1.45861469,76.0532336,-15.4885605,4.09822476,-3.14985458,-6.12248105,56.9733985,True,True
NGC 6624,-280.1,277.635671,-32.7198695,8.03591076,1.30418439,-10.2708316,-0.220571939,0.179964058,-1.43224167,0.284673572,1.46025863,75.8472511,-15.3309791,1.82445929,-3.09652779,-6.15104972,57.1269349,True,True
NGC 6624,-280.2,277.653245,-32.7132473,8.0283422,1.31677323,-10.2812739,-0.228318138,0.181523806,-1.43231207,0.291684871,1.46171062,75.6351941,-15.1707547,-0.447519162,-3.04315267,-6.17955971,57.27576,True,True
NGC 6624,-280.3,277.66901,-32.7059991,8.02075345,1.32926313,-10.2900756,-0.236042339,0.18306703,-1.43215019,0.298713112,1.46297085,75.4170798,-15.0078686,-2.71788198,-2.98972525,-6.20801491,57.4197391,True,True
NGC 6624,-280.4,277.682961,-32.6981257,8.01314504,1.34165162,-10.2972325,-0.243743925,0.18459346,-1.4317562,0.305754552,1.4640395,75.1929229,-14.8423006,-4.98680016,-2.93624157,-6.23641922,57.5587346,True,True
NGC 6624,-280.5,277.69509,-32.6896277,8.00551748,1.35393619,-10.3027402,-0.251422277,0.186102819,-1.43113022,0.312805723,1.46491677,74.9627355,-14.6740297,-7.25444439,-2.88269766,-6.26477648,57.6926058,True,True
NGC 6624,-280.6,277.705394,-32.6805058,7.99787132,1.3661143,-10.306594,-0.25907678,0.187594829,-1.43027239,0.319863405,1.46560285,74.7265271,-14.5030339,-9.52098505,-2.82908952,-6.29309052,57.8212087,True,True
NGC 6624,-280.7,277.713865,-32.6707604,7.99020712,1.37818339,-10.3087892,-0.266706818,0.189069211,-1.42918281,0.326924598,1.46609795,74.4843049,-14.3292898,-11.7865923,-2.77541315,-6.32136513,57.9443962,True,True
NGC 6624,-280.8,277.720498,-32.660392,7.98252546,1.39014086,-10.3093209,-0.274311776,0.190525682,-1.42786156,0.333986506,1.46640227,74.2360734,-14.1527732,-14.0514359,-2.72166453,-6.3496041,58.0620177,True,True
NGC 6624,-280.9,277.725287,-32.6494006,7.97482694,1.4019841,-10.308184,-0.28189104,0.191963958,-1.42630872,0.341046506,1.46651603,73.9818347,-13.9734588,-16.3156858,-2.66783965,-6.37781114,58.1739196,True,True
NGC 6624,-281,277.728224,-32.6377865,7.96711215,1.41371044,-10.3053732,-0.289443995,0.193383751,-1.42452433,0.348102143,1.46643945,73.7215884,-13.79132,-18.5795115,-2.61393447,-6.40598998,58.2799445,True,True
NGC 6624,-281.1,277.729305,-32.6255497,7.95938173,1.4253172,-10.300883,-0.296970028,0.194784771,-1.42250843,0.355151101,1.46617275,73.4553317,-13.606329,-20.8430825,-2.55994493,-6.43414429,58.3799319,True,True
NGC 6624,-281.2,277.728521,-32.6126899,7.95163633,1.43680167,-10.294708,-0.304468523,0.196166725,-1.42026103,0.3621912,1.46571616,73.1830594,-13.4184569,-23.1065683,-2.50586699,-6.46227772,58.4737175,True,True
NGC 6624,-281.3,277.725868,-32.599207,7.9438766,1.44816109,-10.2868424,-0.311938864,0.197529316,-1.41778215,0.369220375,1.46506993,72.9047637,-13.2276737,-25.3701383,-2.45169658,-6.4903939,58.5611337,True,True
NGC 6624,-281.4,277.721337,-32.5851006,7.93610322,1.45939267,-10.2772802,-0.319380435,0.198872245,-1.41507176,0.37623667,1.46423431,72.6204347,-13.033948,-27.633962,-2.39742961,-6.5184964,58.6420089,True,True
NGC 6624,-281.5,277.714922,-32.5703702,7.9283169,1.47049359,-10.2660155,-0.326792618,0.20019521,-1.41212982,0.383238225,1.46320954,72.3300596,-12.8372472,-29.8982088,-2.343062,-6.5465888,58.7161679,True,True
NGC 6624,-281.6,277.706616,-32.5550151,7.92051836,1.48146099,-10.2530419,-0.334174794,0.201497904,-1.40895628,0.390223268,1.4619959,72.0336237,-12.6375373,-32.1630484,-2.28858966,-6.57467462,58.7834319,True,True
NGC 6624,-281.7,277.696411,-32.5390347,7.91270832,1.49229198,-10.2383531,-0.341526343,0.202780019,-1.40555108,0.397190105,1.46059366,71.7311094,-12.4347832,-34.4286504,-2.23400848,-6.60275734,58.843618,True,True
NGC 6624,-281.8,277.684302,-32.5224281,7.90488756,1.50298361,-10.2219425,-0.348846642,0.20404124,-1.40191413,0.404137115,1.4590031,71.422497,-12.2289481,-36.6951847,-2.17931434,-6.63084044,58.8965392,True,True
NGC 6624,-281.9,277.67028,-32.5051944,7.89705685,1.51353292,-10.2038035,-0.356135066,0.205281251,-1.39804532,0.411062741,1.45722452,71.1077641,-12.0199941,-38.9628213,-2.12450312,-6.65892733,58.9420048,True,True
NGC 6624,-282,277.654338,-32.4873323,7.88921699,1.52393689,-10.183929,-0.363390988,0.206499731,-1.39394454,0.417965488,1.45525823,70.7868862,-11.8078818,-41.2317304,-2.0695707,-6.68702142,58.9798196,True,True
NGC 6624,-282.1,277.636468,-32.4688409,7.8813688,1.53419246,-10.1623122,-0.370613777,0.207696355,-1.38961164,0.42484391,1.45310455,70.4598359,-11.5925703,-43.5020826,-2.01451294,-6.71512605,59.0097843,True,True
NGC 6624,-282.2,277.616664,-32.4497186,7.87351313,1.54429652,-10.1389458,-0.377802803,0.208870793,-1.38504646,0.431696613,1.45076382,70.1265837,-11.374017,-45.7740485,-1.95932571,-6.74324453,59.0316953,True,True
NGC 6624,-282.3,277.594916,-32.4299641,7.86565083,1.55424594,-10.1138225,-0.384957427,0.210022712,-1.38024884,0.438522246,1.44823638,69.7870973,-11.1521781,-48.0477991,-1.90400486,-6.77138016,59.0453445,True,True
NGC 6624,-282.4,277.571217,-32.4095758,7.8577828,1.56403752,-10.0869346,-0.392077012,0.211151773,-1.37521858,0.445319497,1.4455226,69.4413421,-10.927008,-50.3235056,-1.84854625,-6.79953616,59.0505193,True,True
NGC 6624,-282.5,277.54556,-32.3885521,7.84990995,1.57366803,-10.0582747,-0.399160913,0.212257634,-1.36995547,0.452087091,1.44262287,69.0892809,-10.6984596,-52.6013398,-1.79294573,-6.82771573,59.0470025,True,True
NGC 6624,-282.6,277.517936,-32.366891,7.84203322,1.58313419,-10.0278348,-0.406208485,0.213339945,-1.3644593,0.458823785,1.43953758,68.7308738,-10.4664838,-54.8814735,-1.73719916,-6.85592203,59.034572,True,True
NGC 6624,-282.7,277.488337,-32.3445908,7.83415355,1.59243265,-9.99560688,-0.413219076,0.214398355,-1.3587298,0.465528365,1.43626715,68.3660784,-10.2310301,-57.1640789,-1.6813024,-6.88415815,59.0130008,True,True
NGC 6624,-282.8,277.456754,-32.3216494,7.82627194,1.60156003,-9.9615829,-0.42019203,0.215432504,-1.35276673,0.472199646,1.43281203,67.9948497,-9.99204614,-59.4493286,-1.62525129,-6.91242716,58.9820572,True,True
NGC 6624,-282.9,277.42318,-32.2980645,7.81838939,1.6105129,-9.92575453,-0.427126687,0.21644203,-1.34656979,0.478836464,1.42917269,67.6171401,-9.74947764,-61.7373956,-1.56904171,-6.94073207,58.9415042,True,True
NGC 6624,-283,277.387605,-32.273834,7.81050695,1.61928776,-9.8881133,-0.434022382,0.217426562,-1.34013871,0.485437676,1.4253496,67.2328991,-9.50326847,-64.0284529,-1.51266953,-6.96907582,58.8910995,True,True
NGC 6624,-283.1,277.350022,-32.2489555,7.80262567,1.62788108,-9.8486506,-0.440878443,0.218385725,-1.33347315,0.492002161,1.4213433,66.8420737,-9.25336056,-66.3226742,-1.45613063,-6.99746132,58.8305955,True,True
NGC 6624,-283.2,277.310422,-32.2234264,7.79474664,1.63628924,-9.80735769,-0.447694195,0.219319139,-1.32657279,0.498528813,1.41715431,66.4446078,-8.9996938,-68.6202333,-1.3994209,-7.02589141,58.7597391,True,True
NGC 6624,-283.3,277.268795,-32.1972442,7.78687097,1.6445086,-9.76422565,-0.454468956,0.220226415,-1.31943728,0.50501654,1.41278323,66.0404429,-8.74220602,-70.9213042,-1.34253625,-7.05436888,58.6782717,True,True
NGC 6624,-283.4,277.225133,-32.1704061,7.77899982,1.65253543,-9.71924541,-0.461202038,0.221107159,-1.31206625,0.511464266,1.40823064,65.6295173,-8.48083291,-73.2260613,-1.28547261,-7.08289643,58.5859287,True,True
NGC 6624,-283.5,277.179427,-32.1429093,7.77113435,1.66036595,-9.67240776,-0.467892745,0.22196097,-1.30445931,0.517870923,1.4034972,65.2117665,-8.21550794,-75.534679,-1.22822592,-7.11147671,58.4824397,True,True
NGC 6624,-283.6,277.131668,-32.1147509,7.76327577,1.66799631,-9.62370336,-0.474540376,0.222787442,-1.29661607,0.524235455,1.39858358,64.787123,-7.9461623,-77.8473319,-1.17079215,-7.1401123,58.3675283,True,True
NGC 6624,-283.7,277.081846,-32.0859277,7.75542531,1.67542262,-9.57312271,-0.481144223,0.223586158,-1.28853609,0.530556815,1.3934905,64.3555164,-7.67272486,-80.1641949,-1.11316731,-7.1688057,58.2409118,True,True
NGC 6624,-283.8,277.029953,-32.0564366,7.74758424,1.68264089,-9.52065615,-0.48770357,0.224356698,-1.28021894,0.53683396,1.38821872,63.916873,-7.39512201,-82.4854426,-1.05534743,-7.19755933,58.1023012,True,True
NGC 6624,-283.9,276.975979,-32.0262743,7.73975385,1.68964708,-9.46629391,-0.494217693,0.22509863,-1.27166416,0.543065854,1.38276905,63.4711161,-7.11327765,-84.8112496,-0.997328566,-7.22637552,57.9514007,True,True
NGC 6624,-284,276.919915,-31.9954374,7.73193546,1.69643709,-9.41002608,-0.500685861,0.225811517,-1.26287128,0.549251466,1.37714234,63.0181658,-6.82711309,-87.1417904,-0.939106845,-7.25525651,57.7879083,True,True
NGC 6624,-284.1,276.86175,-31.9639224,7.72413045,1.70300671,-9.35184259,-0.507107334,0.226494914,-1.2538398,0.555389768,1.3713395,62.557939,-6.53654695,-89.477239,-0.880678422,-7.28420444,57.6115146,True,True
NGC 6624,-284.2,276.801477,-31.9317257,7.71634021,1.7093517,-9.29173326,-0.513481363,0.227148366,-1.24456921,0.561479733,1.36536149,62.090349,-6.24149506,-91.8177693,-0.822039512,-7.31322137,57.4219036,True,True
NGC 6624,-284.3,276.739084,-31.8988437,7.70856615,1.71546772,-9.22968778,-0.519807191,0.227771409,-1.23505899,0.567520335,1.35920934,61.6153059,-5.9418704,-94.1635544,-0.763186388,-7.34230922,57.2187518,True,True
NGC 6624,-284.4,276.674563,-31.8652724,7.70080976,1.72135035,-9.16569571,-0.526084051,0.228363571,-1.22530858,0.573510549,1.35288413,61.1327164,-5.637583,-96.5147665,-0.704115395,-7.3714698,57.0017284,True,True
NGC 6624,-284.5,276.607903,-31.831008,7.69307253,1.7269951,-9.09974648,-0.532311165,0.228924372,-1.21531743,0.579449346,1.34638702,60.6424833,-5.32853979,-98.871577,-0.644822949,-7.40070482,56.7704951,True,True
NGC 6624,-284.6,276.539094,-31.7960466,7.685356,1.73239738,-9.03182941,-0.538487748,0.229453318,-1.20508495,0.585335699,1.33971923,60.1445062,-5.01464456,-101.234156,-0.585305556,-7.43001584,56.5247056,True,True
NGC 6624,-284.7,276.468127,-31.7603839,7.67766174,1.73755253,-8.96193372,-0.544613001,0.22994991,-1.19461055,0.591168574,1.33288208,59.6386806,-4.69579781,-103.602673,-0.52555981,-7.45940427,56.2640058,True,True
NGC 6624,-284.8,276.394992,-31.7240158,7.66999138,1.7424558,-8.8900485,-0.550686117,0.230413636,-1.1838936,0.596946935,1.32587696,59.1248984,-4.37189664,-105.977294,-0.465582414,-7.48887138,55.9880336,True,True
NGC 6624,-284.9,276.319679,-31.686938,7.66234655,1.74710234,-8.81616276,-0.556706277,0.230843973,-1.17293348,0.602669742,1.31870534,58.6030476,-4.04283469,-108.358185,-0.405370185,-7.51841829,55.6964182,True,True
NGC 6624,-285,276.242178,-31.6491462,7.65472897,1.75148722,-8.74026539,-0.562672648,0.231240388,-1.16172954,0.608335948,1.3113688,58.0730122,-3.70850192,-110.745508,-0.344920068,-7.54804593,55.3887805,True,True
NGC 6624,-285.1,276.162478,-31.6106359,7.64714036,1.75560539,-8.66234521,-0.568584389,0.231602335,-1.1502811,0.6139445,1.30386903,57.5346721,-3.3687846,-113.139423,-0.284229153,-7.57775506,55.0647326,True,True
NGC 6624,-285.2,276.080569,-31.5714027,7.6395825,1.75945174,-8.58239094,-0.574440643,0.231929259,-1.13858749,0.619494337,1.29620782,56.9879031,-3.02356508,-115.540086,-0.223294684,-7.60754623,54.7238776,True,True
NGC 6624,-285.3,275.996442,-31.5314418,7.63205722,1.76302101,-8.50039124,-0.580240542,0.232220591,-1.12664802,0.624984391,1.28838707,56.4325768,-2.67272176,-117.947651,-0.162114082,-7.63741979,54.3658095,True,True
NGC 6624,-285.4,275.910087,-31.4907487,7.62456638,1.76630788,-8.41633469,-0.585983203,0.232475748,-1.11446195,0.630413585,1.28040882,55.8685604,-2.31612887,-120.362265,-0.100684957,-7.66737587,53.9901129,True,True
NGC 6624,-285.5,275.821492,-31.4493186,7.61711189,1.76930688,-8.33020981,-0.591667732,0.232694137,-1.10202858,0.635780832,1.27227523,55.2957167,-1.95365639,-122.784072,-0.0390051333,-7.69741434,53.5963627,True,True
NGC 6624,-285.6,275.730648,-31.4071467,7.60969571,1.77201247,-8.24200509,-0.597293218,0.232875149,-1.08934715,0.641085036,1.26398862,54.7139039,-1.58516991,-125.213211,0.0229273288,-7.72753483,53.1841243,True,True
NGC 6624,-285.7,275.637546,-31.3642282,7.60231986,1.77441897,-8.15170896,-0.602858736,0.233018162,-1.07641691,0.646325088,1.25555147,54.1229757,-1.21053048,-127.649811,0.0851141108,-7.75773667,52.7529531,True,True
NGC 6624,-285.8,275.542174,-31.3205582,7.59498638,1.77652058,-8.05930983,-0.608363347,0.233122539,-1.06323709,0.65149987,1.24696639,53.5227813,-0.829594463,-130.093997,0.147556608,-7.78801891,52.302394,True,True
NGC 6624,-285.9,275.444523,-31.2761319,7.58769737,1.77831139,-7.96479609,-0.613806095,0.23318763,-1.04980691,0.656608249,1.23823622,52.9131647,-0.44221342,-132.545884,0.210255899,-7.81838027,51.831982,True,True
NGC 6624,-286,275.344582,-31.2309441,7.580455,1.77978537,-7.86815616,-0.619186008,0.233212766,-1.03612557,0.661649081,1.22936394,52.2939654,-0.04823395,-135.005579,0.273212711,-7.84881912,51.3412414,True,True
NGC 6624,-286.1,275.242343,-31.1849901,7.57326147,1.78093634,-7.76937843,-0.624502098,0.233197265,-1.02219227,0.666621207,1.22035276,51.6650179,0.352502436,-137.473175,0.336427388,-7.87933345,50.8296858,True,True
NGC 6624,-286.2,275.137794,-31.1382647,7.56611904,1.78175801,-7.66845135,-0.629753358,0.233140428,-1.0080062,0.671523456,1.21120611,51.0261516,0.760159452,-139.948757,0.399899844,-7.90992087,50.2968179,True,True
NGC 6624,-286.3,275.030927,-31.090763,7.55903002,1.78224394,-7.56536342,-0.634938767,0.233041538,-0.993566533,0.676354638,1.20192764,50.3771912,1.17490617,-142.432392,0.463629522,-7.94057853,49.7421295,True,True
NGC 6624,-286.4,274.921732,-31.0424801,7.5519968,1.78238755,-7.46010318,-0.640057281,0.232899862,-0.978872451,0.681113551,1.19252126,49.7179559,1.59691713,-144.924135,0.527615342,-7.97130312,49.1651015,True,True
NGC 6624,-286.5,274.810198,-30.9934109,7.54502179,1.78218213,-7.3526593,-0.645107842,0.232714647,-0.96392312,0.685798975,1.18299113,49.0482602,2.02637246,-147.424021,0.591855644,-8.00209083,48.5652033,True,True
NGC 6624,-286.6,274.696318,-30.9435506,7.53810748,1.78162081,-7.24302055,-0.650089369,0.232485123,-0.948717705,0.690409675,1.17334172,48.3679132,2.463458,-149.932066,0.656348129,-8.03293729,47.9418932,True,True
NGC 6624,-286.7,274.580081,-30.8928942,7.53125642,1.78069657,-7.13117581,-0.655000763,0.232210499,-0.933255373,0.694944397,1.1635778,47.676719,2.90836535,-152.448263,0.721089785,-8.06383753,47.2946183,True,True
NGC 6624,-286.8,274.461479,-30.8414371,7.52447121,1.77940224,-7.01711418,-0.659840904,0.231889966,-0.91753529,0.699401869,1.15370446,46.9744767,3.36129197,-154.972582,0.786076813,-8.09478593,46.6228144,True,True
NGC 6624,-286.9,274.340503,-30.7891743,7.51775452,1.77773047,-6.90082492,-0.664608653,0.231522692,-0.901556629,0.703780803,1.14372714,46.2609805,3.82244121,-157.504962,0.851304539,-8.1257762,45.9259061,True,True
NGC 6624,-287,274.217145,-30.7361014,7.51110908,1.77567378,-6.78229754,-0.669302847,0.231107827,-0.88531857,0.708079888,1.13365167,45.5360194,4.29202235,-160.045312,0.916767315,-8.15680125,45.2033069,True,True
NGC 6624,-287.1,274.091397,-30.6822138,7.50453768,1.77322448,-6.66152183,-0.673922303,0.230644496,-0.868820304,0.712297799,1.12348426,44.7993779,4.77025055,-162.593502,0.982458412,-8.18785317,44.4544195,True,True
NGC 6624,-287.2,273.96325,-30.6275071,7.49804319,1.77037476,-6.53848787,-0.678465815,0.230131806,-0.852061038,0.716433186,1.11323157,44.050836,5.25734683,-165.149366,1.0483699,-8.21892316,43.6786361,True,True
NGC 6624,-287.3,273.832698,-30.5719772,7.49162853,1.76711659,-6.41318612,-0.682932155,0.229568836,-0.835039997,0.720484683,1.10290071,43.2901691,5.75353793,-167.712688,1.11449249,-8.25000141,42.8753385,True,True
NGC 6624,-287.4,273.699734,-30.5156201,7.4852967,1.76344177,-6.28560745,-0.68732007,0.228954645,-0.817756431,0.724450901,1.09249929,42.5171489,6.25905619,-170.283204,1.18081543,-8.28107705,42.0438989,True,True
NGC 6624,-287.5,273.564351,-30.4584319,7.47905076,1.75934194,-6.1557432,-0.691628287,0.228288267,-0.800209621,0.728330433,1.08203542,41.7315434,6.77413927,-172.860588,1.24732627,-8.31213801,41.1836802,True,True
NGC 6624,-287.6,273.426543,-30.4004093,7.47289385,1.75480852,-6.02358523,-0.695855505,0.227568712,-0.782398885,0.732121849,1.07151781,40.9331172,7.29902986,-175.444451,1.3140107,-8.34317094,40.2940372,True,True
NGC 6624,-287.7,273.286305,-30.3415489,7.46682916,1.74983278,-5.88912601,-0.700000401,0.226794963,-0.764323581,0.735823699,1.06095573,40.1216328,7.83397524,-178.03433,1.38085231,-8.37416106,39.374317,True,True
NGC 6624,-287.8,273.143633,-30.281848,7.46085997,1.74440577,-5.75235868,-0.704061628,0.22596598,-0.745983123,0.739434513,1.05035909,39.2968505,8.37922675,-180.629678,1.44783238,-8.40509203,38.4238607,True,True
NGC 6624,-287.9,272.998523,-30.221304,7.45498964,1.73851835,-5.61327717,-0.708037813,0.225080696,-0.727376983,0.742952801,1.0397385,38.4585297,8.93503917,-183.229852,1.51492951,-8.43594579,37.4420041,True,True
NGC 6624,-288,272.850972,-30.1599148,7.44922157,1.73216121,-5.47187623,-0.711927559,0.224138017,-0.708504704,0.746377049,1.02910525,37.6064296,9.5016698,-185.834104,1.5821194,-8.46670238,36.4280801,True,True
NGC 6624,-288.1,272.700978,-30.0976789,7.44355928,1.72532481,-5.3281516,-0.715729445,0.223136823,-0.689365914,0.74970573,1.01847143,36.7403106,10.0793775,-188.441563,1.6493744,-8.49733974,35.38142,True,True
NGC 6624,-288.2,272.548541,-30.0345953,7.43800631,1.71799945,-5.18210012,-0.719442026,0.22207597,-0.669960334,0.752937291,1.0078499,35.8599357,10.6684214,-191.051222,1.71666314,-8.52783349,34.3013566,True,True
NGC 6624,-288.3,272.393659,-29.9706635,7.43256631,1.71017523,-5.03371983,-0.72306383,0.220954283,-0.650287797,0.756070167,0.997254389,34.9650719,11.2690594,-193.661918,1.78395003,-8.55815668,33.1872261,True,True
NGC 6624,-288.4,272.236337,-29.9058838,7.427243,1.70184206,-4.88301015,-0.726593365,0.219770565,-0.630348264,0.759102772,0.986699525,34.0554922,11.8815464,-196.27231,1.85119472,-8.58827947,32.0383721,True,True
NGC 6624,-288.5,272.076575,-29.8402573,7.42204015,1.69298965,-4.72997204,-0.730029114,0.21852359,-0.610141843,0.762033508,0.976200868,33.1309777,12.5061324,-198.880859,1.9183515,-8.61816886,30.8541492,True,True
NGC 6624,-288.6,271.914381,-29.7737859,7.41696163,1.68360758,-4.57460819,-0.733369539,0.21721211,-0.589668811,0.76486076,0.965774968,32.1913204,13.1430592,-201.485795,1.98536856,-8.64778827,29.6339274,True,True
NGC 6624,-288.7,271.749759,-29.7064724,7.41201135,1.67368522,-4.41692326,-0.736613082,0.215834849,-0.56892964,0.767582904,0.955439402,31.2363259,13.7925584,-204.08509,2.05218724,-8.67709716,28.3770979,True,True
NGC 6624,-288.8,271.582721,-29.6383209,7.40719331,1.66321181,-4.25692406,-0.739758165,0.21439051,-0.547925022,0.770198308,0.945212814,30.2658167,14.4548471,-206.676418,2.11874103,-8.70605051,27.0830788,True,True
NGC 6624,-288.9,271.413276,-29.5693365,7.40251156,1.65217646,-4.09461988,-0.742803192,0.212877776,-0.526655905,0.772705331,0.935114951,29.2796367,15.1301241,-209.257117,2.18495458,-8.73459832,25.7513226,True,True
NGC 6624,-289,271.241439,-29.4995259,7.39797021,1.64056814,-3.93002278,-0.745746554,0.211295309,-0.505123528,0.775102335,0.925166693,28.2776549,15.8185653,-211.824142,2.25074249,-8.76268496,24.381325,True,True
NGC 6624,-289.1,271.067227,-29.4288971,7.39357344,1.62837575,-3.76314794,-0.74858663,0.209641754,-0.483329464,0.777387682,0.915390069,27.259771,16.5203177,-214.374006,2.3160079,-8.79024844,22.9726343,True,True
NGC 6624,-289.2,270.890661,-29.3574599,7.38932545,1.6155881,-3.59401404,-0.75132179,0.207915745,-0.461275668,0.77955974,0.905808275,26.2259214,17.2354936,-216.902723,2.38064095,-8.81721966,21.5248634,True,True
NGC 6624,-289.3,270.711765,-29.2852262,7.38523051,1.602194,-3.42264372,-0.753950399,0.206115905,-0.438964529,0.781616894,0.896445664,25.1760853,17.9641629,-219.405735,2.44451702,-8.84352141,20.0377029,True,True
NGC 6624,-289.4,270.530568,-29.21221,7.3812929,1.58818223,-3.24906412,-0.756470823,0.204240851,-0.416398937,0.783557548,0.887327733,24.1102924,18.7063454,-221.877834,2.50749469,-8.86906739,18.5109365,True,True
NGC 6624,-289.5,270.347104,-29.1384275,7.37751696,1.57354166,-3.07330739,-0.758881435,0.202289204,-0.393582352,0.785380134,0.878481088,23.0286314,19.462001,-224.313066,2.56941347,-8.89376093,16.9444597,True,True
NGC 6624,-289.6,270.161412,-29.0638981,7.37390699,1.55826127,-2.89541141,-0.76118062,0.20025959,-0.370518884,0.787083121,0.869933378,21.9312592,20.2310199,-226.704636,2.63009132,-8.91749373,15.3382995,True,True
NGC 6624,-289.7,269.973538,-28.9886441,7.37046731,1.5423302,-2.71542047,-0.763366781,0.198150653,-0.347213387,0.788665026,0.861713212,20.8184113,21.0132115,-229.044792,2.68932183,-8.94014431,13.692639,True,True
NGC 6624,-289.8,269.783535,-28.9126912,7.36720224,1.52573786,-2.53338613,-0.765438352,0.195961057,-0.323671558,0.790124425,0.853850036,19.6904127,21.8082919,-231.324703,2.74687126,-8.9615764,12.0078444,True,True
NGC 6624,-289.9,269.591462,-28.8360694,7.36411602,1.50847398,-2.34936814,-0.767393804,0.193689505,-0.299900063,0.791459964,0.846373985,18.5476906,22.6158714,-233.534331,2.80247538,-8.9816372,10.2844965,True,True
NGC 6624,-290,269.397391,-28.7588128,7.36121284,1.49052873,-2.16343546,-0.769231658,0.191334743,-0.27590666,0.792670378,0.839315681,17.3907872,23.4354411,-235.662302,2.8558364,-9.00015562,8.52342584,True,True
NGC 6624,-290.1,269.2014,-28.6809607,7.3584968,1.47189283,-1.9756674,-0.770950497,0.188895576,-0.251700342,0.793754501,0.832705992,16.2203733,24.2663593,-237.695785,2.90662012,-9.01694066,6.72575266,False,False
NGC 6624,-290.2,269.00358,-28.6025579,7.35597188,1.45255762,-1.78615478,-0.772548979,0.186370883,-0.227291495,0.794711288,0.826575741,15.0372618,25.1078392,-239.620401,2.9544539,-9.03178013,4.89293072,False,False
NGC 6624,-290.3,268.804036,-28.5236555,7.35364188,1.43251526,-1.59500127,-0.774025855,0.18375963,-0.202692056,0.795539833,0.820955355,13.8424216,25.9589373,-241.420188,2.99892595,-9.04444014,3.02679497,False,False
NGC 6624,-290.4,268.602883,-28.4443113,7.35151041,1.41175878,-1.40232452,-0.775379981,0.181060888,-0.177915673,0.796239386,0.815874467,12.6369891,26.8185436,-243.07765,3.03958711,-9.05466594,1.12961114,False,False
NGC 6624,-290.5,268.400254,-28.3645904,7.34958083,1.39028231,-1.20825739,-0.776610339,0.178273853,-0.152977855,0.796809378,0.811361454,11.4222786,27.6853762,-244.573963,3.07595618,-9.06218473,-0.795875207,False,False
NGC 6624,-290.6,268.196296,-28.2845661,7.34785618,1.36808114,-1.0129488,-0.777716056,0.175397857,-0.127896086,0.797249441,0.807442927,10.1997875,28.5579794,-245.889377,3.10753045,-9.06671158,-2.74639527,False,False
NGC 6624,-290.7,267.991172,-28.2043193,7.34633916,1.34515191,-0.81656415,-0.77869642,0.172432393,-0.102689893,0.79755943,0.804143183,8.97119627,29.4347284,-247.003881,3.13380271,-9.06795908,-4.71812612,False,False
NGC 6624,-290.8,267.78506,-28.1239391,7.34503204,1.32149275,-0.619285177,-0.779550901,0.169377125,-0.0773808209,0.797739443,0.80148363,7.73836072,30.3138402,-247.898165,3.1542854,-9.06565138,-6.70668211,False,False
NGC 6624,-290.9,267.578155,-28.043522,7.34393665,1.29710335,-0.421308805,-0.780279167,0.166231911,-0.0519923032,0.797789839,0.799482224,6.50329338,31.1933923,-248.554837,3.16854129,-9.05954222,-8.7071395,False,False
NGC 6624,-291,267.37066,-27.9631709,7.34305424,1.27198514,-0.22284501,-0.780881098,0.162996807,-0.026549396,0.797711256,0.798152942,5.26813423,32.0713499,-248.959788,3.17621736,-9.0494352,-10.7141038,False,False
NGC 6624,-291.1,267.162793,-27.8829934,7.34238554,1.24614128,-0.0241135699,-0.781356797,0.159672085,-0.00107837492,0.79750462,0.797505349,4.03510991,32.9455991,-249.103488,3.17707689,-9.03520321,-12.7218241,False,False
NGC 6624,-291.2,266.954771,-27.8030996,7.34193066,1.21957678,0.174660122,-0.781706599,0.156258234,0.024393788,0.79717115,0.797544293,2.80648388,33.8139868,-248.981938,3.17102281,-9.01680295,-14.7243501,False,False
NGC 6624,-291.3,266.746815,-27.7236,7.34168909,1.19229847,0.373249776,-0.781931068,0.152755963,0.0498400131,0.796712357,0.798269758,1.58450126,34.6743631,-248.597064,3.158107,-8.99428114,-16.7157149,False,False
NGC 6624,-291.4,266.539142,-27.6446025,7.34165973,1.16431499,0.571432996,-0.782030997,0.149166201,0.0752337118,0.796130037,0.799676902,0.37133385,35.5246238,-247.956436,3.13852297,-8.96777078,-18.6901221,False,False
NGC 6624,-291.5,266.331958,-27.5662108,7.3418409,1.13563671,0.768995599,-0.782007392,0.145490084,0.100549324,0.795426255,0.801756255,-0.830969509,36.3627512,-247.072413,3.11258411,-8.93747841,-20.6421119,False,False
NGC 6624,-291.6,266.125461,-27.4885222,7.34223038,1.10627567,0.965735054,-0.781861463,0.141728953,0.125762747,0.794603325,0.804494073,-2.02052296,37.1868483,-245.960904,3.08069286,-8.90366563,-22.5666888,False,False
NGC 6624,-291.7,265.919833,-27.4116263,7.34282547,1.07624544,1.1614629,-0.781594602,0.137884334,0.150851628,0.79366379,0.807872778,-3.19563197,37.9951681,-244.640039,3.04330749,-8.86662889,-24.4594028,False,False
NGC 6624,-291.8,265.715241,-27.3356046,7.34362303,1.04556097,1.35600608,-0.781208365,0.133957921,0.175795531,0.792610392,0.811871481,-4.35480974,38.7861335,-243.128945,3.00091182,-8.82668065,-26.3163868,False,False
NGC 6624,-291.9,265.511837,-27.2605303,7.34461954,1.01423849,1.54920743,-0.780704446,0.129951563,0.200575983,0.791446044,0.816466512,-5.4967829,39.5583514,-241.446774,2.95399105,-8.78413422,-28.1343577,False,False
NGC 6624,-292,265.309758,-27.1864678,7.34581119,0.982295284,1.74092544,-0.780084662,0.12586724,0.22517644,0.790173805,0.821631956,-6.62048874,40.3106185,-239.612004,2.90301463,-8.73929271,-29.9105919,False,False
NGC 6624,-292.1,265.109126,-27.1134739,7.3471939,0.949749579,1.93103353,-0.779350927,0.121707046,0.249582196,0.788796851,0.827340163,-7.72506605,41.0419216,-237.642006,2.84842537,-8.69244192,-31.6428858,False,False
NGC 6624,-292.2,264.910051,-27.041598,7.34876338,0.916620359,2.11941918,-0.778505234,0.117473169,0.273780252,0.787318451,0.833562218,-8.80984178,41.7514334,-235.552807,2.79063372,-8.64384641,-33.3295074,False,False
NGC 6624,-292.3,264.71263,-26.9708823,7.35051517,0.88292722,2.30598274,-0.777549633,0.113167871,0.297759176,0.785741942,0.840268366,-9.87431516,42.4385029,-233.359007,2.73001553,-8.59374779,-34.9691456,False,False
NGC 6624,-292.4,264.516946,-26.9013633,7.35244472,0.848690224,2.49063636,-0.776486221,0.108793476,0.321508956,0.784070706,0.847428393,-10.9181406,43.1026447,-231.07378,2.66691214,-8.54236467,-36.5608608,False,False
NGC 6624,-292.5,264.323077,-26.8330715,7.35454734,0.813929766,2.67330284,-0.775317121,0.104352345,0.345020857,0.782308156,0.855011954,-11.9411105,43.7435251,-228.708945,2.6016319,-8.48989343,-38.1040371,False,False
NGC 6624,-292.6,264.131087,-26.7660327,7.35681832,0.778666448,2.85391462,-0.774044471,0.0998468685,0.368287287,0.780457712,0.862988857,-12.943138,44.3609482,-226.275056,2.53445238,-8.43650966,-39.598339,False,False
NGC 6624,-292.7,263.941034,-26.7002683,7.35925292,0.742920974,3.03241274,-0.772670414,0.0952794508,0.391301675,0.778522795,0.871329296,-13.9242412,44.9548402,-223.781512,2.46562291,-8.38236978,-41.0436721,False,False
NGC 6624,-292.8,263.75297,-26.6357955,7.36184637,0.706714051,3.20874602,-0.771197083,0.0906524973,0.414058355,0.776506804,0.880004055,-14.8845281,45.5252356,-221.236668,2.39536718,-8.32761273,-42.4401474,False,False
NGC 6624,-292.9,263.566936,-26.5726283,7.36459392,0.670066301,3.38287022,-0.769626599,0.0859684051,0.436552466,0.774413113,0.88898466,-15.8241829,46.0722623,-218.647938,2.32388576,-8.27236173,-43.7880502,False,False
NGC 6624,-293,263.382972,-26.5107776,7.36749086,0.632998191,3.55474731,-0.767961061,0.0812295543,0.458779865,0.772245059,0.898243506,-16.7434534,46.5961288,-216.021901,2.2513584,-8.21672588,-45.0878121,False,False
NGC 6624,-293.1,263.20111,-26.4502513,7.3705325,0.595529968,3.7243448,-0.766202538,0.0764382998,0.480737039,0.770005936,0.907753955,-17.6426403,47.0971112,-213.364385,2.17794626,-8.16080164,-46.3399869,False,False
NGC 6624,-293.2,263.021377,-26.3910555,7.37371422,0.557681607,3.8916352,-0.764353066,0.0715969654,0.502421039,0.767698987,0.9174904,-18.5220869,47.5755424,-210.680554,2.10379378,-8.10467422,-47.5452293,False,False
NGC 6624,-293.3,262.843797,-26.3331936,7.37703146,0.519472768,4.05659546,-0.762414645,0.0667078385,0.523829412,0.765327398,0.927428315,-19.3821708,48.0318015,-207.974982,2.02903045,-8.04841885,-48.7042766,False,False
NGC 6624,-293.4,262.66839,-26.2766675,7.38047971,0.480922758,4.21920653,-0.760389235,0.0617731655,0.544960145,0.7628943,0.937544278,-20.2232962,48.4663048,-205.251716,1.95377241,-7.99210184,-49.8179324,False,False
NGC 6624,-293.5,262.495172,-26.2214775,7.38405456,0.442050506,4.37945291,-0.758278755,0.056795149,0.565811616,0.760402761,0.947815986,-21.0458875,48.879498,-202.514341,1.8781238,-7.93578166,-50.8870533,False,False
NGC 6624,-293.6,262.324155,-26.1676224,7.38775167,0.402874538,4.5373223,-0.756085075,0.0517759447,0.586382548,0.757855784,0.958222251,-21.8503835,49.2718485,-199.766024,1.80217802,-7.87950978,-51.9125365,False,False
NGC 6624,-293.7,262.155351,-26.1150998,7.39156678,0.363412962,4.69280524,-0.753810026,0.0467176593,0.606671968,0.75525631,0.968742985,-22.6372327,49.64384,-197.009568,1.72601885,-7.82333146,-52.8953099,False,False
NGC 6624,-293.8,261.988768,-26.0639063,7.39549574,0.323683454,4.84589486,-0.751455387,0.04162235,0.626679172,0.752607214,0.97935918,-23.4068893,49.9959668,-194.247447,1.6497214,-7.7672865,-53.8363237,False,False
NGC 6624,-293.9,261.82441,-26.0140375,7.39953447,0.283703255,4.99658655,-0.749022894,0.0364920228,0.646403695,0.749911304,0.990052878,-24.1598094,50.3287291,-191.481848,1.57335302,-7.71140983,-54.7365423,False,False
NGC 6624,-294,261.662283,-25.9654881,7.40367897,0.243489163,5.14487776,-0.746514236,0.0313286323,0.665845282,0.747171324,1.00080714,-24.8964487,50.64263,-188.714696,1.49697408,-7.65573207,-55.5969389,False,False
NGC 6624,-294.1,261.502387,-25.9182523,7.40792536,0.203057532,5.29076779,-0.743931053,0.0261340819,0.685003863,0.744389953,1.011606,-25.6172596,50.9381711,-185.947689,1.42063864,-7.60028001,-56.4184895,False,False
NGC 6624,-294.2,261.344724,-25.8723236,7.41226983,0.162424278,5.43425754,-0.741274943,0.0209102238,0.703879531,0.741569807,1.02243443,-26.3226895,51.2158507,-183.182321,1.3443951,-7.54507706,-57.202169,False,False
NGC 6624,-294.3,261.189293,-25.8276949,7.41670868,0.121604877,5.57534943,-0.738547456,0.0156588593,0.722472522,0.738713439,1.03327832,-27.0131789,51.4761614,-180.419903,1.26828673,-7.49014365,-57.948947,False,False
NGC 6624,-294.4,261.03609,-25.7843588,7.42123829,0.0806143722,5.71404713,-0.735750097,0.0103817401,0.740783197,0.735823338,1.04412438,-27.6891607,51.7195879,-177.661584,1.19235219,-7.4354975,-58.6597851,False,False
NGC 6624,-294.5,260.885114,-25.7423074,7.42585513,0.039467382,5.85035554,-0.732884328,0.00508056833,0.758812029,0.732901937,1.05496016,-28.3510585,51.9466061,-174.908367,1.11662599,-7.381154,-59.3356345,False,False
NGC 6624,-294.6,260.736359,-25.7015325,7.43055576,-0.00182189313,5.98428055,-0.729951568,-0.000243001644,0.776559584,0.729951609,1.06577396,-28.9992862,52.1576813,-172.161128,1.04113882,-7.32712642,-59.9774333,False,False
NGC 6624,-294.7,260.58982,-25.6620258,7.43533683,-0.0432396618,6.115829,-0.726953195,-0.0055873627,0.794026514,0.726974667,1.07655482,-29.6342474,52.3532679,-169.420627,0.965917992,-7.27342616,-60.5861054,False,False
NGC 6624,-294.8,260.445492,-25.6237785,7.44019509,-0.0847725324,6.24500856,-0.723890546,-0.0109509535,0.811213543,0.723973374,1.08729244,-30.2563349,52.5338083,-166.687521,0.890987704,-7.22006298,-61.1625592,False,False
NGC 6624,-294.9,260.303367,-25.5867818,7.44512735,-0.126407503,6.37182763,-0.720764917,-0.0163322574,0.828121457,0.720949934,1.09797721,-30.8659303,52.6997327,-163.962376,0.816369353,-7.16704515,-61.7076861,False,False
NGC 6624,-295,260.163438,-25.5510267,7.45013052,-0.168131951,6.49629523,-0.717577567,-0.0217298011,0.844751095,0.717906504,1.10860009,-31.4634043,52.8514584,-161.245673,0.742081791,-7.11437962,-62.2223603,False,False
NGC 6624,-295.1,260.025697,-25.516504,7.4552016,-0.209933623,6.61842099,-0.714329716,-0.0271421531,0.861103341,0.714845186,1.11915263,-32.0491158,52.9893899,-158.537824,0.668141555,-7.06207219,-62.7074375,False,False
NGC 6624,-295.2,259.890136,-25.4832047,7.46033765,-0.251800621,6.73821502,-0.711022552,-0.0325679229,0.87717912,0.711768037,1.12962691,-32.6234127,53.1139189,-155.839171,0.594563084,-7.0101276,-63.1637554,False,False
NGC 6624,-295.3,259.756746,-25.4511194,7.46553583,-0.293721399,6.85568787,-0.707657222,-0.0380057593,0.892979388,0.708677064,1.14001551,-33.1866318,53.2254238,-153.150001,0.521358908,-6.95854969,-63.5921328,False,False
NGC 6624,-295.4,259.625517,-25.4202388,7.47079336,-0.335684742,6.97085047,-0.704234844,-0.0434543491,0.908505125,0.705574231,1.1503115,-33.7390984,53.3242703,-150.470545,0.448539819,-6.90734146,-63.9933696,False,False
NGC 6624,-295.5,259.496441,-25.3905536,7.47610755,-0.377679765,7.08371408,-0.7007565,-0.0489124158,0.923757337,0.702461456,1.16050839,-34.2811274,53.4108112,-147.80099,0.376115028,-6.85650516,-64.368247,False,False
NGC 6624,-295.6,259.369507,-25.3620544,7.48147578,-0.419695896,7.19429027,-0.697223244,-0.0543787184,0.938737042,0.699340616,1.17060007,-34.8130226,53.4853869,-145.141479,0.304092308,-6.80604242,-64.7175275,False,False
NGC 6624,-295.7,259.244705,-25.334732,7.48689549,-0.461722866,7.3025908,-0.693636096,-0.0598520502,0.953445274,0.696213546,1.18058087,-35.3350775,53.5483252,-142.492118,0.232478118,-6.75595426,-65.0419549,False,False
NGC 6624,-295.8,259.122026,-25.3085769,7.49236421,-0.503750704,7.40862768,-0.689996047,-0.0653312372,0.967883075,0.693082041,1.19044545,-35.8475754,53.5999419,-139.85298,0.161277723,-6.70624119,-65.3422547,False,False
NGC 6624,-295.9,259.001458,-25.28358,7.49787951,-0.54576972,7.51241307,-0.686304062,-0.0708151372,0.982051493,0.689947859,1.20018881,-36.3507897,53.6405412,-137.224105,0.0904952992,-6.65690327,-65.6191342,False,False
NGC 6624,-296,258.882993,-25.259732,7.50343907,-0.587770499,7.61395925,-0.682561076,-0.0763026384,0.995951578,0.686812722,1.20980629,-36.844984,53.6704155,-134.60551,0.0201340262,-6.60794012,-65.8732832,False,False
NGC 6624,-296.1,258.766618,-25.2370237,7.5090406,-0.629743893,7.71327864,-0.678767998,-0.0817926586,1.00958438,0.683678312,1.21929351,-37.3304128,53.6898461,-131.997186,-0.0498038219,-6.55935103,-66.1053737,False,False
NGC 6624,-296.2,258.652323,-25.215446,7.51468188,-0.671681005,7.81038372,-0.674925713,-0.0872841434,1.02295095,0.68054628,1.22864637,-37.8073214,53.6991034,-129.399101,-0.119316799,-6.51113493,-66.3160608,False,False
NGC 6624,-296.3,258.540098,-25.1949899,7.52036077,-0.713573189,7.90528702,-0.671035079,-0.0927760659,1.03605234,0.677418243,1.23786103,-38.2759464,53.6984473,-126.811206,-0.188404213,-6.4632905,-66.5059828,False,False
NGC 6624,-296.4,258.429932,-25.1756463,7.52607516,-0.755412034,7.99800112,-0.667096932,-0.098267425,1.04888957,0.674295783,1.24693389,-38.7365157,53.6881276,-124.233435,-0.257066062,-6.41581613,-66.6757617,False,False
NGC 6624,-296.5,258.321814,-25.1574064,7.53182303,-0.797189359,8.0885386,-0.663112085,-0.103757245,1.06146369,0.671180455,1.2558616,-39.1892495,53.6683839,-121.665704,-0.325302974,-6.36871001,-66.8260038,False,False
NGC 6624,-296.6,258.215735,-25.1402613,7.53760239,-0.838897203,8.17691204,-0.659081327,-0.109244573,1.07377571,0.668073778,1.26464099,-39.6343598,53.6394465,-119.107918,-0.393116151,-6.32197009,-66.9572996,False,False
NGC 6624,-296.7,258.111682,-25.1242024,7.54341133,-0.880527818,8.26313401,-0.655005429,-0.114728482,1.08582665,0.664977245,1.27326912,-40.0720511,53.6015365,-116.559968,-0.460507319,-6.2755942,-67.0702248,False,False
NGC 6624,-296.8,258.009646,-25.1092209,7.54924799,-0.922073662,8.34721703,-0.650885139,-0.120208063,1.0976175,0.661892319,1.28174319,-40.5025205,53.5548657,-114.021736,-0.527478681,-6.22957997,-67.1653402,False,False
NGC 6624,-296.9,257.909616,-25.0953083,7.55511055,-0.96352739,8.42917357,-0.646721185,-0.125682433,1.10914926,0.658820434,1.29006063,-40.9259582,53.4996378,-111.493093,-0.594032879,-6.18392492,-67.2431925,False,False
NGC 6624,-297,257.811582,-25.0824562,7.56099724,-1.00488185,8.50901605,-0.642514277,-0.131150724,1.12042289,0.655762997,1.298219,-41.3425475,53.4360478,-108.973902,-0.660172952,-6.13862642,-67.3043146,False,False
NGC 6624,-297.1,257.715533,-25.0706562,7.56690637,-1.04613006,8.5867568,-0.638265107,-0.136612093,1.13143936,0.652721388,1.306216,-41.7524654,53.3642829,-106.464018,-0.7259023,-6.09368178,-67.349226,False,False
NGC 6624,-297.2,257.621459,-25.0599,7.57283626,-1.08726524,8.66240807,-0.633974348,-0.142065712,1.14219961,0.64969696,1.3140495,-42.1558824,53.2845224,-103.96329,-0.791224658,-6.04908818,-67.378433,False,False
NGC 6624,-297.3,257.529351,-25.0501795,7.57878532,-1.12828075,8.73598203,-0.629642656,-0.147510772,1.15270457,0.646691041,1.32171749,-42.5529631,53.1969382,-101.471561,-0.856144058,-6.00484275,-67.3924296,False,False
NGC 6624,-297.4,257.439198,-25.0414866,7.58475196,-1.16917014,8.80749073,-0.625270672,-0.152946482,1.16295515,0.643704932,1.32921809,-42.9438662,53.1016951,-98.9886683,-0.92066481,-5.96094255,-67.3916973,False,False
NGC 6624,-297.5,257.35099,-25.0338133,7.59073468,-1.20992711,8.87694611,-0.620859019,-0.158372067,1.17295225,0.64073991,1.33654952,-43.328745,52.9989509,-96.5144451,-0.984791471,-5.91738457,-67.376706,False,False
NGC 6624,-297.6,257.264717,-25.0271517,7.596732,-1.2505455,8.94436001,-0.616408305,-0.163786766,1.18269674,0.637797228,1.34371012,-43.7077472,52.8888567,-94.0487207,-1.04852883,-5.87416577,-67.347914,False,False
NGC 6624,-297.7,257.180371,-25.0214942,7.60274248,-1.2910193,9.00974411,-0.611919125,-0.169189836,1.19218949,0.634878112,1.35069834,-44.0810156,52.7715571,-91.591321,-1.11188186,-5.83128307,-67.3057686,False,False
NGC 6624,-297.8,257.097942,-25.016833,7.60876475,-1.33134266,9.07310999,-0.607392058,-0.174580548,1.20143133,0.631983765,1.3575127,-44.4486879,52.6471905,-89.1420687,-1.17485576,-5.78873335,-67.2507061,False,False
NGC 6624,-297.9,257.017419,-25.0131606,7.61479744,-1.37150985,9.13446908,-0.602827669,-0.179958184,1.2104231,0.629115368,1.36415183,-44.8108971,52.5158894,-86.7007843,-1.23745587,-5.74651349,-67.1831529,False,False
NGC 6624,-298,256.938796,-25.0104695,7.62083926,-1.41151527,9.19383268,-0.59822651,-0.185322044,1.21916559,0.626274075,1.37061444,-45.1677716,52.3777804,-84.2672857,-1.29968768,-5.70462033,-67.1035249,False,False
NGC 6624,-298.1,256.862061,-25.0087524,7.62688895,-1.45135344,9.25121193,-0.59358912,-0.190671435,1.22765959,0.623461017,1.37689931,-45.5194355,52.2329845,-81.8413895,-1.36155684,-5.66305072,-67.0122285,False,False
NGC 6624,-298.2,256.787208,-25.0080019,7.63294526,-1.49101901,9.30661783,-0.588916027,-0.196005681,1.23590588,0.620677303,1.3830053,-45.8660086,52.0816175,-79.4229102,-1.4230691,-5.62180148,-66.9096608,False,False
NGC 6624,-298.3,256.714226,-25.008211,7.63900702,-1.53050676,9.36006122,-0.584207745,-0.201324116,1.24390519,0.617924015,1.38893132,-46.2076066,51.9237896,-77.0116616,-1.48423034,-5.58086946,-66.7962096,False,False
NGC 6624,-298.4,256.643108,-25.0093725,7.64507307,-1.56981155,9.41155279,-0.579464777,-0.206626083,1.25165827,0.615202215,1.39467637,-46.5443413,51.7596064,-74.6074559,-1.54504654,-5.5402515,-66.6722542,False,False
NGC 6624,-298.5,256.573846,-25.0114796,7.65114229,-1.60892837,9.46110306,-0.574687614,-0.211910938,1.25916582,0.612512938,1.4002395,-46.8763208,51.5891683,-72.2101049,-1.60552375,-5.49994444,-66.5381651,False,False
NGC 6624,-298.6,256.506431,-25.0145252,7.65721361,-1.64785231,9.5087224,-0.569876739,-0.217178047,1.26642853,0.609857197,1.4056198,-47.2036497,51.4125712,-69.8194195,-1.66566813,-5.45994514,-66.3943048,False,False
NGC 6624,-298.7,256.440856,-25.0185028,7.66328597,-1.68657855,9.554421,-0.56503262,-0.222426784,1.27344707,0.60723598,1.41081642,-47.5264289,51.2299063,-67.4352104,-1.72548589,-5.42025047,-66.2410281,False,False
NGC 6624,-298.8,256.377112,-25.0234055,7.66935836,-1.72510238,9.59820891,-0.560155719,-0.227656533,1.2802221,0.604650251,1.41582858,-47.844756,51.0412606,-65.0572876,-1.78498332,-5.38085733,-66.0786817,False,False
NGC 6624,-298.9,256.315193,-25.0292268,7.67542981,-1.76341918,9.64009598,-0.555246486,-0.232866686,1.28675425,0.60210095,1.42065551,-48.1587256,50.8467166,-62.6854612,-1.84416674,-5.34176263,-65.9076053,False,False
NGC 6624,-299,256.255092,-25.0359602,7.68149936,-1.8015244,9.68009191,-0.550305362,-0.238056645,1.29304414,0.59958899,1.4252965,-48.4684289,50.6463529,-60.3195411,-1.90304254,-5.30296331,-65.7281315,False,False
NGC 6624,-299.1,256.196801,-25.0435993,7.68756611,-1.83941359,9.71820622,-0.545332778,-0.243225819,1.29909236,0.597115263,1.42975088,-48.7739543,50.4402438,-57.9593371,-1.96161716,-5.26445633,-65.5405857,False,False
NGC 6624,-299.2,256.140313,-25.0521377,7.69362917,-1.87708238,9.75444825,-0.540329158,-0.248373622,1.30489947,0.594680633,1.43401802,-49.0753873,50.22846,-55.6046593,-2.01989706,-5.22623868,-65.3452871,False,False
NGC 6624,-299.3,256.085621,-25.0615694,7.69968768,-1.91452648,9.78882717,-0.535294915,-0.253499479,1.31046605,0.592285938,1.43809732,-49.3728107,50.0110684,-53.2553177,-2.07788873,-5.18830739,-65.1425482,False,False
NGC 6624,-299.4,256.03272,-25.071888,7.70574083,-1.95174167,9.82135199,-0.530230457,-0.258602819,1.31579262,0.589931992,1.4419882,-49.6663045,49.788132,-50.9111228,-2.1355987,-5.1506595,-64.9326755,False,False
NGC 6624,-299.5,255.981603,-25.0830877,7.71178781,-1.98872379,9.85203152,-0.52513618,-0.263683078,1.3208797,0.587619582,1.44569013,-49.9559462,49.5597105,-48.571885,-2.19303353,-5.1132921,-64.7159695,False,False
NGC 6624,-299.6,255.932264,-25.0951623,7.71782787,-2.02546879,9.8808744,-0.520012475,-0.268739698,1.32572779,0.585349467,1.4492026,-50.2418108,49.3258601,-46.2374153,-2.25019977,-5.07620231,-64.492725,False,False
NGC 6624,-299.7,255.884697,-25.1081061,7.72386026,-2.06197263,9.90788911,-0.514859724,-0.273772126,1.33033737,0.583122382,1.45252512,-50.5239711,49.0866335,-43.9075249,-2.30710402,-5.0393873,-64.2632314,False,False
NGC 6624,-299.8,255.838896,-25.1219132,7.72988427,-2.09823137,9.93308393,-0.509678303,-0.278779815,1.3347089,0.580939031,1.45565724,-50.8024972,48.8420803,-41.5820253,-2.36375286,-5.00284425,-64.0277726,False,False
NGC 6624,-299.9,255.794856,-25.1365779,7.73589924,-2.13424112,9.95646696,-0.504468579,-0.283762224,1.3388428,0.578800093,1.45859851,-51.0774574,48.5922468,-39.2607285,-2.4201529,-4.9665704,-63.7866276,False,False
NGC 6624,-300,255.752572,-25.1520946,7.74190449,-2.16999806,9.97804613,-0.499230915,-0.288718813,1.34273952,0.576706216,1.46134851,-51.3489176,48.3371762,-36.9434467,-2.47631076,-4.93056304,-63.5400702,False,False
NGC 6624,-300.1,255.712039,-25.1684577,7.7478994,-2.20549839,9.9978292,-0.493965664,-0.29364905,1.34639944,0.574658022,1.46390686,-51.6169418,48.0769086,-34.6299927,-2.53223305,-4.89481947,-63.2883699,False,False
NGC 6624,-300.2,255.673251,-25.1856618,7.75388337,-2.24073839,10.0158237,-0.488673175,-0.298552405,1.34982295,0.572656101,1.46627316,-51.8815919,47.8114814,-32.3201795,-2.5879264,-4.85933707,-63.0317913,False,False
NGC 6624,-300.3,255.636205,-25.2037013,7.75985582,-2.27571439,10.0320371,-0.48335379,-0.303428352,1.3530104,0.570701017,1.46844707,-52.1429279,47.5409287,-30.0138205,-2.64339742,-4.82411323,-62.7705948,False,False
NGC 6624,-300.4,255.600896,-25.2225711,7.7658162,-2.31042276,10.0464766,-0.478007844,-0.308276369,1.35596216,0.568793301,1.47042823,-52.4010078,47.2652821,-27.7107295,-2.69865273,-4.7891454,-62.5050365,False,False
NGC 6624,-300.5,255.56732,-25.2422658,7.77176397,-2.34485992,10.0591491,-0.472635669,-0.313095935,1.35867853,0.566933453,1.47221632,-52.6558882,46.9845702,-25.4107206,-2.75369895,-4.75443109,-62.2353686,False,False
NGC 6624,-300.6,255.535472,-25.2627802,7.77769864,-2.37902231,10.0700616,-0.467237588,-0.317886535,1.36115983,0.565121945,1.47381101,-52.9076235,46.6988191,-23.1136083,-2.8085427,-4.71996783,-61.9618394,False,False
NGC 6624,-300.7,255.50535,-25.2841092,7.78361972,-2.41290645,10.0792207,-0.46181392,-0.322647654,1.36340633,0.563359216,1.475212,-53.1562667,46.4080518,-20.8192073,-2.86319058,-4.68575321,-61.6846936,False,False
NGC 6624,-300.8,255.476949,-25.3062478,7.78952677,-2.44650886,10.0866329,-0.45636498,-0.327378781,1.36541832,0.561645672,1.476419,-53.4018691,46.1122892,-18.5273328,-2.9176492,-4.65178488,-61.4041721,False,False
NGC 6624,-300.9,255.450267,-25.3291909,7.79541933,-2.47982612,10.0923045,-0.450891074,-0.332079405,1.36719604,0.559981689,1.47743173,-53.6444805,45.8115493,-16.2377999,-2.97192515,-4.61806052,-61.1205128,False,False
NGC 6624,-301,255.4253,-25.3529337,7.80129701,-2.51285483,10.0962417,-0.445392508,-0.336749017,1.36873972,0.558367609,1.47824991,-53.884149,45.5058476,-13.9504241,-3.02602504,-4.58457787,-60.83395,False,False
NGC 6624,-301.1,255.402045,-25.3774712,7.80715942,-2.54559163,10.0984503,-0.439869578,-0.341387113,1.37004956,0.556803741,1.47887329,-54.1209213,45.195197,-11.6650213,-3.07995543,-4.55133473,-60.5447151,False,False
NGC 6624,-301.2,255.3805,-25.4027987,7.81300618,-2.57803319,10.0989362,-0.43432258,-0.345993185,1.37112577,0.555290363,1.47930161,-54.3548428,44.8796081,-9.38140725,-3.13372291,-4.51832893,-60.2530367,False,False
NGC 6624,-301.3,255.360662,-25.4289114,7.81883696,-2.61017619,10.097705,-0.428751802,-0.350566729,1.37196851,0.553827716,1.47953464,-54.5859574,44.559089,-7.09939792,-3.18733405,-4.48555837,-59.9591403,False,False
NGC 6624,-301.4,255.342529,-25.4558047,7.82465143,-2.64201736,10.0947621,-0.42315753,-0.355107241,1.37257795,0.55241601,1.47957212,-54.8143077,44.2336454,-4.8188094,-3.2407954,-4.453021,-59.663249,False,False
NGC 6624,-301.5,255.326099,-25.4834739,7.8304493,-2.67355344,10.0901127,-0.417540043,-0.359614218,1.37295421,0.551055418,1.47941384,-55.039935,43.9032805,-2.53945778,-3.29411353,-4.42071483,-59.3655832,False,False
NGC 6624,-301.6,255.311371,-25.5119144,7.83623028,-2.70478118,10.0837619,-0.411899619,-0.364087157,1.37309741,0.549746081,1.47905958,-55.2628793,43.5679952,-0.261159188,-3.34729497,-4.38863791,-59.066361,False,False
NGC 6624,-301.7,255.298342,-25.5411217,7.84199411,-2.73569738,10.0757146,-0.406236529,-0.368525554,1.37300765,0.548488106,1.47850912,-55.4831793,43.227788,2.01627031,-3.40034626,-4.35678835,-58.7657982,False,False
NGC 6624,-301.8,255.287012,-25.5710913,7.84774055,-2.76629883,10.0659754,-0.400551043,-0.372928906,1.37268502,0.547281561,1.47776225,-55.7008727,42.8826553,4.29301473,-3.45327393,-4.32516433,-58.4641086,False,False
NGC 6624,-301.9,255.277379,-25.6018189,7.85346939,-2.79658235,10.0545489,-0.394843425,-0.377296709,1.37212957,0.546126484,1.47681877,-55.9159961,42.5325908,6.5692582,-3.50608452,-4.29376409,-58.1615037,False,False
NGC 6624,-302,255.269442,-25.6333,7.85918044,-2.82654476,10.0414394,-0.389113936,-0.381628458,1.37134134,0.545022875,1.47567849,-56.1285846,42.1775862,8.84518502,-3.55878452,-4.26258591,-57.8581935,False,False
NGC 6624,-302.1,255.263201,-25.6655303,7.8648735,-2.8561829,10.0266512,-0.383362833,-0.385923646,1.37032036,0.5439707,1.47434121,-56.3386726,41.8176306,11.1209797,-3.61138046,-4.23162813,-57.554386,False,False
NGC 6624,-302.2,255.258656,-25.6985055,7.87054844,-2.88549363,10.0101883,-0.377590371,-0.390181768,1.36906662,0.542969889,1.47280675,-56.5462932,41.4527112,13.3968271,-3.66387883,-4.20088918,-57.2502876,False,False
NGC 6624,-302.3,255.255805,-25.7322215,7.8762051,-2.9144738,9.99205431,-0.3717968,-0.394402315,1.36758013,0.542020338,1.47107493,-56.7514786,41.0828125,15.6729121,-3.71628614,-4.17036753,-56.9461032,False,False
NGC 6624,-302.4,255.25465,-25.7666739,7.88184337,-2.94312027,9.97225306,-0.365982367,-0.398584776,1.36586083,0.541121906,1.46914558,-56.95426,40.707917,17.9494204,-3.76860887,-4.14006171,-56.6420363,False,False
NGC 6624,-302.5,255.25519,-25.8018587,7.88746315,-2.97142992,9.95078798,-0.360147318,-0.40272864,1.36390869,0.540274419,1.46701853,-57.1546676,40.3280047,20.2265376,-3.82085353,-4.10997031,-56.3382891,False,False
NGC 6624,-302.6,255.257426,-25.8377716,7.89306436,-2.99939962,9.92766237,-0.354291892,-0.406833393,1.36172362,0.539477668,1.46469361,-57.3527305,39.9430535,22.5044502,-3.8730266,-4.08009202,-56.0350628,False,False
NGC 6624,-302.7,255.261359,-25.8744087,7.89864695,-3.02702624,9.90287934,-0.348416329,-0.410898517,1.35930554,0.538731408,1.46217067,-57.5484772,39.5530386,24.7833447,-3.92513455,-4.05042556,-55.7325572,False,False
NGC 6624,-302.8,255.266989,-25.9117658,7.90421087,-3.05430664,9.87644184,-0.342520864,-0.414923494,1.35665434,0.53803536,1.45944957,-57.7419349,39.1579334,27.0634087,-3.97718388,-4.02096974,-55.4309716,False,False
NGC 6624,-302.9,255.274318,-25.949839,7.90975611,-3.08123771,9.84835265,-0.33660573,-0.418907801,1.35376988,0.537389211,1.45653014,-57.9331302,38.7577086,29.3448299,-4.02918106,-3.99172341,-55.130504,False,False
NGC 6624,-303,255.283347,-25.9886241,7.91528265,-3.10781629,9.81861437,-0.330671157,-0.422850914,1.35065202,0.536792614,1.45341226,-58.1220887,38.3523327,31.6277968,-4.08113258,-3.96268554,-54.8313521,False,False
NGC 6624,-303.1,255.294078,-26.0281174,7.92079051,-3.13403925,9.78722943,-0.324717372,-0.426752304,1.34730059,0.536245187,1.45009579,-58.3088353,37.9417717,33.9124987,-4.13304491,-3.93385512,-54.5337128,False,False
NGC 6624,-303.2,255.306512,-26.0683147,7.92627974,-3.15990344,9.75420008,-0.318744601,-0.430611439,1.34371541,0.535746518,1.4465806,-58.4933939,37.5259893,36.1991254,-4.18492453,-3.90523125,-54.2377825,False,False
NGC 6624,-303.3,255.320652,-26.1092123,7.93175038,-3.1854057,9.7195284,-0.312753065,-0.434427782,1.33989626,0.535296159,1.44286658,-58.6757877,37.1049467,38.4878676,-4.23677794,-3.8768131,-53.9437573,False,False
NGC 6624,-303.4,255.336501,-26.1508061,7.93720251,-3.21054284,9.6832163,-0.306742986,-0.438200794,1.33584293,0.53489363,1.43895362,-58.8560392,36.6786028,40.7789167,-4.28861161,-3.8485999,-53.6518329,False,False
NGC 6624,-303.5,255.35406,-26.1930923,7.94263622,-3.23531169,9.64526551,-0.30071458,-0.44192993,1.33155516,0.53453842,1.43484162,-59.0341698,36.2469139,43.072465,-4.34043204,-3.82059097,-53.362205,False,False
NGC 6624,-303.6,255.373333,-26.2360671,7.94805162,-3.25970904,9.6056776,-0.294668065,-0.445614642,1.32703269,0.534229986,1.43053047,-59.2102005,35.8098339,45.3687055,-4.39224572,-3.79278572,-53.0750691,False,False
NGC 6624,-303.7,255.394322,-26.2797265,7.95344883,-3.28373167,9.56445395,-0.288603653,-0.449254376,1.32227524,0.533967754,1.42602011,-59.3841513,35.3673139,47.6678324,-4.44405914,-3.76518364,-52.7906208,False,False
NGC 6624,-303.8,255.417032,-26.3240668,7.95882801,-3.30737634,9.52159579,-0.282521556,-0.452848571,1.31728249,0.53375112,1.42131046,-59.5560417,34.9193028,49.9700406,-4.49587881,-3.73778429,-52.5090559,False,False
NGC 6624,-303.9,255.441465,-26.3690841,7.96418933,-3.33063979,9.47710417,-0.276421985,-0.456396666,1.31205413,0.533579451,1.41640145,-59.7258902,34.4657465,52.2755259,-4.54771123,-3.71058734,-52.2305706,False,False
NGC 6624,-304,255.467625,-26.4147746,7.96953295,-3.35351873,9.43097996,-0.270305146,-0.459898088,1.30658981,0.533452082,1.41129304,-59.8937149,34.0065885,54.5844854,-4.59956293,-3.68359252,-51.9553611,False,False
NGC 6624,-304.1,255.495517,-26.4611344,7.9748591,-3.37600985,9.38322386,-0.264171247,-0.463352263,1.30088916,0.533368322,1.4059852,-60.059533,33.5417695,56.8971169,-4.65144042,-3.6567997,-51.6836245,False,False
NGC 6624,-304.2,255.525145,-26.5081597,7.980168,-3.39810982,9.33383642,-0.258020491,-0.466758608,1.2949518,0.533327453,1.4004779,-60.223361,33.0712273,59.2136193,-4.70335023,-3.63020879,-51.4155582,False,False
NGC 6624,-304.3,255.556513,-26.5558468,7.98545987,-3.41981527,9.282818,-0.251853082,-0.470116535,1.28877733,0.533328727,1.39477114,-60.3852149,32.5948971,61.5341926,-4.7552989,-3.60381985,-51.1513606,False,False
NGC 6624,-304.4,255.589627,-26.6041917,7.99073499,-3.44112279,9.2301688,-0.245669219,-0.473425448,1.2823653,0.533371372,1.38886493,-60.5451098,32.112711,63.8590378,-4.80729297,-3.57763301,-50.8912308,False,False
NGC 6624,-304.5,255.62449,-26.6531907,7.99599363,-3.46202897,9.17588883,-0.239469104,-0.476684745,1.27571529,0.533454589,1.38275931,-60.7030602,31.6245983,66.1883568,-4.85933899,-3.55164851,-50.6353687,False,False
NGC 6624,-304.6,255.66111,-26.7028399,8.0012361,-3.48253032,9.11997797,-0.233252934,-0.479893816,1.26882682,0.533577554,1.37645432,-60.8590801,31.1304853,68.5223527,-4.91144353,-3.52586672,-50.3839755,False,False
NGC 6624,-304.7,255.699491,-26.7531354,8.0064627,-3.50262334,9.06243588,-0.227020905,-0.483052043,1.2616994,0.533739419,1.36995005,-61.0131827,30.6302951,70.8612295,-4.96361313,-3.50028808,-50.1372534,False,False
NGC 6624,-304.8,255.739638,-26.8040734,8.01167378,-3.52230449,9.00326211,-0.220773214,-0.486158801,1.25433252,0.533939315,1.36324659,-61.1653806,30.1239477,73.2051921,-5.01585439,-3.47491319,-49.8954059,False,False
NGC 6624,-304.9,255.78156,-26.8556499,8.01686968,-3.54157019,8.94245599,-0.214510054,-0.489213456,1.24672565,0.534176346,1.35634406,-61.3156857,29.61136,75.5544467,-5.06817387,-3.44974274,-49.6586381,False,False
NGC 6624,-305,255.82526,-26.9078611,8.0220508,-3.56041678,8.88001671,-0.208231618,-0.492215365,1.23887824,0.534449598,1.34924262,-61.4641092,29.0924455,77.9092,-5.12057817,-3.42477757,-49.4271563,False,False
NGC 6624,-305.1,255.870747,-26.9607029,8.02721751,-3.57884061,8.8159433,-0.201938099,-0.495163877,1.23078971,0.534758133,1.34194247,-61.610662,28.5671142,80.2696598,-5.17307386,-3.40001863,-49.2011687,False,False
NGC 6624,-305.2,255.918028,-27.0141715,8.03237024,-3.59683793,8.75023461,-0.195629686,-0.49805833,1.22245948,0.535100994,1.3344438,-61.7553539,28.0352727,82.6360344,-5.22566753,-3.37546701,-48.9808851,False,False
NGC 6624,-305.3,255.967109,-27.0682628,8.03750943,-3.61440497,8.68288933,-0.189306571,-0.500898054,1.21388693,0.535477206,1.32674689,-61.8981943,27.4968243,85.0085331,-5.27836578,-3.35112395,-48.7665174,False,False
NGC 6624,-305.4,256.017998,-27.1229728,8.04263551,-3.63153789,8.61390598,-0.182968941,-0.503682368,1.20507141,0.535885773,1.31885203,-62.0391921,26.9516682,87.3873656,-5.3311752,-3.32699083,-48.5582792,False,False
NGC 6624,-305.5,256.070702,-27.1782973,8.04774898,-3.6482328,8.54328293,-0.176616986,-0.506410582,1.19601228,0.536325682,1.31075955,-62.1783551,26.3997002,89.772742,-5.38410236,-3.30306916,-48.3563864,False,False
NGC 6624,-305.6,256.12523,-27.2342322,8.05285032,-3.66448575,8.47101838,-0.170250891,-0.509081991,1.18670885,0.536795902,1.30246986,-62.3156909,25.840812,92.1648726,-5.43715385,-3.27936066,-48.1610572,False,False
NGC 6624,-305.7,256.181591,-27.2907734,8.05794005,-3.68029273,8.39711038,-0.163870845,-0.511695884,1.17716041,0.537295386,1.29398337,-62.4512061,25.2748915,94.563968,-5.49033622,-3.25586718,-47.9725122,False,False
NGC 6624,-305.8,256.239792,-27.3479165,8.06301871,-3.69564966,8.32155681,-0.157477032,-0.514251536,1.16736626,0.537823073,1.2853006,-62.584907,24.7018224,96.9702386,-5.54365603,-3.23259074,-47.7909743,False,False
NGC 6624,-305.9,256.299842,-27.4056573,8.06808685,-3.71055238,8.2443554,-0.151069638,-0.516748208,1.15732564,0.538377884,1.2764221,-62.7167988,24.1214842,99.3838945,-5.5971198,-3.20953357,-47.6166693,False,False
NGC 6624,-306,256.361751,-27.4639914,8.07314506,-3.72499669,8.16550371,-0.144648847,-0.519185151,1.14703778,0.538958727,1.26734848,-62.8468864,23.5337522,101.805145,-5.65073404,-3.18669807,-47.4498255,False,False
NGC 6624,-306.1,256.425528,-27.5229143,8.07819394,-3.73897829,8.08499916,-0.138214845,-0.521561602,1.1365019,0.539564499,1.25808045,-62.9751736,22.9384972,104.234199,-5.70450521,-3.16408686,-47.2906745,False,False
NGC 6624,-306.2,256.491183,-27.5824215,8.08323411,-3.75249281,8.00283903,-0.131767814,-0.523876786,1.12571719,0.540194079,1.24861877,-63.1016638,22.3355853,106.671264,-5.75843975,-3.14170274,-47.1394505,False,False
NGC 6624,-306.3,256.558725,-27.6425085,8.08826621,-3.76553582,7.91902043,-0.125307938,-0.526129911,1.11468282,0.54084634,1.23896431,-63.2263596,21.7248782,109.116546,-5.81254403,-3.11954877,-46.9963913,False,False
NGC 6624,-306.4,256.628166,-27.7031704,8.09329091,-3.77810277,7.83354035,-0.118835401,-0.528320175,1.10339794,0.541520138,1.229118,-63.3492626,21.1062326,111.570247,-5.86682438,-3.09762822,-46.8617376,False,False
NGC 6624,-306.5,256.699515,-27.7644025,8.09830891,-3.79018905,7.74639562,-0.112350387,-0.530446756,1.09186168,0.542214321,1.21908092,-63.470374,20.4795002,114.032569,-5.92128703,-3.07594461,-46.7357338,False,False
NGC 6624,-306.6,256.772783,-27.8261999,8.10332091,-3.80178996,7.65758295,-0.105853078,-0.532508821,1.08007314,0.542927728,1.20885421,-63.5896939,19.8445278,116.50371,-5.97593815,-3.05450174,-46.6186278,False,False
NGC 6624,-306.7,256.847982,-27.8885575,8.10832765,-3.8129007,7.56709891,-0.0993436571,-0.534505518,1.06803142,0.543659186,1.19843916,-63.7072216,19.2011566,118.983862,-6.03078382,-3.03330367,-46.5106714,False,False
NGC 6624,-306.8,256.925123,-27.9514703,8.11332989,-3.82351636,7.47493993,-0.0928223087,-0.53643598,1.05573558,0.544407514,1.18783717,-63.8229556,18.5492229,121.473216,-6.08582997,-3.01235475,-46.4121199,False,False
NGC 6624,-306.9,257.004217,-28.0149329,8.11832842,-3.83363196,7.38110235,-0.0862892158,-0.538299323,1.04318467,0.545171524,1.1770498,-63.9368934,17.888557,123.971954,-6.14108243,-2.99165966,-46.3232329,False,False
NGC 6624,-307,257.085277,-28.0789399,8.12332405,-3.84324239,7.28558235,-0.0797445623,-0.540094645,1.03037772,0.545950017,1.16607876,-64.0490317,17.218984,126.480254,-6.19654686,-2.97122339,-46.2442739,False,False
NGC 6624,-307.1,257.168315,-28.1434858,8.1283176,-3.85234245,7.18837606,-0.0731885325,-0.541821026,1.01731376,0.546741791,1.15492591,-64.1593659,16.5403229,128.998285,-6.25222873,-2.9510513,-46.1755108,False,False
NGC 6624,-307.2,257.253342,-28.2085649,8.13330994,-3.86092682,7.08947945,-0.0666213111,-0.543477527,1.00399176,0.547545634,1.14359332,-64.2678907,15.852387,131.526207,-6.30813331,-2.93114911,-46.1172159,False,False
NGC 6624,-307.3,257.340373,-28.2741713,8.13830196,-3.86899005,6.98888845,-0.0600430837,-0.545063189,0.990410725,0.548360331,1.13208324,-64.3745994,15.1549832,134.064171,-6.36426565,-2.91152295,-46.0696657,False,False
NGC 6624,-307.4,257.42942,-28.3402989,8.14329455,-3.87652661,6.88659888,-0.0534540361,-0.546577035,0.976569606,0.549184658,1.12039814,-64.4794841,14.4479127,136.612314,-6.42063049,-2.89217938,-46.0331415,False,False
NGC 6624,-307.5,257.520495,-28.4069414,8.14828867,-3.8835308,6.7826065,-0.0468543556,-0.548018064,0.962467359,0.55001739,1.10854073,-64.5825359,13.7309701,139.170762,-6.47723228,-2.87312541,-46.0079294,False,False
NGC 6624,-307.6,257.613614,-28.4740925,8.15328527,-3.88999683,6.676907,-0.04024423,-0.549385257,0.948102925,0.550857294,1.09651398,-64.6837442,13.0039437,141.739622,-6.5340751,-2.85436854,-45.9943201,False,False
NGC 6624,-307.7,257.708789,-28.5417453,8.15828535,-3.89591875,6.56949606,-0.0336238484,-0.550677571,0.933475234,0.551703136,1.08432115,-64.7830972,12.2666154,144.318986,-6.59116262,-2.8359168,-45.9926092,False,False
NGC 6624,-307.8,257.806034,-28.609893,8.16328992,-3.9012905,6.4603693,-0.0269934014,-0.551893941,0.918583208,0.552553677,1.0719658,-64.8805814,11.5187607,146.908923,-6.64849804,-2.81777879,-46.0030972,False,False
NGC 6624,-307.9,257.905363,-28.6785284,8.16830002,-3.90610585,6.34952236,-0.0203530807,-0.55303328,0.903425763,0.553407676,1.05945182,-64.9761818,10.7601484,149.509481,-6.706084,-2.79996371,-46.0260897,False,False
NGC 6624,-308,258.006792,-28.7476441,8.17331675,-3.91035845,6.23695088,-0.0137030799,-0.554094474,0.888001812,0.55426389,1.04678349,-65.0698813,9.99054092,152.120677,-6.76392257,-2.78248142,-46.0618972,False,False
NGC 6624,-308.1,258.110333,-28.8172322,8.1783412,-3.91404179,6.12265053,-0.00704359428,-0.555076386,0.872310267,0.555121074,1.03396548,-65.161661,9.20969419,154.742501,-6.82201507,-2.7653425,-46.1108351,False,False
NGC 6624,-308.2,258.216003,-28.8872849,8.1833745,-3.91714922,6.00661706,-0.000374821331,-0.555977855,0.856350044,0.555977981,1.0210029,-65.2515,8.41735777,157.374905,-6.88036207,-2.74855829,-46.1732239,False,False
NGC 6624,-308.3,258.323815,-28.9577936,8.18841782,-3.91967392,5.88884629,0.00630303933,-0.556797692,0.840120063,0.556833367,1.00790134,-65.3393749,7.61327503,160.017803,-6.93896319,-2.73214097,-46.2493888,False,False
NGC 6624,-308.4,258.433785,-29.0287496,8.19347235,-3.92160891,5.76933419,0.0129897855,-0.557534683,0.82361926,0.557685985,0.994666951,-65.4252598,6.79718338,162.671062,-6.99781704,-2.71610361,-46.3396599,False,False
NGC 6624,-308.5,258.545926,-29.1001438,8.19853932,-3.92294705,5.64807687,0.0196852124,-0.558187586,0.806846582,0.558534591,0.981306423,-65.5091262,5.96881457,165.334497,-7.05692105,-2.70046029,-46.4443718,False,False
NGC 6624,-308.6,258.660256,-29.1719666,8.20361999,-3.92368104,5.52507067,0.0263891117,-0.558755132,0.789801001,0.559377942,0.967827104,-65.5909423,5.12789513,168.007863,-7.11627129,-2.68522614,-46.5638632,False,False
NGC 6624,-308.7,258.776787,-29.2442081,8.20871564,-3.9238034,5.40031215,0.0331012722,-0.559236021,0.772481517,0.5602148,0.954237033,-65.6706732,4.27414689,170.69085,-7.17586233,-2.67041747,-46.6984772,False,False
NGC 6624,-308.8,258.895535,-29.3168578,8.21382758,-3.92330648,5.2737982,0.0398214786,-0.559628929,0.754887164,0.561043927,0.940545012,-65.7482803,3.40728767,173.383068,-7.23568695,-2.65605188,-46.8485599,False,False
NGC 6624,-308.9,259.016515,-29.3899046,8.21895719,-3.92218246,5.14552606,0.0465495116,-0.559932499,0.737017024,0.561864095,0.926760678,-65.823721,2.52703216,176.084041,-7.29573599,-2.64214836,-47.014461,False,False
NGC 6624,-309,259.13974,-29.463337,8.22410582,-3.92042334,5.01549343,0.0532851472,-0.560145348,0.718870227,0.562674078,0.912894584,-65.8969483,1.63309294,178.793192,-7.35599799,-2.62872746,-47.1965323,False,False
NGC 6624,-309.1,259.265226,-29.5371429,8.22927491,-3.91802094,4.8836985,0.0600281565,-0.56026606,0.700445974,0.563472659,0.898958286,-65.9679102,0.725181788,181.509831,-7.41645892,-2.6158114,-47.3951272,False,False
NGC 6624,-309.2,259.392985,-29.6113093,8.23446591,-3.91496693,4.75014006,0.0667783049,-0.560293192,0.681743537,0.564258631,0.884964436,-66.0365494,-0.196988754,184.233137,-7.47710179,-2.60342429,-47.6105998,False,False
NGC 6624,-309.3,259.523032,-29.6858229,8.23968028,-3.91125277,4.61481763,0.0735353516,-0.560225271,0.662762285,0.565030798,0.870926891,-66.1028027,-1.1337035,186.962142,-7.53790627,-2.59159229,-47.8433036,False,False
NGC 6624,-309.4,259.655378,-29.7606692,8.24491954,-3.90686978,4.47773153,0.0802990492,-0.560060796,0.64350169,0.565787975,0.856860816,-66.1666001,-2.08524232,189.695707,-7.59884813,-2.58034385,-48.0935901,False,False
NGC 6624,-309.5,259.790036,-29.8358332,8.25018525,-3.9018091,4.33888302,0.0870691427,-0.559798236,0.623961353,0.566528994,0.842782814,-66.2278644,-3.05187747,192.432501,-7.65989879,-2.56970993,-48.3618072,False,False
NGC 6624,-309.6,259.927017,-29.9112986,8.25547896,-3.89606172,4.19827445,0.0938453685,-0.559436034,0.604141021,0.567252704,0.828711049,-66.2865104,-4.03387038,195.170972,-7.72102462,-2.55972431,-48.648297,False,False
NGC 6624,-309.7,260.06633,-29.9870486,8.2608023,-3.88961848,4.05590946,0.100627454,-0.558972607,0.584040612,0.567957973,0.814665389,-66.3424436,-5.03146779,197.909314,-7.78218624,-2.55042388,-48.9533935,False,False
NGC 6624,-309.8,260.207985,-30.0630648,8.26615689,-3.88247009,3.91179311,0.107415117,-0.558406346,0.563660244,0.568643697,0.800667549,-66.3955599,-6.0448973,200.645435,-7.8433377,-2.54184899,-49.2774198,False,False
NGC 6624,-309.9,260.351988,-30.1393279,8.2715444,-3.87460713,3.76593215,0.114208064,-0.557735622,0.543000264,0.569308797,0.786741249,-66.4457439,-7.0743621,203.376911,-7.90442553,-2.53404388,-49.6206841,False,False
NGC 6624,-310,260.498345,-30.2158173,8.27696651,-3.8660201,3.61833524,0.121005987,-0.556958786,0.522061289,0.569952225,0.772912367,-66.4928683,-8.12003482,206.10094,-7.96538763,-2.52705709,-49.9834766,False,False
NGC 6624,-310.1,260.647059,-30.2925107,8.28242494,-3.8566994,3.46901324,0.127808568,-0.556074173,0.50084424,0.570572972,0.759209107,-66.5367922,-9.18205039,208.814289,-8.02615205,-2.52094202,-50.3660637,False,False
NGC 6624,-310.2,260.798131,-30.3693845,8.28792143,-3.84663542,3.31797956,0.13461547,-0.555080107,0.479350396,0.571170071,0.745662157,-66.57736,-10.2604977,211.513231,-8.08663556,-2.51575747,-50.7686832,False,False
NGC 6624,-310.3,260.951559,-30.4464133,8.29345772,-3.83581852,3.16525046,0.141426343,-0.553974905,0.457581446,0.571742604,0.732304844,-66.6144,-11.3554103,214.193471,-8.14674203,-2.51156829,-51.1915368,False,False
NGC 6624,-310.4,261.107337,-30.5235695,8.29903559,-3.8242391,3.01084555,0.148240815,-0.552756883,0.435539548,0.572289709,0.719173282,-66.6477228,-12.4667553,216.850073,-8.20636061,-2.50844616,-51.6347831,False,False
NGC 6624,-310.5,261.265458,-30.6008237,8.3046568,-3.81188765,2.85478823,0.155058496,-0.551424368,0.413227403,0.572810589,0.706306489,-66.67712,-13.5944213,219.47736,-8.26536365,-2.50647034,-52.0985278,False,False
NGC 6624,-310.6,261.425906,-30.678144,8.31032314,-3.79875481,2.6971062,0.161878974,-0.549975698,0.390648335,0.573304518,0.69374649,-66.7023624,-14.7382043,222.068817,-8.32360434,-2.50572866,-52.5828131,False,False
NGC 6624,-310.7,261.588663,-30.7554959,8.31603638,-3.78483143,2.53783217,0.16870181,-0.54840924,0.367806381,0.573770856,0.681538355,-66.7231988,-15.8977929,224.616979,-8.38091418,-2.50631845,-53.0876053,False,False
NGC 6624,-310.8,261.753705,-30.8328419,8.32179827,-3.77010866,2.37700446,0.17552654,-0.5467234,0.344706397,0.574209058,0.669730202,-66.739355,-17.0727509,227.113299,-8.43710015,-2.50834764,-53.6127802,False,False
NGC 6624,-310.9,261.920999,-30.9101413,8.32761057,-3.75457805,2.21466785,0.18235267,-0.544916634,0.321354173,0.574618686,0.6583731,-66.7505321,-18.2624998,229.548022,-8.49194166,-2.5119359,-54.1581063,False,False
NGC 6624,-311,262.090508,-30.9873501,8.33347498,-3.73823165,2.05087442,0.189179675,-0.542987465,0.297756564,0.574999423,0.647520894,-66.7564071,-19.466299,231.910038,-8.54518738,-2.51721577,-54.7232251,False,False
NGC 6624,-311.1,262.262182,-31.06442,8.33939314,-3.72106211,1.88568454,0.196006995,-0.540934502,0.273921637,0.575351091,0.637229896,-66.7566318,-20.6832265,234.186751,-8.59655216,-2.52433369,-55.3076296,False,False
NGC 6624,-311.2,262.435963,-31.1412986,8.34536666,-3.70306284,1.71916794,0.202834034,-0.538756458,0.249858826,0.575673663,0.627558443,-66.7508347,-21.9121592,236.36395,-8.64571429,-2.53345076,-55.9106391,False,False
NGC 6624,-311.3,262.611783,-31.2179285,8.35139704,-3.68422814,1.5514048,0.209660155,-0.536452172,0.225579112,0.575967285,0.618566285,-66.7386224,-23.1517545,238.425718,-8.69231329,-2.54474307,-56.5313715,False,False
NGC 6624,-311.4,262.789558,-31.2942474,8.35748569,-3.66455336,1.38248695,0.216484681,-0.534020632,0.201095185,0.57623229,0.610313793,-66.7195833,-24.4004333,240.354409,-8.73594942,-2.5584011,-57.1687138,False,False
NGC 6624,-311.5,262.969192,-31.3701871,8.36363387,-3.64403507,1.21251901,0.223306893,-0.531461,0.176421629,0.576469222,0.602860975,-66.6932919,-25.6563684,242.130723,-8.77618519,-2.57462776,-57.8212907,False,False
NGC 6624,-311.6,263.150573,-31.4456739,8.3698427,-3.62267122,1.04161936,0.230126027,-0.528772639,0.151575077,0.576678847,0.596266297,-66.6593156,-26.9174771,243.733942,-8.8125505,-2.59363439,-58.4874349,False,False
NGC 6624,-311.7,263.333575,-31.5206277,8.37611312,-3.60046132,0.869921018,0.236941275,-0.525955137,0.126574335,0.57686218,0.590585334,-66.617222,-28.1814226,245.142395,-8.84455258,-2.61563391,-59.1651604,False,False
NGC 6624,-311.8,263.51805,-31.5949627,8.38244582,-3.5774066,0.697571894,0.243751785,-0.523008334,0.101440442,0.577020493,0.58586928,-66.5665885,-29.4456251,246.334196,-8.87169212,-2.64083057,-59.8521456,False,False
NGC 6624,-311.9,263.703839,-31.6685875,8.38884125,-3.55351017,0.524734575,0.250556662,-0.519932344,0.0761966448,0.577155337,0.582163389,-66.5070112,-30.7072849,247.288302,-8.89348605,-2.66940594,-60.5457321,False,False
NGC 6624,-312,263.890762,-31.7414058,8.39529957,-3.52877715,0.351585175,0.257354973,-0.516727579,0.0508682414,0.577268545,0.579505437,-66.4381146,-31.9634198,247.985839,-8.90949637,-2.70150199,-61.2429452,False,False
NGC 6624,-312.1,264.078629,-31.8133183,8.40182063,-3.50321476,0.178311259,0.264145747,-0.513394763,0.0254822895,0.577362241,0.577924307,-66.3595592,-33.2109156,248.411569,-8.91936217,-2.73720291,-61.9405432,False,False
NGC 6624,-312.2,264.267236,-31.884224,8.40840392,-3.47683241,0.00510870041,0.270927979,-0.509934941,6.71563414e-05,0.57743884,0.577438844,-66.271047,-34.4465899,248.555272,-8.92282984,-2.77651914,-62.6350978,False,False
NGC 6624,-312.3,264.456372,-31.9540227,8.41504859,-3.44964166,-0.167822221,0.27770064,-0.506349485,-0.0253480458,0.577501035,0.578057064,-66.172325,-35.6672644,248.412753,-8.91977559,-2.81937693,-63.3230984,False,False
NGC 6624,-312.4,264.645826,-32.0226171,8.42175344,-3.42165622,-0.34028126,0.284462672,-0.502640089,-0.0507341041,0.57755179,0.579775836,-66.0631851,-36.8698411,247.986241,-8.9102149,-2.86561677,-64.0010707,False,False
NGC 6624,-312.5,264.835385,-32.0899155,8.42851691,-3.39289184,-0.512072629,0.291213003,-0.498808755,-0.0760623517,0.577594311,0.582581041,-65.9434629,-38.0513769,247.284072,-8.89429691,-2.91500116,-64.6656927,False,False
NGC 6624,-312.6,265.024845,-32.1558335,8.43533713,-3.36336619,-0.683008958,0.297950544,-0.494857778,-0.101305249,0.577632017,0.586448208,-65.8130351,-39.2091488,246.319762,-8.87228543,-2.96723053,-65.3138922,False,False
NGC 6624,-312.7,265.214007,-32.2202955,8.44221193,-3.33309862,-0.852914441,0.304674194,-0.490789715,-0.126436848,0.577668511,0.591343542,-65.6718172,-40.3407066,245.110683,-8.84453151,-3.02196351,-65.9429164,False,False
NGC 6624,-312.8,265.402688,-32.2832355,8.44913889,-3.30211003,-1.02162699,0.311382847,-0.486607359,-0.151433114,0.577707538,0.59722524,-65.5197616,-41.4439102,243.676642,-8.81144348,-3.07883792,-66.5503699,False,False
NGC 6624,-312.9,265.590716,-32.3445977,8.45611536,-3.27042257,-1.18899941,0.318075395,-0.482313705,-0.176272106,0.577752946,0.604044967,-65.3568558,-42.5169508,242.038569,-8.77345929,-3.13748923,-67.1342253,False,False
NGC 6624,-313,265.777934,-32.4043362,8.46313853,-3.23805945,-1.35489977,0.324750729,-0.477911917,-0.200934033,0.57780865,0.611749395,-65.1831215,-43.5583571,240.217474,-8.73102403,-3.19756486,-67.6928135,False,False
NGC 6624,-313.1,265.964196,-32.4624142,8.47020542,-3.20504467,-1.51921109,0.331407742,-0.47340529,-0.225401227,0.577878586,0.620281689,-64.9986135,-44.5669892,238.233691,-8.68457361,-3.25873404,-68.224799,False,False
NGC 6624,-313.2,266.149373,-32.5188042,8.47731295,-3.17140281,-1.68183069,0.338045339,-0.468797222,-0.249658041,0.577966683,0.629582897,-64.8034185,-45.5420231,236.106394,-8.63452401,-3.32069357,-68.7291498,False,False
NGC 6624,-313.3,266.333346,-32.5734863,8.48445797,-3.13715881,-1.84266916,0.344662431,-0.464091178,-0.273690718,0.578076822,0.639593169,-64.5976534,-46.4829273,233.853328,-8.58126503,-3.38317051,-69.2051036,False,False
NGC 6624,-313.4,266.516011,-32.6264477,8.49163727,-3.10233778,-2.00164935,0.351257945,-0.459290664,-0.297487237,0.578212813,0.650252807,-64.3814625,-47.3894358,231.490699,-8.52515733,-3.44592262,-69.6521338,True,True
NGC 6624,-313.5,266.697271,-32.677682,8.49884759,-3.06696483,-2.15870517,0.357830822,-0.454399201,-0.321037155,0.578378364,0.661503126,-64.1550155,-48.2615176,229.033165,-8.46653167,-3.50873739,-70.0699184,True,True
NGC 6624,-313.6,266.877043,-32.7271883,8.50608567,-3.0310649,-2.31378053,0.364380024,-0.449420304,-0.344331453,0.578577057,0.673287131,-63.9185041,-49.0993469,226.493889,-8.40568951,-3.57143016,-70.4583102,True,True
NGC 6624,-313.7,267.05525,-32.7749705,8.51334826,-2.99466265,-2.4668283,0.370904533,-0.444357457,-0.367362382,0.578812338,0.685550029,-63.6721387,-49.9032723,223.884635,-8.34290446,-3.63384187,-70.817311,True,True
NGC 6624,-313.8,267.231826,-32.8210364,8.52063211,-2.95778235,-2.61780931,0.37740335,-0.439214106,-0.390123333,0.579087489,0.698239597,-63.416145,-50.6737889,221.215872,-8.27842407,-3.69583659,-71.1470476,True,True
NGC 6624,-313.9,267.406712,-32.8653975,8.52793402,-2.92044777,-2.76669149,0.383875505,-0.433993635,-0.412608704,0.579405626,0.711306419,-63.1507611,-51.4115113,218.496895,-8.21247187,-3.7572991,-71.4477516,True,True
NGC 6624,-314,267.579854,-32.9080682,8.5352508,-2.88268213,-2.91344902,0.390320049,-0.428699364,-0.434813789,0.579769683,0.72470402,-62.8762341,-52.1171498,215.735932,-8.1452494,-3.81813252,-71.7197409,True,True
NGC 6624,-314.1,267.751206,-32.9490653,8.54257934,-2.84450804,-3.05806164,0.39673606,-0.423334534,-0.456734674,0.58018241,0.738388916,-62.5928173,-52.7914893,212.940257,-8.07693813,-3.87825617,-71.9634041,True,True
NGC 6624,-314.2,267.920727,-32.9884076,8.54991656,-2.80594745,-3.20051399,0.403122642,-0.417902303,-0.478368144,0.580646363,0.752320597,-62.3007676,-53.43537,210.11629,-8.00770141,-3.93760356,-72.1791868,True,True
NGC 6624,-314.3,268.088382,-33.0261159,8.55725943,-2.76702164,-3.34079502,0.409478925,-0.412405742,-0.499711601,0.581163906,0.76646146,-62.0003432,-54.0496719,207.269687,-7.93768615,-3.9961206,-72.3675799,True,True
NGC 6624,-314.4,268.254139,-33.062212,8.56460502,-2.72775118,-3.47889744,0.415804066,-0.406847829,-0.520762989,0.581737206,0.780776708,-61.691802,-54.6353003,204.405427,-7.8670244,-4.05376397,-72.5291098,True,True
NGC 6624,-314.5,268.417972,-33.0967191,8.57195042,-2.68815592,-3.61481733,0.422097248,-0.40123145,-0.541520732,0.582368237,0.795234221,-61.3753991,-55.1931747,201.527887,-7.79583485,-4.11049973,-72.6643291,True,True
NGC 6624,-314.6,268.579858,-33.1296611,8.57929281,-2.648255,-3.74855365,0.42835768,-0.395559397,-0.561983672,0.583058778,0.809804413,-61.0513862,-55.7242186,198.640907,-7.72422413,-4.16630202,-72.7738103,True,True
NGC 6624,-314.7,268.739776,-33.1610625,8.58662943,-2.60806687,-3.88010793,0.434584596,-0.389834367,-0.58215102,0.583810418,0.824460075,-60.7200101,-56.229352,195.747856,-7.65228804,-4.22115197,-72.8581389,True,True
NGC 6624,-314.8,268.897709,-33.1909485,8.59395759,-2.56760925,-4.00948391,0.440777256,-0.384058961,-0.602022309,0.584624559,0.839176224,-60.3815114,-56.7094847,192.851683,-7.58011256,-4.27503673,-72.9179085,True,True
NGC 6624,-314.9,269.053645,-33.2193445,8.60127468,-2.52689918,-4.13668728,0.446934943,-0.378235692,-0.621597354,0.585502418,0.853929946,-60.0361245,-57.1655112,189.954966,-7.50777492,-4.32794859,-72.9537167,True,True
NGC 6624,-315,269.20757,-33.2462759,8.60857815,-2.48595303,-4.26172541,0.453056964,-0.37236698,-0.640876218,0.586445036,0.86870024,-59.6840765,-57.5983066,187.059952,-7.4353444,-4.37988427,-72.9661611,True,True
NGC 6624,-315.1,269.359476,-33.2717686,8.6158655,-2.44478651,-4.38460713,0.459142649,-0.366455157,-0.659859177,0.587453279,0.883467876,-59.325587,-58.0087238,184.168599,-7.36288316,-4.43084425,-72.9558368,True,True
NGC 6624,-315.2,269.509356,-33.295848,8.62313433,-2.40341469,-4.50534254,0.465191351,-0.360502469,-0.678546694,0.588527845,0.898215253,-58.9608677,-58.3975907,181.282608,-7.29044694,-4.48083219,-72.9233335,True,True
NGC 6624,-315.3,269.657204,-33.3185398,8.63038229,-2.36185203,-4.62394279,0.471202443,-0.354511079,-0.696939396,0.58966927,0.912926267,-58.5901223,-58.7657091,178.403452,-7.21808567,-4.5298545,-72.869234,True,True
NGC 6624,-315.4,269.803016,-33.3398692,8.63760709,-2.32011239,-4.74042,0.477175319,-0.348483069,-0.715038047,0.590877935,0.927586192,-58.2135465,-59.1138533,175.532401,-7.14584408,-4.57791985,-72.7941123,True,True
NGC 6624,-315.5,269.946791,-33.3598615,8.64480651,-2.27820906,-4.85478705,0.483109391,-0.342420443,-0.732843534,0.592154071,0.942181559,-57.8313279,-59.4427696,172.67055,-7.0737622,-4.62503883,-72.6985325,True,True
NGC 6624,-315.6,270.088526,-33.3785415,8.6519784,-2.23615478,-4.96705748,0.489004093,-0.336325132,-0.750356847,0.593497765,0.956700055,-57.443646,-59.7531761,169.818834,-7.00187579,-4.67122364,-72.5830475,True,True
NGC 6624,-315.7,270.228223,-33.3959337,8.65912067,-2.19396175,-5.07724541,0.494858874,-0.330198991,-0.767579064,0.594908967,0.971130423,-57.0506725,-60.0457626,166.978049,-6.93021678,-4.71648779,-72.4481989,True,True
NGC 6624,-315.8,270.365882,-33.4120624,8.66623128,-2.15164168,-5.18536539,0.500673202,-0.32404381,-0.784511339,0.596387496,0.985462372,-56.6525712,-60.3211909,164.148868,-6.85881365,-4.76084588,-72.2945158,True,True
NGC 6624,-315.9,270.501507,-33.4269513,8.67330825,-2.10920578,-5.29143237,0.506446559,-0.317861311,-0.801154888,0.597933049,0.999686494,-56.2494985,-60.5800953,161.331854,-6.78769172,-4.80431339,-72.1225147,True,True
NGC 6624,-316,270.635099,-33.4406238,8.68034968,-2.0666648,-5.39546158,0.512178447,-0.311653153,-0.81751098,0.599545201,1.01379419,-55.8416032,-60.8230832,158.527476,-6.71687348,-4.84690649,-71.9326992,True,True
NGC 6624,-316.1,270.766664,-33.453103,8.68735369,-2.02402905,-5.49746849,0.517868377,-0.305420932,-0.833580927,0.601223421,1.02777759,-55.4290271,-61.0507359,155.736114,-6.64637887,-4.88864191,-71.72556,True,True
NGC 6624,-316.2,270.896207,-33.4644115,8.69431847,-1.98130841,-5.59746874,0.52351588,-0.29916619,-0.849366078,0.602967068,1.0416295,-55.0119048,-61.2636092,152.958074,-6.57622547,-4.92953678,-71.5015746,True,True
NGC 6624,-316.3,271.023731,-33.4745712,8.70124228,-1.93851235,-5.69547809,0.529120495,-0.29289041,-0.864867807,0.604775406,1.05534336,-54.5903644,-61.4622342,150.193597,-6.50642878,-4.96960854,-71.2612074,True,True
NGC 6624,-316.4,271.149244,-33.483604,8.70812341,-1.89564997,-5.79151237,0.534681779,-0.286595024,-0.88008751,0.606647602,1.06891316,-54.1645274,-61.6471184,147.442862,-6.43700237,-5.00887483,-71.00491,True,True
NGC 6624,-316.5,271.272753,-33.4915311,8.7149602,-1.85272998,-5.88558746,0.540199297,-0.280281411,-0.895026601,0.608582739,1.08233339,-53.7345092,-61.8187466,144.705997,-6.36795808,-5.04735343,-70.7331211,True,True
NGC 6624,-316.6,271.394263,-33.4983731,8.72175105,-1.80976075,-5.9777192,0.545672628,-0.273950903,-0.909686503,0.610579818,1.09559904,-53.300419,-61.9775814,141.983085,-6.29930615,-5.08506213,-70.4462667,True,True
NGC 6624,-316.7,271.513782,-33.5041505,8.72849439,-1.7667503,-6.06792343,0.551101359,-0.267604786,-0.924068644,0.612637764,1.1087055,-52.8623604,-62.1240647,139.274166,-6.23105541,-5.12201873,-70.1447604,True,True
NGC 6624,-316.8,271.631319,-33.508883,8.73518871,-1.72370635,-6.1562159,0.556485091,-0.261244302,-0.938174457,0.614755433,1.12164859,-52.4204313,-62.258618,136.579246,-6.16321338,-5.15824098,-69.8290039,True,True
NGC 6624,-316.9,271.746881,-33.5125901,8.74183254,-1.6806363,-6.24261228,0.561823433,-0.25487065,-0.952005372,0.616931615,1.13442446,-51.9747244,-62.3816438,133.898298,-6.09578637,-5.19374649,-69.4993866,True,True
NGC 6624,-317,271.860476,-33.5152907,8.74842445,-1.63754726,-6.32712813,0.567116002,-0.248484989,-0.965562815,0.619165042,1.1470296,-51.5253272,-62.493526,131.231267,-6.02877964,-5.22855276,-69.1562866,True,True
NGC 6624,-317.1,271.972114,-33.5170033,8.75496306,-1.59444606,-6.40977888,0.572362426,-0.24208844,-0.978848206,0.62145439,1.15946081,-51.0723223,-62.594631,128.578076,-5.96219744,-5.26267709,-68.8000703,True,True
NGC 6624,-317.2,272.081803,-33.5177459,8.76144701,-1.55133927,-6.49057981,0.577562339,-0.235682086,-0.991862956,0.623798286,1.17171516,-50.6157877,-62.6853084,125.938624,-5.89604313,-5.29613659,-68.4310935,True,True
NGC 6624,-317.3,272.189551,-33.5175362,8.76787501,-1.50823321,-6.56954603,0.582715384,-0.229266978,-1.00460846,0.62619531,1.18378999,-50.1557969,-62.7658919,123.312791,-5.83031925,-5.32894814,-68.0497008,True,True
NGC 6624,-317.4,272.295369,-33.5163914,8.77424576,-1.46513395,-6.64669247,0.587821212,-0.222844131,-1.01708611,0.628644004,1.19568284,-49.6924189,-62.8366998,120.700442,-5.7650276,-5.36112839,-67.6562267,True,True
NGC 6624,-317.5,272.399265,-33.5143281,8.78055805,-1.42204732,-6.72203391,0.592879479,-0.21641453,-1.02929728,0.631142873,1.20739149,-49.2257187,-62.8980359,118.101426,-5.70016929,-5.39269373,-67.2509954,True,True
NGC 6624,-317.6,272.501249,-33.5113627,8.78681067,-1.37897897,-6.79558488,0.597889849,-0.209979127,-1.04124332,0.633690386,1.21891392,-48.7557575,-62.9501902,115.515581,-5.63574481,-5.42366028,-66.8343211,True,True
NGC 6624,-317.7,272.60133,-33.5075112,8.79300245,-1.3359343,-6.86735974,0.602851991,-0.203538848,-1.05292556,0.636284988,1.23024828,-48.2825923,-62.9934394,112.942734,-5.57175408,-5.4540439,-66.4065088,True,True
NGC 6624,-317.8,272.699518,-33.5027891,8.79913227,-1.29291852,-6.93737263,0.607765581,-0.19709459,-1.06434533,0.638925096,1.24139287,-47.8062767,-63.0280476,110.382702,-5.50819651,-5.48386015,-65.967854,True,True
NGC 6624,-317.9,272.795822,-33.4972114,8.80519902,-1.24993667,-7.00563746,0.612630298,-0.190647224,-1.07550394,0.641609107,1.25234618,-47.3268609,-63.054267,107.835293,-5.44507101,-5.51312433,-65.5186431,True,True
NGC 6624,-318,272.890253,-33.4907929,8.81120164,-1.20699358,-7.07216793,0.617445828,-0.184197595,-1.08640265,0.644335397,1.26310681,-46.8443915,-63.0723382,105.30031,-5.3823761,-5.54185143,-65.059154,True,True
NGC 6624,-318.1,272.982819,-33.4835479,8.81713908,-1.16409392,-7.1369775,0.622211861,-0.177746524,-1.09704274,0.647102331,1.2736735,-46.3589119,-63.0824911,102.777549,-5.32010987,-5.57005617,-64.5896563,True,True
NGC 6624,-318.2,273.073531,-33.4754904,8.82301033,-1.12124221,-7.2000794,0.626928091,-0.171294811,-1.10742543,0.649908258,1.2840451,-45.8704626,-63.084945,100.266802,-5.25827007,-5.59775296,-64.110411,True,True
NGC 6624,-318.3,273.162397,-33.466634,8.82881441,-1.0784428,-7.26148664,0.631594217,-0.164843232,-1.11755195,0.652751519,1.29422058,-45.3790808,-63.0799093,97.7678557,-5.1968541,-5.62495593,-63.6216715,True,True
NGC 6624,-318.4,273.249429,-33.4569919,8.83455037,-1.03569986,-7.32121196,0.63620994,-0.158392541,-1.1274235,0.655630449,1.304199,-44.8848012,-63.0675842,95.2804946,-5.13585907,-5.65167893,-63.1236836,True,True
NGC 6624,-318.5,273.334635,-33.446577,8.84021728,-0.993017471,-7.37926789,0.640774966,-0.151943476,-1.13704125,0.658543375,1.31397952,-44.3876554,-63.0481606,92.8044999,-5.07528182,-5.67793551,-62.6166855,True,True
NGC 6624,-318.6,273.418024,-33.4354018,8.84581423,-0.950399538,-7.4356667,0.645289003,-0.145496753,-1.14640634,0.661488626,1.32356137,-43.8876725,-63.0218209,90.3396506,-5.01511893,-5.70373896,-62.1009083,True,True
NGC 6624,-318.7,273.499607,-33.4234785,8.85134035,-0.90784985,-7.49042043,0.649751761,-0.13905307,-1.15551991,0.664464527,1.33294387,-43.384879,-62.9887394,87.8857245,-4.95536676,-5.72910226,-61.5765763,True,True
NGC 6624,-318.8,273.579393,-33.410819,8.85679479,-0.865372067,-7.54354086,0.654162956,-0.132613107,-1.16438306,0.667469407,1.34212642,-42.8792989,-62.9490824,85.4424978,-4.89602145,-5.75403814,-61.0439068,True,True
NGC 6624,-318.9,273.657391,-33.3974347,8.86217671,-0.822969733,-7.59503955,0.658522303,-0.12617753,-1.17299688,0.670501598,1.35110846,-42.3709538,-62.9030088,83.0097462,-4.83707896,-5.77855904,-60.5031108,True,True
NGC 6624,-319,273.73361,-33.383337,8.8674853,-0.780646278,-7.6449278,0.662829521,-0.119746986,-1.18136243,0.673559436,1.35988952,-41.859863,-62.8506703,80.5872449,-4.77853506,-5.80267716,-59.954393,True,True
NGC 6624,-319.1,273.80806,-33.3685366,8.87271979,-0.73840502,-7.69321666,0.667084328,-0.11332211,-1.18948074,0.676641265,1.36846915,-41.3460437,-62.7922118,78.174769,-4.72038539,-5.82640441,-59.397952,True,True
NGC 6624,-319.2,273.88075,-33.3530442,8.87787941,-0.696249177,-7.73991695,0.671286448,-0.106903518,-1.19735282,0.679745436,1.37684699,-40.8295106,-62.7277718,75.7720938,-4.66262542,-5.84975246,-58.8339804,True,True
NGC 6624,-319.3,273.951688,-33.3368702,8.88296341,-0.654181869,-7.78503925,0.675435604,-0.100491818,-1.20497967,0.68287031,1.3850227,-40.3102766,-62.6574823,73.3789949,-4.6052505,-5.87273273,-58.2626653,True,True
NGC 6624,-319.4,274.020885,-33.3200244,8.88797108,-0.612206118,-7.82859389,0.679531519,-0.0940875997,-1.21236226,0.686014257,1.39299598,-39.7883525,-62.5814694,70.9952486,-4.54825585,-5.89535637,-57.6841881,True,True
NGC 6624,-319.5,274.088348,-33.3025166,8.8929017,-0.57032486,-7.87059096,0.683573919,-0.0876914429,-1.21950152,0.689175661,1.4007666,-39.263747,-62.4998537,68.6206318,-4.49163661,-5.91763433,-57.098725,True,True
NGC 6624,-319.6,274.154086,-33.2843562,8.8977546,-0.528540942,-7.91104031,0.68756253,-0.0813039146,-1.22639839,0.692352915,1.40833433,-38.736467,-62.4127501,66.2549226,-4.43538778,-5.93957729,-56.5064468,True,True
NGC 6624,-319.7,274.218108,-33.2655525,8.9025291,-0.486857132,-7.94995157,0.691497079,-0.0749255705,-1.23305376,0.695544428,1.41569899,-38.2065174,-62.3202681,63.8979,-4.37950432,-5.96119571,-55.9075195,True,True
NGC 6624,-319.8,274.280422,-33.2461142,8.90722456,-0.445276119,-7.98733409,0.695377293,-0.0685569551,-1.23946851,0.698748621,1.42286044,-37.6739014,-62.2225126,61.5493442,-4.32398107,-5.98249983,-55.3021041,True,True
NGC 6624,-319.9,274.341037,-33.2260501,8.91184035,-0.403800517,-8.02319703,0.6992029,-0.0621986027,-1.2456435,0.701963931,1.42981855,-37.1386205,-62.1195833,59.2090367,-4.26881281,-6.00349967,-54.6903572,True,True
NGC 6624,-320,274.399961,-33.2053684,8.91637586,-0.362432869,-8.05754928,0.702973626,-0.0558510375,-1.25157955,0.70518881,1.43657322,-36.6006741,-62.0115755,56.8767603,-4.21399427,-6.02420504,-54.0724304,True,True
NGC 6624,-320.1,274.457202,-33.1840774,8.92083048,-0.321175651,-8.09039953,0.7066892,-0.0495147742,-1.25727747,0.708421723,1.44312438,-36.0600604,-61.8985799,54.5522991,-4.1595201,-6.04462552,-53.4484713,True,True
NGC 6624,-320.2,274.512768,-33.1621849,8.92520363,-0.280031275,-8.12175621,0.710349347,-0.0431903185,-1.26273807,0.711661155,1.44947198,-35.5167755,-61.7806829,52.235439,-4.1053849,-6.06477052,-52.8186228,True,True
NGC 6624,-320.3,274.566666,-33.1396984,8.92949475,-0.239002092,-8.15162753,0.713953796,-0.0368781673,-1.26796209,0.714905604,1.45561598,-34.9708141,-61.6579669,49.9259672,-4.05158324,-6.08464924,-52.1830242,True,True
NGC 6624,-320.4,274.618905,-33.1166256,8.93370329,-0.198090394,-8.18002147,0.717502271,-0.0305788095,-1.27295029,0.718153586,1.46155637,-34.4221693,-61.5305105,47.6236723,-3.99810962,-6.10427066,-51.5418103,True,True
NGC 6624,-320.5,274.669492,-33.0929734,8.9378287,-0.157298416,-8.2069458,0.720994499,-0.0242927261,-1.27770339,0.721403634,1.46729314,-33.8708326,-61.3983881,45.3283446,-3.94495854,-6.12364362,-50.8951122,True,True
NGC 6624,-320.6,274.718435,-33.0687488,8.94187046,-0.116628344,-8.23240803,0.724430202,-0.0180203905,-1.28222209,0.724654298,1.47282631,-33.3167938,-61.2616708,43.0397761,-3.89212443,-6.14277674,-50.2430573,True,True
NGC 6624,-320.7,274.76574,-33.0439585,8.94582807,-0.0760823093,-8.25641548,0.727809104,-0.0117622692,-1.28650707,0.727904144,1.47815591,-32.7600416,-61.120426,40.75776,-3.83960171,-6.16167848,-49.5857692,True,True
NGC 6624,-320.8,274.811415,-33.0186092,8.94970103,-0.035662399,-8.27897523,0.731130927,-0.005518822,-1.290559,0.731151756,1.48328197,-32.2005627,-60.9747177,38.4820915,-3.78738477,-6.18035713,-48.9233681,True,True
NGC 6624,-320.9,274.855467,-32.9927069,8.95348885,0.0046293465,-8.30009414,0.734395392,0.000709497799,-1.2943785,0.734395735,1.48820456,-31.6383427,-60.8246066,36.2125671,-3.73546797,-6.19882081,-48.2559706,True,True
NGC 6624,-321,274.897903,-32.9662578,8.95719106,0.0447909294,-8.31977885,0.737602217,0.0069222429,-1.29796621,0.737634698,1.49292372,-31.0733655,-60.6701505,33.9489848,-3.68384565,-6.21707747,-47.5836902,True,True
NGC 6624,-321.1,274.938729,-32.9392678,8.96080721,0.0848203926,-8.3380358,0.740751119,0.0131189717,-1.30132271,0.740867281,1.49743952,-30.5056137,-60.5114038,31.6911444,-3.63251216,-6.23513491,-46.9066368,True,True
NGC 6624,-321.2,274.977951,-32.9117425,8.96433684,0.124715818,-8.35487117,0.743841814,0.0192992482,-1.30444858,0.744092135,1.50175204,-29.9350685,-60.3484181,29.4388469,-3.58146178,-6.25300077,-46.2249175,True,True
NGC 6624,-321.3,275.015577,-32.8836875,8.96777953,0.164475322,-8.37029099,0.746874015,0.0254626412,-1.30734438,0.747307929,1.50586137,-29.3617096,-60.181242,27.191895,-3.53068884,-6.27068254,-45.5386362,True,True
NGC 6624,-321.4,275.051612,-32.8551079,8.97113484,0.204097058,-8.38430101,0.749847433,0.0316087246,-1.31001065,0.750513347,1.50976759,-28.7855152,-60.0099217,24.9500928,-3.4801876,-6.28818759,-44.8478939,True,True
NGC 6624,-321.5,275.086063,-32.8260089,8.97440237,0.243579209,-8.39690682,0.752761777,0.0377370768,-1.3124479,0.753707091,1.5134708,-28.2064623,-59.8345003,22.7132458,-3.42995235,-6.30552312,-44.1527885,True,True
NGC 6624,-321.6,275.118935,-32.7963954,8.97758171,0.282919992,-8.40811377,0.755616753,0.0438472804,-1.31465664,0.756887879,1.5169711,-27.6245264,-59.6550185,20.4811609,-3.37997735,-6.3226962,-43.4534154,True,True
NGC 6624,-321.7,275.150234,-32.766272,8.98067246,0.322117649,-8.41792701,0.758412066,0.0499389223,-1.31663733,0.760054444,1.5202686,-27.0396816,-59.4715145,18.2536464,-3.33025688,-6.33971379,-42.7498671,True,True
NGC 6624,-321.8,275.179965,-32.7356434,8.98367426,0.361170451,-8.42635148,0.761147415,0.0560115928,-1.31839043,0.763205534,1.52336339,-26.4519006,-59.2840239,16.0305119,-3.28078517,-6.35658268,-42.0422337,True,True
NGC 6624,-321.9,275.208135,-32.7045138,8.98658671,0.400076695,-8.43339191,0.763822501,0.062064886,-1.31991639,0.766339913,1.52625559,-25.8611548,-59.09258,13.8115682,-3.23155647,-6.37330958,-41.3306023,True,True
NGC 6624,-322,275.234748,-32.6728876,8.98940946,0.438834698,-8.43905283,0.766437017,0.0680983991,-1.32121562,0.769456362,1.52894532,-25.2674141,-58.8972139,11.5966275,-3.18256505,-6.38990106,-40.615058,True,True
NGC 6624,-322.1,275.25981,-32.6407686,8.99214216,0.477442803,-8.44333858,0.768990656,0.0741117327,-1.32228852,0.772553673,1.5314327,-24.6706471,-58.6979544,9.38550311,-3.13380512,-6.40636357,-39.895683,True,True
NGC 6624,-322.2,275.283325,-32.6081607,8.99478445,0.51589937,-8.44625325,0.771483107,0.0801044897,-1.32313548,0.775630655,1.53371784,-24.070821,-58.4948278,7.17800948,-3.08527094,-6.42270346,-39.1725576,True,True
NGC 6624,-322.3,275.305298,-32.5750676,8.99733601,0.55420278,-8.44780079,0.773914055,0.0860762761,-1.32375685,0.77868613,1.53580086,-23.4679016,-58.2878587,4.97396221,-3.03695673,-6.43892695,-38.4457595,True,True
NGC 6624,-322.4,275.325735,-32.5414929,8.9997965,0.592351429,-8.44798489,0.776283182,0.0920266999,-1.32415297,0.781718934,1.53768189,-22.8618532,-58.0770693,2.77317797,-2.98885672,-6.45504019,-37.7153643,True,True
NGC 6624,-322.5,275.344638,-32.5074399,9.0021656,0.630343733,-8.44680909,0.778590166,0.0979553716,-1.32432418,0.784727915,1.53936105,-22.2526389,-57.86248,0.575474458,-2.94096515,-6.47104919,-36.9814452,True,True
NGC 6624,-322.6,275.362013,-32.4729117,9.00444301,0.668178117,-8.44427669,0.780834681,0.103861903,-1.32427078,0.787711936,1.54083847,-21.64022,-57.6441089,-1.61932965,-2.89327624,-6.48695989,-36.2440736,True,True
NGC 6624,-322.7,275.377863,-32.4379114,9.00662841,0.705853022,-8.44039082,0.783016399,0.109745909,-1.32399305,0.790669871,1.54211428,-21.0245568,-57.4219723,-3.81141473,-2.84578422,-6.50277811,-35.5033187,True,True
NGC 6624,-322.8,275.392194,-32.402442,9.00872151,0.743366902,-8.43515439,0.785134984,0.115607005,-1.32349127,0.793600606,1.5431886,-20.4056079,-57.1960847,-6.00096026,-2.79848331,-6.51850961,-34.7592477,True,True
NGC 6624,-322.9,275.405007,-32.3665062,9.01072201,0.780718218,-8.42857014,0.787190098,0.121444808,-1.32276568,0.796503039,1.54406157,-19.7833305,-56.9664585,-8.18814487,-2.75136772,-6.53416002,-34.0119257,True,True
NGC 6624,-323,275.416308,-32.3301065,9.01262965,0.817905442,-8.42064059,0.789181399,0.127258936,-1.32181652,0.79937608,1.54473332,-19.1576802,-56.7331044,-10.3731464,-2.70443168,-6.54973493,-33.2614161,True,True
NGC 6624,-323.1,275.4261,-32.2932454,9.01444414,0.854927053,-8.41136806,0.79110854,0.133049009,-1.320644,0.802218649,1.54520398,-18.5286114,-56.4960312,-12.5561418,-2.6576694,-6.56523981,-32.5077803,True,True
NGC 6624,-323.2,275.434385,-32.2559252,9.01616521,0.891781538,-8.40075471,0.792971168,0.138814646,-1.31924832,0.805029676,1.54547369,-17.8960766,-56.2552459,-14.7373075,-2.61107509,-6.58068006,-31.7510779,True,True
NGC 6624,-323.3,275.441167,-32.218148,9.0177926,0.928467387,-8.38880247,0.794768927,0.144555467,-1.31762966,0.807808103,1.54554257,-17.2600271,-56.0107539,-16.9168191,-2.56464296,-6.59606102,-30.9913668,True,True
NGC 6624,-323.4,275.446449,-32.1799159,9.01932605,0.964983096,-8.3755131,0.796501454,0.150271095,-1.31578816,0.810552879,1.54541077,-16.6204125,-55.7625586,-19.0948517,-2.5183672,-6.61138793,-30.228703,True,True
NGC 6624,-323.5,275.450234,-32.1412308,9.02076532,1.00132716,-8.36088814,0.798168383,0.155961151,-1.31372399,0.813262964,1.54507844,-15.9771807,-55.5106618,-21.2715795,-2.47224202,-6.62666598,-29.463141,True,True
NGC 6624,-323.6,275.452524,-32.1020944,9.02211016,1.03749809,-8.34492897,0.799769341,0.161625255,-1.31143726,0.815937327,1.5445457,-15.3302782,-55.2550638,-23.4471764,-2.42626161,-6.64190028,-28.6947335,True,True
NGC 6624,-323.7,275.453322,-32.0625083,9.02336033,1.07349437,-8.32763675,0.801303948,0.16726303,-1.30892808,0.818574944,1.5438127,-14.6796497,-54.9957629,-25.6218159,-2.38042016,-6.65709588,-27.9235317,True,True
NGC 6624,-323.8,275.45263,-32.022474,9.02451561,1.10931451,-8.30901246,0.802771823,0.172874096,-1.30619654,0.8211748,1.5428796,-14.0252384,-54.7327559,-27.7956705,-2.33471184,-6.67225775,-27.149585,True,True
NGC 6624,-323.9,275.450451,-31.9819928,9.02557576,1.144957,-8.2890569,0.804172574,0.178458074,-1.30324271,0.823735888,1.54174653,-13.3669856,-54.4660379,-29.9689128,-2.28913084,-6.68739083,-26.3729415,True,True
NGC 6624,-324,275.446785,-31.9410659,9.02654056,1.18042034,-8.26777064,0.805505806,0.184014585,-1.30006664,0.826257206,1.54041366,-12.7048311,-54.1956025,-32.1417147,-2.24367131,-6.70249996,-25.5936476,True,True
NGC 6624,-324.1,275.441635,-31.8996944,9.02740979,1.21570303,-8.2451541,0.806771116,0.189543247,-1.29666837,0.828737761,1.53888113,-12.0387126,-53.9214416,-34.3142477,-2.19832742,-6.71758995,-24.8117483,True,True
NGC 6624,-324.2,275.435003,-31.8578793,9.02818326,1.25080354,-8.22120749,0.807968096,0.19504368,-1.29304792,0.831176565,1.53714912,-11.3685664,-53.6435452,-36.4866829,-2.15309331,-6.73266556,-24.027287,True,True
NGC 6624,-324.3,275.42689,-31.8156214,9.02886074,1.28572036,-8.19593083,0.809096331,0.200515501,-1.2892053,0.833572635,1.53521778,-10.6943267,-53.3619022,-38.6591913,-2.10796313,-6.74773148,-23.2403058,True,True
NGC 6624,-324.4,275.417298,-31.7729213,9.02944204,1.32045196,-8.16932395,0.810155398,0.205958325,-1.28514047,0.835924997,1.53308729,-10.0159258,-53.0764995,-40.8319433,-2.062931,-6.76279236,-22.4508454,True,True
NGC 6624,-324.5,275.406226,-31.7297797,9.02992697,1.3549968,-8.14138648,0.811144868,0.211371769,-1.28085342,0.838232678,1.53075782,-9.33329433,-52.7873226,-43.0051093,-2.01799105,-6.7778528,-21.6589451,True,True
NGC 6624,-324.6,275.393677,-31.6861969,9.03031532,1.38935334,-8.11211788,0.812064306,0.216755444,-1.27634408,0.840494711,1.52822956,-8.6463607,-52.4943552,-45.1788591,-1.97313737,-6.79291735,-20.8646426,True,True
NGC 6624,-324.7,275.37965,-31.6421734,9.03060692,1.42352002,-8.08151739,0.812913267,0.222108962,-1.2716124,0.842710134,1.52550269,-7.95505142,-52.1975796,-47.3533625,-1.92836407,-6.80799053,-20.0679746,True,True
NGC 6624,-324.8,275.364148,-31.5977093,9.03080158,1.45749528,-8.04958408,0.8136913,0.227431933,-1.26665828,0.844877989,1.52257742,-7.25929096,-51.8969765,-49.5287889,-1.88366522,-6.82307679,-19.2689763,True,True
NGC 6624,-324.9,275.347169,-31.5528047,9.03089911,1.49127753,-8.01631682,0.814397946,0.232723965,-1.26148162,0.846997318,1.51945396,-6.55900164,-51.5925248,-51.7053076,-1.83903489,-6.83818056,-18.4676817,True,True
NGC 6624,-325,275.328714,-31.5074596,9.03089936,1.52486519,-7.98171429,0.815032737,0.237984662,-1.25608231,0.849067171,1.51613252,-5.85410365,-51.2842018,-53.8830875,-1.79446714,-6.85330623,-17.6641233,True,True
NGC 6624,-325.1,275.308783,-31.4616738,9.03080213,1.55825663,-7.94577498,0.815595198,0.243213627,-1.2504602,0.851086597,1.51261333,-5.14451496,-50.9719835,-56.0622975,-1.74995601,-6.86845815,-16.8583326,True,True
NGC 6624,-325.2,275.287376,-31.4154471,9.03060728,1.59145025,-7.90849718,0.816084846,0.248410461,-1.24461513,0.853054648,1.50889664,-4.43015126,-50.6558439,-58.2431059,-1.70549551,-6.88364062,-16.0503397,True,True
NGC 6624,-325.3,275.264493,-31.368779,9.03031463,1.62444439,-7.86987899,0.816501187,0.253574762,-1.23854695,0.854970378,1.50498269,-3.71092593,-50.3357556,-60.425681,-1.66107966,-6.89885794,-15.2401735,True,True
NGC 6624,-325.4,275.240134,-31.321669,9.02992401,1.65723739,-7.82991832,0.816843719,0.258706124,-1.23225545,0.856832842,1.50087175,-2.98674998,-50.0116893,-62.6101907,-1.61670246,-6.91411433,-14.4278616,True,True
NGC 6624,-325.5,275.214296,-31.2741166,9.02943529,1.68982758,-7.78861289,0.817111932,0.263804138,-1.22574044,0.858641096,1.49656412,-2.25753193,-49.6836143,-64.7968028,-1.57235787,-6.92941401,-13.6134306,True,True
NGC 6624,-325.6,275.18698,-31.2261209,9.0288483,1.72221326,-7.74596022,0.817305305,0.268868393,-1.21900168,0.860394197,1.49206008,-1.52317783,-49.351498,-66.9856845,-1.52803987,-6.94476117,-12.7969057,True,True
NGC 6624,-325.7,275.158185,-31.1776812,9.02816289,1.7543927,-7.70195762,0.817423308,0.273898474,-1.21203894,0.862091201,1.48735995,-0.78359112,-49.0153064,-69.1770027,-1.4837424,-6.96015995,-11.978311,True,True
NGC 6624,-325.8,275.127909,-31.1287964,9.02737891,1.78636417,-7.65660225,0.817465401,0.278893963,-1.20485196,0.863731164,1.48246409,-0.0386726105,-48.6750034,-71.3709239,-1.43945938,-6.97561446,-11.1576693,True,True
NGC 6624,-325.9,275.096151,-31.0794655,9.02649623,1.81812588,-7.60989103,0.817431033,0.283854437,-1.19744046,0.865313142,1.47737283,0.711679615,-48.3305515,-73.5676142,-1.39518473,-6.99112882,-10.3350025,True,True
NGC 6624,-326,275.06291,-31.0296873,9.02551469,1.84967606,-7.5618207,0.817319643,0.288779469,-1.18980416,0.86683619,1.47208659,1.46757026,-47.9819114,-75.7672389,-1.35091235,-7.00670707,-9.51033108,True,True
NGC 6624,-326.1,275.028183,-30.9794604,9.02443417,1.88101288,-7.51238782,0.817130659,0.29366863,-1.18194274,0.86829936,1.46660575,2.22910692,-47.6290417,-77.9699629,-1.30663612,-7.02235325,-8.6836745,True,True
NGC 6624,-326.2,274.991969,-30.9287836,9.02325453,1.91213449,-7.46158873,0.816863499,0.298521484,-1.17385588,0.869701703,1.46093076,2.9964001,-47.2718997,-80.1759502,-1.26234992,-7.03807137,-7.85505104,True,True
NGC 6624,-326.3,274.954265,-30.8776551,9.02197562,1.94303902,-7.40941959,0.816517568,0.303337592,-1.16554324,0.871042269,1.45506209,3.76956337,-46.9104405,-82.385364,-1.2180476,-7.05386542,-7.02447785,True,True
NGC 6624,-326.4,274.91507,-30.8260735,9.02059733,1.97372456,-7.35587636,0.816092259,0.308116511,-1.15700445,0.872320102,1.44900023,4.5487134,-46.5446175,-84.5983663,-1.17372302,-7.06973934,-6.19197095,True,True
NGC 6624,-326.5,274.87438,-30.7740369,9.01911953,2.00418917,-7.30095479,0.815586955,0.312857791,-1.14823915,0.873534246,1.44274573,5.33397008,-46.1743823,-86.8151182,-1.12937,-7.08569706,-5.35754521,True,True
NGC 6624,-326.6,274.832193,-30.7215435,9.01754208,2.03443089,-7.24465046,0.815001024,0.317560979,-1.13924695,0.87468374,1.43629915,6.12545656,-45.7996844,-89.0357794,-1.08498239,-7.10174247,-4.5212144,True,True
NGC 6624,-326.7,274.788506,-30.6685914,9.01586487,2.06444772,-7.18695872,0.814333823,0.322225616,-1.13002742,0.875767619,1.42966111,6.9232994,-45.4204715,-91.2605081,-1.04055401,-7.11787944,-3.68299116,True,True
NGC 6624,-326.8,274.743317,-30.6151784,9.01408777,2.09423761,-7.12787475,0.813584695,0.326851237,-1.12058016,0.876784915,1.42283227,7.72762864,-45.0366894,-93.4894609,-0.996078686,-7.13411181,-2.842887,True,True
NGC 6624,-326.9,274.696621,-30.5613024,9.01221066,2.12379849,-7.06739352,0.81275297,0.331437372,-1.11090471,0.877734653,1.41581333,8.53857787,-44.6482818,-95.7227922,-0.951550243,-7.15044338,-2.00091232,True,True
NGC 6624,-327,274.648416,-30.506961,9.01023343,2.15312825,-7.00550981,0.811837963,0.335983545,-1.10100063,0.878615855,1.40860506,9.35628434,-44.2551903,-97.9606543,-0.906962518,-7.16687791,-1.15707647,True,True
NGC 6624,-327.1,274.598698,-30.452152,9.00815596,2.18222474,-6.94221819,0.810838977,0.340489275,-1.09086744,0.879427537,1.40120825,10.180889,-43.8573546,-100.203197,-0.862309353,-7.18341915,-0.311387659,True,True
NGC 6624,-327.2,274.547463,-30.3968728,9.00597814,2.21108576,-6.87751304,0.809755299,0.344954071,-1.08050466,0.880168709,1.39362379,11.0125368,-43.4547122,-102.450567,-0.81758461,-7.20007077,0.536146959,True,True
NGC 6624,-327.3,274.494707,-30.3411208,9.00369985,2.23970909,-6.81138857,0.808586201,0.349377441,-1.06991178,0.880838374,1.38585261,11.8513764,-43.0471987,-104.702908,-0.77278217,-7.21683644,1.38552133,True,True
NGC 6624,-327.4,274.440426,-30.2848933,9.00132098,2.26809243,-6.74383876,0.807330939,0.353758882,-1.0590883,0.881435529,1.37789572,12.6975608,-42.6347472,-106.96036,-0.727895945,-7.23371976,2.23673047,True,True
NGC 6624,-327.5,274.384615,-30.2281875,8.99884143,2.29623347,-6.67485741,0.805988755,0.358097885,-1.04803367,0.881959165,1.36975419,13.5512469,-42.2172888,-109.223059,-0.682919883,-7.25072429,3.08977044,True,True
NGC 6624,-327.6,274.327271,-30.1710005,8.99626109,2.32412983,-6.60443814,0.804558873,0.362393936,-1.03674736,0.882408264,1.36142919,14.412596,-41.7947524,-111.491135,-0.637847978,-7.26785352,3.94463834,True,True
NGC 6624,-327.7,274.268389,-30.1133293,8.99357985,2.35177911,-6.53257436,0.803040501,0.36664651,-1.02522882,0.882781802,1.35292196,15.2817738,-41.3670645,-113.764715,-0.59267428,-7.28511089,4.80133231,True,True
NGC 6624,-327.8,274.207963,-30.0551707,8.9907976,2.37917882,-6.45925931,0.801432829,0.370855078,-1.01347746,0.883078744,1.34423385,16.1589502,-40.9341495,-116.043918,-0.547392908,-7.30249977,5.65985147,True,True
NGC 6624,-327.9,274.145988,-29.9965218,8.98791424,2.40632645,-6.38448603,0.799735031,0.3750191,-1.00149272,0.88329805,1.33536628,17.0442998,-40.4959293,-118.328856,-0.501998062,-7.32002347,6.52019593,True,True
NGC 6624,-328,274.08246,-29.937379,8.98492968,2.43321943,-6.30824739,0.797946262,0.37913803,-0.989273989,0.883438669,1.32632082,17.9380019,-40.0523235,-120.619636,-0.456484039,-7.33768519,7.38236672,True,True
NGC 6624,-328.1,274.017374,-29.8777391,8.9818438,2.45985513,-6.23053608,0.796065658,0.383211313,-0.976820679,0.883499543,1.31709912,18.8402404,-39.6032493,-122.916354,-0.410845249,-7.35548806,8.24636578,True,True
NGC 6624,-328.2,273.950722,-29.8175985,8.9786565,2.48623085,-6.15134461,0.794092336,0.387238385,-0.964132173,0.883479601,1.30770297,19.7512038,-39.1486216,-125.219098,-0.365076233,-7.3734351,9.11219591,True,True
NGC 6624,-328.3,273.882501,-29.7569538,8.97536769,2.51234387,-6.07066531,0.792025394,0.391218675,-0.951207852,0.883377766,1.2981343,20.6710858,-38.6883528,-127.527943,-0.31917169,-7.3915292,9.9798607,True,True
NGC 6624,-328.4,273.812704,-29.6958013,8.97197727,2.53819137,-5.98849038,0.789863911,0.3951516,-0.938047088,0.883192949,1.28839517,21.6000847,-38.2223528,-129.842955,-0.273126494,-7.40977314,10.8493645,True,True
NGC 6624,-328.5,273.741325,-29.6341373,8.96848514,2.56377048,-5.90481182,0.787606943,0.399036569,-0.924649246,0.882924051,1.27848782,22.5384038,-37.7505291,-132.164184,-0.226935729,-7.42816956,11.7207123,True,True
NGC 6624,-328.6,273.668359,-29.571958,8.9648912,2.58907829,-5.81962151,0.785253526,0.402872983,-0.911013691,0.882569964,1.26841463,23.4862516,-37.2727868,-134.491667,-0.180594713,-7.44672091,12.5939095,True,True
NGC 6624,-328.7,273.593798,-29.5092595,8.96119536,2.61411178,-5.73291118,0.782802676,0.406660231,-0.89713978,0.882129567,1.25817819,24.4438413,-36.7890285,-136.825422,-0.134099041,-7.46542948,13.4689624,True,True
NGC 6624,-328.8,273.517636,-29.446038,8.95739752,2.63886791,-5.64467242,0.780253384,0.410397692,-0.883026872,0.881601729,1.24778126,25.4113911,-36.2991543,-139.165449,-0.0874446181,-7.48429734,14.3458771,True,True
NGC 6624,-328.9,273.439868,-29.3822895,8.95349759,2.66334352,-5.55489671,0.777604621,0.414084736,-0.868674327,0.880985309,1.23722682,26.3891242,-35.803062,-141.511726,-0.0406277094,-7.50332636,15.2246601,True,True
NGC 6624,-329,273.360487,-29.3180099,8.94949547,2.68753543,-5.46357542,0.774855333,0.417720722,-0.854081508,0.880279154,1.22651808,27.3772686,-35.300647,-143.864208,0.00635501175,-7.5225181,16.1053181,True,True
NGC 6624,-329.1,273.279485,-29.2531952,8.94539107,2.71144035,-5.37069982,0.772004445,0.421304997,-0.839247783,0.8794821,1.21565851,28.3760571,-34.7918023,-146.222823,0.0535064052,-7.54187387,16.9878574,True,True
NGC 6624,-329.2,273.196856,-29.1878413,8.9411843,2.73505493,-5.27626109,0.769050855,0.424836899,-0.82417253,0.87859297,1.2046518,29.385727,-34.2764187,-148.587469,0.100828799,-7.56139464,17.8722839,True,True
NGC 6624,-329.3,273.112595,-29.121944,8.93687507,2.75837574,-5.18025039,0.765993437,0.428315753,-0.808855139,0.87761058,1.19350198,30.40652,-33.754385,-150.958008,0.148323917,-7.58108101,18.7586027,True,True
NGC 6624,-329.4,273.026693,-29.0554992,8.93246328,2.78139927,-5.0826588,0.762831043,0.431740872,-0.793295017,0.876533731,1.18221333,31.438682,-33.2255876,-153.334267,0.195992792,-7.60093315,19.6468182,True,True
NGC 6624,-329.5,272.939144,-28.9885027,8.92794886,2.80412193,-4.98347741,0.759562497,0.435111561,-0.777491588,0.875361215,1.17079051,32.4824625,-32.6899112,-155.716029,0.243835673,-7.62095078,20.5369332,True,True
NGC 6624,-329.6,272.849941,-28.9209505,8.92333171,2.82654005,-4.88269732,0.756186597,0.438427108,-0.761444303,0.874091813,1.15923851,33.5381145,-32.1472389,-158.103029,0.29185192,-7.64113308,21.4289487,True,True
NGC 6624,-329.7,272.759079,-28.8528384,8.91861175,2.84864986,-4.78030968,0.752702116,0.441686793,-0.745152642,0.872724297,1.1475627,34.6058941,-31.5974522,-160.494949,0.340039878,-7.66147863,22.3228637,True,True
NGC 6624,-329.8,272.666549,-28.7841623,8.9137889,2.87044754,-4.67630569,0.749107801,0.444889881,-0.728616121,0.871257427,1.13576888,35.6860592,-31.0404311,-162.891409,0.388396742,-7.68198533,23.2186739,True,True
NGC 6624,-329.9,272.572346,-28.7149183,8.90886308,2.89192914,-4.57067671,0.745402372,0.448035627,-0.711834297,0.869689955,1.12386329,36.7788696,-30.4760551,-165.291963,0.436918396,-7.70265032,24.116372,True,True
NGC 6624,-330,272.476463,-28.6451025,8.90383421,2.91309066,-4.46341425,0.741584521,0.451123273,-0.694806779,0.868020627,1.11185263,37.8845856,-29.9042028,-167.696085,0.485599236,-7.72346988,25.0159464,True,True
NGC 6624,-330.1,272.378895,-28.574711,8.89870222,2.93392798,-4.35451002,0.737652917,0.454152047,-0.677533231,0.866248179,1.09974415,39.0034671,-29.3247526,-170.103165,0.534431965,-7.7444393,25.9173803,True,True
NGC 6624,-330.2,272.279636,-28.5037403,8.89346704,2.95443691,-4.24395604,0.7336062,0.457121166,-0.660013387,0.864371342,1.08754563,40.1357724,-28.7375836,-172.512493,0.583407361,-7.76555274,26.8206511,True,True
NGC 6624,-330.3,272.178679,-28.4321868,8.88812861,2.97461315,-4.13174464,0.729442982,0.460029835,-0.642247057,0.862388841,1.07526545,41.2817567,-28.1425755,-174.92325,0.63251401,-7.78680314,27.7257291,True,True
NGC 6624,-330.4,272.076021,-28.3600472,8.88268687,2.99445233,-4.01786859,0.725161854,0.462877245,-0.624234143,0.8602994,1.06291266,42.4416704,-27.5396099,-177.334491,0.681738002,-7.80818198,28.6325763,True,True
NGC 6624,-330.5,271.971657,-28.2873187,8.87714176,3.01394998,-3.90232116,0.720761377,0.465662578,-0.605974649,0.858101742,1.05049697,43.6157571,-26.9285706,-179.745129,0.731062584,-7.82967911,29.5411451,True,True
NGC 6624,-330.6,271.865582,-28.2139984,8.87149325,3.03310153,-3.78509623,0.71624009,0.468385002,-0.5874687,0.855794587,1.03802883,44.8042512,-26.3093451,-182.153918,0.780467761,-7.85128254,30.4513765,True,True
NGC 6624,-330.7,271.757794,-28.1400841,8.86574129,3.05190233,-3.66618838,0.711596507,0.471043673,-0.568716555,0.853376664,1.0255195,46.0073754,-25.6818251,-184.559428,0.829929844,-7.87297817,31.3631984,True,True
NGC 6624,-330.8,271.64829,-28.0655738,8.85988587,3.07034764,-3.54559304,0.706829123,0.473637738,-0.549718633,0.850846706,1.01298109,47.2253372,-25.0459082,-186.960024,0.879420922,-7.89474948,32.276524,True,True
NGC 6624,-330.9,271.537069,-27.9904662,8.85392697,3.08843264,-3.42330665,0.70193641,0.476166334,-0.530475528,0.848203455,1.0004266,48.4583258,-24.4014991,-189.353834,0.92890827,-7.91657722,33.1912488,True,True
NGC 6624,-331,271.424131,-27.9147603,8.8478646,3.10615241,-3.29932679,0.696916822,0.478628588,-0.510988043,0.84544567,0.987870012,49.7065073,-23.7485115,-191.738722,0.97835366,-7.938439,34.1072487,True,True
NGC 6624,-331.1,271.309476,-27.8384561,8.84169878,3.12350197,-3.17365238,0.691768797,0.481023618,-0.491257211,0.842572127,0.975326323,50.9700203,-23.0868699,-194.112245,1.02771257,-7.96030887,35.0243772,True,True
NGC 6624,-331.2,271.193108,-27.7615541,8.83542953,3.14047626,-3.04628393,0.686490763,0.483350535,-0.471284333,0.839581627,0.962811628,52.2489706,-22.4165116,-196.471616,1.0769333,-7.98215676,35.9424622,True,True
NGC 6624,-331.3,271.07503,-27.6840558,8.82905694,3.15707016,-2.91722375,0.681081137,0.485608447,-0.451071018,0.836472999,0.950343171,53.5434243,-21.7373896,-198.813653,1.12595591,-8.00394794,36.8613029,True,True
NGC 6624,-331.4,270.955249,-27.6059639,8.82258107,3.17327847,-2.78647625,0.675538332,0.487796454,-0.430619219,0.833245113,0.937939406,54.8534013,-21.0494751,-201.134724,1.17471107,-8.02564231,37.7806664,True,True
NGC 6624,-331.5,270.833774,-27.527282,8.81600205,3.18909596,-2.65404828,0.669860761,0.489913657,-0.409931288,0.82989688,0.925620058,56.1788672,-20.352761,-203.430687,1.22311871,-8.04719365,38.7002839,True,True
NGC 6624,-331.6,270.710616,-27.4480154,8.80932002,3.20451736,-2.51994948,0.664046845,0.491959158,-0.389010028,0.826427265,0.913406167,57.519724,-19.6472654,-205.696815,1.2710865,-8.06854872,39.6198474,True,True
NGC 6624,-331.7,270.585789,-27.3681707,8.80253517,3.21953737,-2.38419269,0.658095018,0.493932059,-0.36785876,0.8228353,0.901320142,58.8758007,-18.9330358,-207.927722,1.31850813,-8.08964631,40.5390056,True,True
NGC 6624,-331.8,270.459312,-27.2877566,8.79564771,3.2341507,-2.24679449,0.652003735,0.495831472,-0.346481394,0.819120088,0.889385786,60.2468415,-18.2101537,-210.117271,1.36526143,-8.11041608,41.4573607,True,True
NGC 6624,-331.9,270.331207,-27.2067838,8.78865793,3.24835204,-2.1077757,0.645771484,0.497656517,-0.324882509,0.815280822,0.877628317,61.6324946,-17.4787396,-212.258478,1.41120626,-8.1307774,42.3744656,True,True
NGC 6624,-332,270.201501,-27.1252652,8.78156614,3.26213615,-1.96716201,0.639396792,0.499406331,-0.303067446,0.811316794,0.866074372,63.0322984,-16.7389585,-214.343412,1.45618232,-8.15063798,43.2898213,False,False
NGC 6624,-332.1,270.070225,-27.0432169,8.77437273,3.27549781,-1.82498469,0.632878241,0.501080067,-0.281042411,0.807227416,0.854751975,64.4456679,-15.9910267,-216.363082,1.5000067,-8.16989248,44.2028764,False,False
NGC 6624,-332.2,269.937419,-26.9606578,8.76707813,3.28843193,-1.6812813,0.62621448,0.502676906,-0.258814586,0.803012233,0.843690486,65.8718801,-15.2352176,-218.307338,1.54247171,-8.1884212,45.1130273,False,False
NGC 6624,-332.3,269.803127,-26.8776106,8.75968287,3.30093351,-1.53609663,0.619404239,0.504196058,-0.236392255,0.798670943,0.832920509,67.3100594,-14.471869,-220.164778,1.58334282,-8.20608879,46.019622,False,False
NGC 6624,-332.4,269.667402,-26.7941017,8.75218752,3.31299771,-1.38948351,0.612446344,0.505636774,-0.213784937,0.79420342,0.822473751,68.7591626,-13.7013901,-221.922684,1.62235713,-8.22274333,46.9219656,False,False
NGC 6624,-332.5,269.530305,-26.7101623,8.74459274,3.32461992,-1.24150382,0.605339741,0.506998347,-0.191003519,0.789609731,0.812382835,70.2179656,-12.924269,-223.567009,1.65922305,-8.23821601,47.8193301,False,False
NGC 6624,-332.6,269.391908,-26.6258285,8.73689927,3.33579574,-1.09222934,0.598083508,0.508280128,-0.16806039,0.784890165,0.802681049,71.6850517,-12.1410787,-225.082448,1.69362149,-8.25232173,48.7109677,False,False
NGC 6624,-332.7,269.25229,-26.5411417,8.72910793,3.3465211,-0.941742668,0.590676879,0.509481529,-0.144969559,0.780045257,0.793402027,73.1588021,-11.3524833,-226.452622,1.72520964,-8.26486122,49.5961288,False,False
NGC 6624,-332.8,269.111545,-26.4561491,8.72121962,3.35679224,-0.790137853,0.583119264,0.510602034,-0.121746754,0.775075811,0.784579368,74.6373919,-10.5592415,-227.660426,1.7536281,-8.275625,50.474082,False,False
NGC 6624,-332.9,268.969775,-26.3709039,8.71323532,3.36660584,-0.637520811,0.575410269,0.511641212,-0.0984094667,0.769982927,0.77624618,76.1187913,-9.76220774,-228.688577,1.7785121,-8.2843999,51.3441366,False,False
NGC 6624,-333,268.827093,-26.2854651,8.70515607,3.37595902,-0.484009271,0.567549721,0.512598723,-0.0749769325,0.764768028,0.768434562,77.6007737,-8.96233044,-229.520362,1.79950713,-8.29097811,52.2056628,False,False
NGC 6624,-333.1,268.683626,-26.1998975,8.69698298,3.38484944,-0.329732168,0.55953768,0.513474327,-0.0514700291,0.759432881,0.761175055,79.0809329,-8.16064444,-230.14057,1.81628838,-8.29516852,53.0581067,False,False
NGC 6624,-333.2,268.539505,-26.1142709,8.68871721,3.39327529,-0.174828363,0.551374464,0.514267897,-0.0279110688,0.753979621,0.754496055,80.5567089,-7.35825922,-230.536522,1.82858223,-8.29680946,53.9009958,False,False
NGC 6624,-333.3,268.394873,-26.028659,8.68035999,3.40123539,-0.0194446848,0.543060656,0.51497942,-0.00432349044,0.748410768,0.748423256,82.0254226,-6.55634148,-230.699044,1.8361868,-8.29578083,54.7339325,False,False
NGC 6624,-333.4,268.249874,-25.9431384,8.67191257,3.40872917,0.136266665,0.534597119,0.515609004,0.019268544,0.74272924,0.742979139,83.4843175,-5.75609318,-230.623219,1.83898778,-8.29201377,55.5565748,False,False
NGC 6624,-333.5,268.104656,-25.8577869,8.66337623,3.41575674,0.29215106,0.525985,0.516156883,0.0428406035,0.736938361,0.738182542,84.930607,-4.9587266,-230.308757,1.83696652,-8.28549558,56.3686081,False,False
NGC 6624,-333.6,267.959367,-25.7726819,8.65475229,3.42231883,0.448054548,0.51722573,0.516623413,0.0663684624,0.731041864,0.73404835,86.3615216,-4.1654384,-229.759911,1.83019844,-8.27626918,57.1697135,False,False
NGC 6624,-333.7,267.814147,-25.6878991,8.64604213,3.42841681,0.603826752,0.508321021,0.517009071,0.0898285429,0.725043888,0.730587302,87.7743565,-3.37738499,-228.984959,1.81884252,-8.26442711,57.9595409,False,False
NGC 6624,-333.8,267.669134,-25.6035111,8.63724714,3.43405269,0.75932331,0.499272855,0.517314447,0.113198284,0.71894897,0.727805931,89.1665127,-2.59566121,-227.99538,1.80312434,-8.25010167,58.7376898,False,False
NGC 6624,-333.9,267.524457,-25.5195864,8.62836875,3.43922902,0.914407741,0.490083474,0.517540244,0.136456422,0.712762033,0.725706601,90.5355327,-1.82128342,-226.804888,1.78331619,-8.23345327,59.503704,False,False
NGC 6624,-334,267.380234,-25.436189,8.61940848,3.44394887,1.06895264,0.480755364,0.517687259,0.15958317,0.706488371,0.724287654,91.8791283,-1.05517761,-225.428497,1.75971751,-8.21465878,60.2570768,False,False
NGC 6624,-334.1,267.236577,-25.353378,8.61036785,3.44821579,1.22284033,0.471291232,0.517756383,0.182560306,0.700133628,0.723543615,93.1952009,-0.298172309,-223.881706,1.73263814,-8.19390157,60.9972651,False,False
NGC 6624,-334.2,267.093585,-25.2712073,8.60124848,3.45203376,1.37596294,0.461693994,0.517748583,0.205371194,0.693703784,0.723465456,94.4818548,0.449004438,-222.179875,1.70238532,-8.17136366,61.7237086,False,False
NGC 6624,-334.3,266.951349,-25.189726,8.59205203,3.45540709,1.52822225,0.451966744,0.517664899,0.228000738,0.687205126,0.724040898,95.7374044,1.18572479,-220.33779,1.66925466,-8.14722023,62.4358508,False,False
NGC 6624,-334.4,266.809952,-25.1089785,8.58278021,3.45834041,1.67952919,0.442112743,0.517506427,0.250435316,0.680644238,0.725254732,96.9603761,1.91145834,-218.36939,1.63352454,-8.12163618,63.1331588,False,False
NGC 6624,-334.5,266.669467,-25.0290049,8.57343479,3.46083859,1.82980327,0.432135387,0.517274314,0.272662681,0.674027973,0.72708916,98.1495056,2.62576769,-216.287629,1.59545318,-8.09476425,63.8151398,False,False
NGC 6624,-334.6,266.529961,-24.9498411,8.56401758,3.46290673,1.97897189,0.422038194,0.516969748,0.294671857,0.667363437,0.729524133,99.3037324,3.32830282,-214.104418,1.55527758,-8.06674436,64.4813545,False,False
NGC 6624,-334.7,266.391493,-24.8715195,8.55453043,3.46455005,2.12696969,0.41182478,0.516593946,0.316453033,0.66065797,0.732537696,100.422191,4.01879492,-211.830638,1.51321371,-8.0377036,65.1314269,False,False
NGC 6624,-334.8,266.254116,-24.794069,8.54497522,3.4657739,2.27373788,0.401498838,0.516148151,0.337997462,0.653919131,0.73610632,101.504201,4.69704976,-209.476184,1.46945749,-8.00775683,65.7650499,False,False
NGC 6624,-334.9,266.117877,-24.7175157,8.53535388,3.4665837,2.41922361,0.391064123,0.515633621,0.359297358,0.64715468,0.740205223,102.549254,5.36294108,-207.050028,1.42418611,-7.9770074,66.381988,False,False
NGC 6624,-335,265.982818,-24.6418827,8.52566832,3.46698492,2.56337941,0.380524436,0.515051625,0.380345812,0.640372566,0.744808673,103.557002,6.01640402,-204.560292,1.37755957,-7.94554812,66.9820781,False,False
NGC 6624,-335.1,265.848977,-24.567191,8.51592048,3.46698303,2.70616265,0.369883601,0.514403435,0.401136702,0.633580912,0.749890276,104.527245,6.65742876,-202.014322,1.32972221,-7.91346212,67.5652268,False,False
NGC 6624,-335.2,265.716386,-24.4934591,8.50611232,3.4665835,2.84753507,0.35914546,0.513690322,0.421664623,0.626788009,0.755423234,105.459914,7.2860544,-199.41876,1.28080419,-7.88082382,68.1314078,False,False
NGC 6624,-335.3,265.585076,-24.4207039,8.49624576,3.46579172,2.98746232,0.348313853,0.512913548,0.441924815,0.620002297,0.761380582,106.355061,7.90236322,-196.779611,1.23092294,-7.84769976,68.6806572,False,False
NGC 6624,-335.4,265.455072,-24.3489402,8.48632274,3.46461305,3.12591362,0.33739261,0.512074369,0.461913103,0.613232364,0.767735402,107.212846,8.50647527,-194.102305,1.18018436,-7.81414938,69.2130682,False,False
NGC 6624,-335.5,265.326398,-24.2781814,8.47634518,3.46305277,3.26286136,0.326385542,0.511174023,0.48162584,0.606486936,0.774461009,108.033523,9.0985433,-191.391753,1.12868403,-7.78022578,69.7287854,False,False
NGC 6624,-335.6,265.199073,-24.2084395,8.46631497,3.46111604,3.39828079,0.315296424,0.510213735,0.501059857,0.599774867,0.781531107,108.817428,9.67874816,-188.652396,1.07650822,-7.74597631,70.2279994,False,False
NGC 6624,-335.7,265.073116,-24.1397252,8.45623398,3.45880793,3.53214978,0.304129,0.509194706,0.520212416,0.593105132,0.788919929,109.564971,10.2472945,-185.888255,1.02373482,-7.71144322,70.7109404,False,False
NGC 6624,-335.8,264.948543,-24.0720483,8.44610406,3.45613338,3.66444852,0.292886962,0.508118118,0.539081172,0.586486824,0.79660235,110.276621,10.8044067,-183.102967,0.970434192,-7.67666416,71.1778733,False,False
NGC 6624,-335.9,264.825366,-24.0054172,8.43592702,3.4530972,3.79515928,0.281573957,0.506985128,0.557664133,0.579929145,0.804553975,110.952902,11.3503259,-180.299821,0.916669857,-7.64167264,71.6290916,False,False
NGC 6624,-336,264.703598,-23.9398398,8.42570464,3.44970406,3.92426625,0.270193572,0.505796868,0.575959629,0.573441399,0.812751212,111.594378,11.8853059,-177.481798,0.862499204,-7.60649846,72.0649126,False,False
NGC 6624,-336.1,264.58325,-23.875323,8.41543866,3.44595851,4.05175531,0.258749337,0.504554443,0.593966277,0.567032984,0.821171324,112.201653,12.409611,-174.65159,0.807974056,-7.5711681,72.4856728,False,False
NGC 6624,-336.2,264.464329,-23.811873,8.40513079,3.44186492,4.17761388,0.247244718,0.503258931,0.611682958,0.560713386,0.82979247,112.775355,12.9235134,-171.811636,0.753141201,-7.53570506,72.8917232,False,False
NGC 6624,-336.3,264.346844,-23.7494955,8.39478269,3.43742753,4.30183077,0.235683114,0.501911381,0.62910879,0.554492168,0.838593725,113.316136,13.4272905,-168.964138,0.698042863,-7.50013013,73.2834258,False,False
NGC 6624,-336.4,264.2308,-23.6881954,8.384396,3.43265043,4.42439603,0.224067859,0.500512815,0.646243105,0.54837896,0.847555093,113.824667,13.9212234,-166.111089,0.642717128,-7.4644617,73.6611496,False,False
NGC 6624,-336.5,264.116204,-23.6279773,8.3739723,3.42753755,4.54530081,0.212402216,0.499064226,0.663085429,0.542383447,0.85665751,114.301625,14.4055946,-163.254287,0.587198326,-7.42871599,74.0252679,False,False
NGC 6624,-336.6,264.003058,-23.5688455,8.36351313,3.42209267,4.66453729,0.20068938,0.497566576,0.679635462,0.536515354,0.865882836,114.7477,14.8806872,-160.395355,0.531517371,-7.39290726,74.376155,False,False
NGC 6624,-336.7,263.891368,-23.5108035,8.35302,3.41631941,4.78209854,0.188932472,0.496020801,0.695893062,0.530784433,0.875213841,115.16358,15.3467828,-157.535757,0.47570207,-7.35704801,74.7141842,False,False
NGC 6624,-336.8,263.781136,-23.4538549,8.34249438,3.41022126,4.89797842,0.177134547,0.494427805,0.711858231,0.52520044,0.884634186,115.549955,15.804161,-154.676811,0.41977741,-7.32114919,75.0397253,False,False
NGC 6624,-336.9,263.672363,-23.3980026,8.33193769,3.40380154,5.01217154,0.165298585,0.492788467,0.727531097,0.519773119,0.894128398,115.907513,16.2530982,-151.819703,0.363765799,-7.28522029,75.3531432,False,False
NGC 6624,-337,263.565051,-23.3432496,8.32135133,3.39706344,5.12467313,0.153427501,0.491103636,0.742911902,0.514512176,0.903681843,116.236935,16.6938668,-148.965498,0.307687307,-7.24926955,75.6547956,False,False
NGC 6624,-337.1,263.459201,-23.2895984,8.31073663,3.39001,5.23547901,0.141524136,0.489374132,0.758000994,0.509427249,0.913280696,116.538892,17.1267342,-146.115152,0.251559864,-7.21330404,75.9450326,False,False
NGC 6624,-337.2,263.354814,-23.2370515,8.30009491,3.38264413,5.34458549,0.129591266,0.487600752,0.772798811,0.504527888,0.922911909,116.81405,17.5519632,-143.269518,0.195399454,-7.17732981,76.2241948,False,False
NGC 6624,-337.3,263.25189,-23.1856111,8.28942746,3.37496858,5.45198936,0.117631598,0.485784263,0.787305876,0.499823511,0.932563181,117.063061,17.9698104,-140.429362,0.139220283,-7.14135197,76.4926127,False,False
NGC 6624,-337.4,263.150429,-23.1352794,8.2787355,3.36698599,5.55768777,0.105647772,0.483925406,0.801522785,0.49532338,0.942222917,117.286564,18.3805266,-137.595362,0.0830349361,-7.10537479,76.7506063,False,False
NGC 6624,-337.5,263.050429,-23.0860582,8.26802025,3.35869886,5.66167824,0.0936423665,0.4820249,0.815450197,0.491036553,0.951880203,117.485187,18.7843565,-134.768124,0.0268545182,-7.06940181,76.9984837,False,False
NGC 6624,-337.6,262.95189,-23.0379494,8.25728288,3.35010956,5.76395861,0.0816178936,0.480083435,0.829088833,0.486971853,0.961524767,117.65954,19.1815381,-131.94818,-0.0293112172,-7.03343586,77.2365414,False,False
NGC 6624,-337.7,262.854812,-22.990955,8.24652453,3.34122035,5.86452696,0.0695768048,0.47810168,0.842439464,0.483137815,0.97114695,117.810223,19.572303,-129.136002,-0.0854537509,-6.99747918,77.4650636,False,False
NGC 6624,-337.8,262.759192,-22.9450765,8.23574632,3.33203337,5.9633816,0.057521491,0.47608028,0.855502904,0.479542651,0.980737668,117.937818,19.956876,-126.332003,-0.14156569,-6.96153346,77.684322,False,False
NGC 6624,-337.9,262.66503,-22.9003157,8.22494934,3.32255062,6.06052105,0.0454542844,0.474019856,0.86828001,0.476194199,0.990288388,118.04289,20.3354754,-123.536544,-0.197640673,-6.92559989,77.894576,False,False
NGC 6624,-338,262.572323,-22.8566741,8.21413464,3.31277404,6.155944,0.0333774601,0.471921008,0.880771671,0.473099876,0.999791093,118.12599,20.7083127,-120.749937,-0.253673276,-6.88967921,78.0960719,False,False
NGC 6624,-338.1,262.481071,-22.8141535,8.20330325,3.3027054,6.24964924,0.0212932377,0.469784316,0.892978807,0.470266633,1.00923826,118.187654,21.0755928,-117.972449,-0.309658938,-6.8537718,78.2890437,False,False
NGC 6624,-338.2,262.391271,-22.7727553,8.19245618,3.29234643,6.34163572,0.00920378302,0.467610338,0.904902362,0.467700906,1.01862281,118.228398,21.437514,-115.204308,-0.36559388,-6.81787764,78.4737126,False,False
NGC 6624,-338.3,262.302922,-22.7324812,8.18159442,3.28169871,6.43190246,-0.00288879051,0.465399611,0.916543302,0.465408577,1.02793811,118.248727,21.7942685,-112.445706,-0.421475043,-6.7819964,78.6502874,False,False
NGC 6624,-338.4,262.216021,-22.6933328,8.17071892,3.27076375,6.52044852,-0.0149824199,0.463152655,0.927902611,0.463394923,1.03717795,118.249126,22.1460417,-109.696801,-0.477300021,-6.74612749,78.8189644,False,False
NGC 6624,-338.5,262.130568,-22.6553116,8.15983064,3.25954297,6.60727306,-0.0270750911,0.46086997,0.938981287,0.461664586,1.04633649,118.230066,22.493013,-106.957718,-0.533067007,-6.71027002,78.9799277,False,False
NGC 6624,-338.6,262.046559,-22.6184192,8.14893049,3.24803769,6.69237524,-0.0391648375,0.458552037,0.949780341,0.460221529,1.05540824,118.192002,22.8353559,-104.228558,-0.588774741,-6.67442292,79.1333496,False,False
NGC 6624,-338.7,261.963994,-22.5826573,8.13801938,3.23624914,6.77575424,-0.0512497381,0.456199323,0.960300791,0.459069012,1.06438807,118.135375,23.1732378,-101.509395,-0.644422461,-6.63858486,79.2793904,False,False
NGC 6624,-338.8,261.882871,-22.5480275,8.1270982,3.22417848,6.85740925,-0.0633279161,0.453812273,0.970543662,0.458209564,1.07327117,118.060608,23.5068205,-98.8002791,-0.700009861,-6.60275436,79.4181988,False,False
NGC 6624,-338.9,261.803187,-22.5145315,8.11616781,3.2118268,6.93733943,-0.0753975377,0.451391322,0.980509984,0.457644965,1.08205302,117.968112,23.8362601,-96.1012397,-0.75553705,-6.56692977,79.5499123,False,False
NGC 6624,-339,261.724941,-22.482171,8.10522908,3.19919508,7.01554395,-0.0874568098,0.448936883,0.990200787,0.457376233,1.0907294,117.858281,24.1617074,-93.4122874,-0.811004516,-6.53110928,79.6746573,False,False
NGC 6624,-339.1,261.648131,-22.4509479,8.09428286,3.18628427,7.09202191,-0.0995039794,0.446449358,0.999617104,0.45740362,1.09929633,117.731498,24.483308,-90.7334148,-0.866413091,-6.49529099,79.7925492,False,False
NGC 6624,-339.2,261.572756,-22.4208639,8.08332997,3.17309521,7.16677238,-0.111537331,0.443929134,1.00875996,0.457726613,1.10775011,117.588129,24.8012025,-88.0645988,-0.921763923,-6.45947282,79.9036931,False,False
NGC 6624,-339.3,261.498814,-22.3919208,8.07237124,3.15962871,7.23979438,-0.123555188,0.441376582,1.01763039,0.458343944,1.11608727,117.428529,25.1155264,-85.4058016,-0.977058443,-6.42365265,80.0081836,False,False
NGC 6624,-339.4,261.426304,-22.3641206,8.06140748,3.14588548,7.31108687,-0.135555907,0.43879206,1.02622941,0.459253607,1.12430453,117.253037,25.4264108,-82.7569722,-1.03229835,-6.38782824,80.1061051,False,False
NGC 6624,-339.5,261.355225,-22.3374653,8.0504395,3.1318662,7.38064874,-0.147537879,0.436175915,1.03455804,0.46045288,1.13239887,117.061981,25.7339822,-80.1180479,-1.08748556,-6.35199726,80.1975326,False,False
NGC 6624,-339.6,261.285575,-22.3119569,8.03946809,3.11757147,7.44847878,-0.159499529,0.433528478,1.04261729,0.461938352,1.14036742,116.855677,26.0383626,-77.4889546,-1.14262223,-6.31615735,80.2825311,False,False
NGC 6624,-339.7,261.217353,-22.2875973,8.02849403,3.10300184,7.51457574,-0.171439314,0.430850069,1.05040815,0.463705964,1.14820752,116.634428,26.33967,-74.8696088,-1.19771069,-6.28030605,80.3611565,False,False
NGC 6624,-339.8,261.150558,-22.2643889,8.01751812,3.0881578,7.57893825,-0.183355719,0.428140998,1.05793163,0.465751043,1.15591668,116.398525,26.6380182,-72.2599176,-1.25275345,-6.24444086,80.4334557,False,False
NGC 6624,-339.9,261.085189,-22.2423337,8.00654114,3.07303981,7.64156486,-0.195247262,0.425401562,1.0651887,0.468068352,1.16349256,116.148248,26.9335173,-69.6597805,-1.30775319,-6.20855926,80.4994665,False,False
NGC 6624,-340,261.021247,-22.2214341,7.99556385,3.05764825,7.70245403,-0.207112484,0.422632045,1.07218033,0.470652129,1.170933,115.883865,27.2262736,-67.0690891,-1.36271271,-6.17265865,80.5592183,False,False
NGC 6624,-340.1,260.958729,-22.2016923,7.98458703,3.04198348,7.76160409,-0.218949957,0.419832723,1.07890749,0.473496145,1.17823596,115.605635,27.51639,-64.487729,-1.41763496,-6.13673644,80.6127319,False,False
NGC 6624,-340.2,260.897636,-22.1831107,7.97361144,3.02604578,7.81901331,-0.230758278,0.417003862,1.08537112,0.476593751,1.18539955,115.313803,27.8039657,-61.9155793,-1.47252299,-6.10078999,80.6600201,False,False
NGC 6624,-340.3,260.837966,-22.1656919,7.96263787,3.00983542,7.87467981,-0.242536068,0.414145716,1.09157217,0.479937931,1.19242199,115.008608,28.0890968,-59.3525141,-1.52737996,-6.06481664,80.7010876,False,False
NGC 6624,-340.4,260.779721,-22.1494382,7.95166707,2.99335261,7.92860162,-0.254281971,0.41125853,1.09751154,0.483521353,1.19930166,114.690276,28.3718764,-56.7984026,-1.58220912,-6.02881372,80.7359312,False,False
NGC 6624,-340.5,260.7229,-22.1343523,7.94069982,2.97659753,7.98077666,-0.265994655,0.40834254,1.10319015,0.487336421,1.20603702,114.359024,28.6523944,-54.2531096,-1.63701379,-5.99277854,80.7645401,False,False
NGC 6624,-340.6,260.667503,-22.1204367,7.92973688,2.95957031,8.03120272,-0.27767281,0.405397974,1.1086089,0.491375322,1.21262665,114.015061,28.930738,-51.7164961,-1.69179736,-5.95670843,80.7868963,False,False
NGC 6624,-340.7,260.61353,-22.1076943,7.91877902,2.94227105,8.07987748,-0.289315147,0.402425048,1.11376866,0.495630077,1.21906923,113.658585,29.2069915,-49.1884199,-1.74656331,-5.92060068,80.8029742,False,False
NGC 6624,-340.8,260.560982,-22.0961278,7.90782703,2.92469981,8.12679851,-0.300920394,0.399423973,1.1186703,0.500092585,1.22536355,113.289787,29.4812367,-46.6687355,-1.80131513,-5.8844526,80.8127411,False,False
NGC 6624,-340.9,260.509858,-22.08574,7.89688167,2.90685663,8.17196324,-0.312487301,0.39639495,1.12331468,0.504754663,1.23150848,112.908848,29.7535529,-44.1572948,-1.85605639,-5.84826149,80.8161575,False,False
NGC 6624,-341,260.460161,-22.0765338,7.88594374,2.88874149,8.21536899,-0.324014636,0.393338172,1.12770262,0.509608087,1.23750297,112.515941,30.024017,-41.6539474,-1.91079067,-5.81202468,80.813177,False,False
NGC 6624,-341.1,260.411891,-22.0685122,7.87501402,2.87035438,8.25701295,-0.335501183,0.390253825,1.13183495,0.514644627,1.24334607,112.111231,30.2927035,-39.1585408,-1.96552159,-5.77573949,80.8037465,False,False
NGC 6624,-341.2,260.365048,-22.0616783,7.86409329,2.85169523,8.29689221,-0.346945743,0.387142087,1.13571247,0.51985608,1.24903689,111.694876,30.5596849,-36.6709208,-2.02025281,-5.73940324,80.7878061,False,False
NGC 6624,-341.3,260.319634,-22.056035,7.85318237,2.83276395,8.33500369,-0.358347133,0.384003128,1.13933597,0.5252343,1.25457463,111.267024,30.8250316,-34.1909316,-2.07498799,-5.70301329,80.7652899,False,False
NGC 6624,-341.4,260.27565,-22.0515856,7.84228206,2.81356042,8.37134422,-0.369704184,0.380837113,1.14270622,0.530771222,1.25995857,110.827818,31.088812,-31.7184161,-2.12973079,-5.666567,80.7361251,False,False
NGC 6624,-341.5,260.233098,-22.0483333,7.83139317,2.79408449,8.40591051,-0.381015742,0.377644198,1.14582398,0.536458886,1.26518802,110.377393,31.3510926,-29.2532162,-2.18448491,-5.63006176,80.7002331,False,False
NGC 6624,-341.6,260.191979,-22.0462814,7.82051653,2.77433602,8.43869911,-0.392280666,0.374424533,1.14868999,0.542289454,1.27026239,109.915876,31.6119381,-26.7951728,-2.23925403,-5.59349496,80.657529,False,False
NGC 6624,-341.7,260.152296,-22.0454332,7.80965296,2.75431479,8.46970647,-0.403497829,0.371178262,1.15130497,0.548255233,1.27518113,109.443389,31.8714116,-24.3441261,-2.29404182,-5.55686403,80.6079218,False,False
NGC 6624,-341.8,260.114049,-22.0457921,7.79880332,2.73402061,8.49892892,-0.414666113,0.367905522,1.15366963,0.55434868,1.27994377,108.960045,32.1295744,-21.8999158,-2.34885198,-5.52016643,80.5513145,False,False
NGC 6624,-341.9,260.077242,-22.0473616,7.78796844,2.71345324,8.52636265,-0.425784415,0.364606444,1.15578466,0.56056242,1.28454988,108.465952,32.3864866,-19.4623812,-2.40368814,-5.48339962,80.4876042,False,False
NGC 6624,-342,260.041876,-22.0501452,7.77714919,2.69261242,8.55200372,-0.43685164,0.361281152,1.15765073,0.566889254,1.28899908,107.961212,32.6422064,-17.0313613,-2.45855397,-5.44656112,80.4166824,False,False
NGC 6624,-342.1,260.007954,-22.0541465,7.76634646,2.6714979,8.57584808,-0.447866704,0.357929766,1.15926851,0.573322163,1.29329106,107.44592,32.896791,-14.6066948,-2.51345309,-5.40964847,80.3384344,False,False
NGC 6624,-342.2,259.975479,-22.0593691,7.75556112,2.65010937,8.59789156,-0.458828533,0.354552399,1.16063863,0.579854315,1.29742555,106.920164,33.1502961,-12.1882207,-2.5683891,-5.37265923,80.2527401,False,False
NGC 6624,-342.3,259.944453,-22.0658167,7.74479407,2.62844652,8.61812985,-0.469736061,0.351149159,1.16176172,0.586479069,1.30140232,106.384028,33.4027763,-9.77577778,-2.62336557,-5.33559101,80.1594736,False,False
NGC 6624,-342.4,259.91488,-22.073493,7.73404623,2.60650905,8.63655853,-0.48058823,0.347720147,1.16263839,0.593189976,1.3052212,105.837588,33.6542848,-7.36920513,-2.67838605,-5.29844144,80.0585035,False,False
NGC 6624,-342.5,259.886762,-22.0824019,7.72331851,2.5842966,8.65317307,-0.49138399,0.344265461,1.16326923,0.599980777,1.30888206,105.280918,33.904874,-4.96834205,-2.73345405,-5.26120821,79.9496927,False,False
NGC 6624,-342.6,259.860103,-22.0925472,7.71261188,2.56180883,8.66796879,-0.502122298,0.340785191,1.16365482,0.606845408,1.31238481,104.714082,34.1545952,-2.5730282,-2.78857304,-5.22388905,79.8328985,False,False
NGC 6624,-342.7,259.834906,-22.1039328,7.70192727,2.53904536,8.68094091,-0.512802119,0.337279425,1.16379571,0.613777992,1.31572941,104.137142,34.4034984,-0.183103668,-2.84374645,-5.1864817,79.7079729,False,False
NGC 6624,-342.8,259.811175,-22.1165626,7.69126566,2.51600583,8.69208455,-0.52342242,0.333748242,1.16369245,0.62077284,1.31891586,103.550153,34.6516332,2.20159098,-2.89897766,-5.14898399,79.5747621,False,False
NGC 6624,-342.9,259.788914,-22.1304406,7.68062805,2.49268983,8.70139468,-0.533982178,0.33019172,1.16334556,0.627824449,1.32194419,102.953164,34.899048,4.5812146,-2.95427001,-5.11139376,79.4331071,False,False
NGC 6624,-343,259.768126,-22.1455708,7.67001543,2.46909696,8.70886619,-0.544480372,0.326609929,1.16275556,0.634927493,1.32481449,102.346222,35.1457905,6.95592544,-3.00962679,-5.07370893,79.2828433,False,False
NGC 6624,-343.1,259.748815,-22.1619574,7.65942882,2.44522681,8.71449383,-0.554915985,0.323002936,1.16192294,0.642076824,1.32752686,101.729366,35.3919076,9.32588107,-3.06505122,-5.03592744,79.1238006,False,False
NGC 6624,-343.2,259.730987,-22.1796045,7.64886927,2.42107895,8.71827225,-0.565288007,0.319370802,1.16084818,0.649267464,1.33008148,101.102631,35.6374457,11.6912383,-3.12054647,-4.99804731,78.9558035,False,False
NGC 6624,-343.3,259.714645,-22.1985161,7.63833784,2.39665295,8.720196,-0.575595428,0.315713584,1.15953174,0.656494603,1.33247853,100.466047,35.8824505,14.0521531,-3.17611565,-4.9600666,78.778671,False,False
NGC 6624,-343.4,259.699794,-22.2186965,7.62783561,2.37194836,8.72025951,-0.585837242,0.312031335,1.15797407,0.663753589,1.33471823,99.8196394,36.1269668,16.4087808,-3.23176181,-4.92198344,78.5922168,False,False
NGC 6624,-343.5,259.686439,-22.2401499,7.61736367,2.34696473,8.71845712,-0.596012445,0.308324101,1.15617559,0.671039929,1.33680088,99.1634293,36.3710394,18.7612755,-3.28748792,-4.88379602,78.396249,False,False
NGC 6624,-343.6,259.674584,-22.2628806,7.60692314,2.32170161,8.71478307,-0.606120037,0.304591927,1.15413672,0.678349277,1.33872675,98.4974325,36.6147123,21.1097906,-3.34329688,-4.84550259,78.1905702,False,False
NGC 6624,-343.7,259.664235,-22.2868929,7.59651516,2.29615851,8.70923148,-0.616159017,0.300834851,1.15185787,0.685677433,1.34049621,97.8216603,36.858029,23.4544783,-3.39919152,-4.80710146,77.9749775,False,False
NGC 6624,-343.8,259.655397,-22.3121911,7.58614089,2.27033498,8.70179638,-0.626128385,0.297052907,1.14933941,0.693020334,1.34210964,97.1361197,37.1010328,25.79549,-3.45517458,-4.76859103,77.7492627,False,False
NGC 6624,-343.9,259.648076,-22.3387794,7.57580152,2.24423053,8.69247174,-0.636027142,0.293246125,1.14658172,0.700374054,1.34356744,96.4408129,37.3437667,28.1329758,-3.51124872,-4.72996975,77.5132118,False,False
NGC 6624,-344,259.642276,-22.3666624,7.56549824,2.21784467,8.68125138,-0.64585429,0.28941453,1.14358514,0.707734791,1.34487007,95.735738,37.5862731,30.4670847,-3.5674165,-4.69123616,77.2666054,False,False
NGC 6624,-344.1,259.638004,-22.3958443,7.5552323,2.19117692,8.66812909,-0.65560883,0.285558143,1.14035002,0.715098868,1.34601804,95.0208884,37.8285944,32.7979643,-3.62368042,-4.65238888,77.0092184,False,False
NGC 6624,-344.2,259.635266,-22.4263295,7.54500493,2.16422677,8.65309854,-0.66528976,0.281676982,1.13687667,0.722462724,1.34701186,94.2962533,38.0707728,35.1257613,-3.68004285,-4.61342662,76.7408203,False,False
NGC 6624,-344.3,259.634068,-22.4581226,7.53481743,2.13699373,8.63615332,-0.674896081,0.277771058,1.13316541,0.72982291,1.34785212,93.5618176,38.3128503,37.4506206,-3.73650606,-4.57434815,76.4611746,False,False
NGC 6624,-344.4,259.634415,-22.4912278,7.52467108,2.10947729,8.61728697,-0.684426787,0.273840381,1.12921653,0.737176086,1.34853941,92.8175619,38.5548686,39.7726862,-3.79307223,-4.53515236,76.1700395,False,False
NGC 6624,-344.5,259.636314,-22.5256496,7.51456722,2.08167694,8.59649293,-0.693880875,0.269884952,1.1250303,0.74451901,1.3490744,92.0634623,38.7968695,42.0921002,-3.84974342,-4.49583821,75.8671672,False,False
NGC 6624,-344.6,259.639772,-22.5613925,7.5045072,2.05359217,8.57376458,-0.703257335,0.265904774,1.12060699,0.751848541,1.34945776,91.299491,39.0388947,44.4090032,-3.90652158,-4.45640479,75.5523041,False,False
NGC 6624,-344.7,259.644796,-22.5984609,7.4944924,2.02522248,8.54909523,-0.712555157,0.26189984,1.11594685,0.759161629,1.34969025,90.5256158,39.280986,46.7235345,-3.96340851,-4.41685125,75.2251911,False,False
NGC 6624,-344.8,259.651392,-22.6368592,7.48452423,1.99656734,8.52247813,-0.721773326,0.257870142,1.11105012,0.766455311,1.34977262,89.7418002,39.5231851,49.0358314,-4.02040591,-4.3771769,74.885563,False,False
NGC 6624,-344.9,259.659566,-22.6765918,7.47460413,1.96762623,8.49390647,-0.730910823,0.253815666,1.10591702,0.773726711,1.3497057,88.9480039,39.7655338,51.3460293,-4.07751533,-4.33738111,74.5331486,False,False
NGC 6624,-345,259.669327,-22.7176632,7.46473355,1.93839864,8.46337341,-0.739966626,0.249736396,1.10054775,0.780973031,1.34949036,88.1441819,40.0080741,53.654262,-4.13473819,-4.2974634,74.1676711,False,False
NGC 6624,-345.1,259.680682,-22.7600777,7.454914,1.90888404,8.43087204,-0.748939705,0.245632309,1.09494251,0.788191546,1.3491275,87.3302855,40.2508481,55.9606611,-4.19207576,-4.2574234,73.7888472,False,False
NGC 6624,-345.2,259.693637,-22.8038397,7.44514699,1.87908192,8.3963954,-0.757829029,0.24150338,1.08910148,0.795379608,1.34861809,86.5062616,40.4938982,58.265356,-4.24952914,-4.21726088,73.396388,False,False
NGC 6624,-345.3,259.708201,-22.8489535,7.43543409,1.84899175,8.35993653,-0.766633559,0.237349578,1.08302482,0.802534632,1.34796313,85.6720529,40.7372668,60.568474,-4.30709927,-4.17697574,72.9899983,False,False
NGC 6624,-345.4,259.724381,-22.8954236,7.42577687,1.818613,8.32148841,-0.77535225,0.233170868,1.0767127,0.809654102,1.34716369,84.8275982,40.9809969,62.8701398,-4.36478694,-4.136568,72.5693768,False,False
NGC 6624,-345.5,259.742185,-22.9432541,7.41617695,1.78794516,8.281044,-0.783984051,0.228967211,1.07016526,0.816735561,1.34622088,83.9728319,41.2251315,65.1704758,-4.42259273,-4.09603786,72.1342157,False,False
NGC 6624,-345.6,259.761621,-22.9924493,7.40663599,1.7569877,8.23859626,-0.792527904,0.224738564,1.06338261,0.823776608,1.34513586,83.1076843,41.4697143,67.4696014,-4.48051706,-4.05538564,71.6842015,False,False
NGC 6624,-345.7,259.782696,-23.0430134,7.39715567,1.72574009,8.19413812,-0.800982742,0.220484878,1.0563649,0.8307749,1.34390987,82.2320817,41.7147891,69.7676331,-4.53856013,-4.01461186,71.2190138,False,False
NGC 6624,-345.8,259.80542,-23.0949506,7.38773769,1.69420183,8.14766251,-0.809347495,0.216206101,1.04911221,0.837728145,1.34254418,81.3459461,41.9604002,72.0646845,-4.59672194,-3.97371716,70.7383261,False,False
NGC 6624,-345.9,259.8298,-23.148265,7.37838382,1.66237237,8.09916238,-0.817621078,0.211902176,1.04162464,0.844634098,1.34104014,80.4491953,42.2065925,74.3608656,-4.65500227,-3.93270239,70.2418056,False,False
NGC 6624,-346,259.855845,-23.2029605,7.36909584,1.63025121,8.04863066,-0.825802404,0.207573041,1.03390228,0.851490562,1.33939916,79.541743,42.4534114,76.656283,-4.71340067,-3.89156858,69.7291127,False,False
NGC 6624,-346.1,259.883563,-23.2590412,7.35987557,1.59783782,7.99606033,-0.833890372,0.203218629,1.0259452,0.858295383,1.33762271,78.6234988,42.7009026,78.9510394,-4.77191644,-3.85031693,69.1999017,False,False
NGC 6624,-346.2,259.912963,-23.3165109,7.35072487,1.56513169,7.94144439,-0.841883875,0.19883887,1.01775346,0.865046446,1.33571234,77.6943678,42.9491128,81.2452333,-4.83054864,-3.80894887,68.6538199,False,False
NGC 6624,-346.3,259.944054,-23.3753734,7.34164563,1.5321323,7.88477588,-0.849781793,0.194433687,1.00932712,0.871741678,1.33366967,76.7542512,43.1980889,83.5389587,-4.88929605,-3.76746604,68.0905083,False,False
NGC 6624,-346.4,259.976844,-23.4356325,7.33263979,1.49883913,7.82604788,-0.857582998,0.190003,1.00066621,0.87837904,1.33149638,75.803046,43.4478788,85.832305,-4.94815715,-3.72587027,67.5096013,False,False
NGC 6624,-346.5,260.011343,-23.4972918,7.32370933,1.46525167,7.76525353,-0.865286351,0.185546723,0.991770781,0.884956527,1.32919424,74.8406448,43.6985311,88.1253562,-5.00713015,-3.68416366,66.9107263,False,False
NGC 6624,-346.6,260.04756,-23.5603548,7.31485624,1.43136942,7.70238606,-0.8728907,0.181064765,0.982640846,0.891472166,1.32676511,73.8669362,43.9500948,90.4181907,-5.06621292,-3.64234853,66.2935045,False,False
NGC 6624,-346.7,260.085503,-23.6248248,7.30608258,1.39719185,7.63743874,-0.880394884,0.176557031,0.973276429,0.897924015,1.32421091,72.8818043,44.20262,92.710881,-5.12540301,-3.60042748,65.65755,False,False
NGC 6624,-346.8,260.125182,-23.6907052,7.29739044,1.36271847,7.57040497,-0.887797728,0.172023419,0.96367754,0.904310158,1.32153368,71.8851292,44.4561576,95.0034928,-5.18469761,-3.55840336,65.0024703,False,False
NGC 6624,-346.9,260.166606,-23.7579991,7.28878196,1.32794877,7.50127823,-0.895098045,0.167463824,0.953844184,0.910628708,1.31873552,70.8767867,44.7107592,97.2960848,-5.24409352,-3.51627932,64.3278662,False,False
NGC 6624,-347,260.209784,-23.8267096,7.28025931,1.29288225,7.43005215,-0.902294636,0.162878134,0.943776361,0.916877798,1.31581865,69.8566485,44.9664774,99.588708,-5.30358716,-3.47405879,63.6333319,False,False
NGC 6624,-347.1,260.254726,-23.8968394,7.2718247,1.25751841,7.35672046,-0.909386288,0.158266231,0.933474065,0.923055589,1.31278538,68.824582,45.2233657,101.881405,-5.36317452,-3.43174554,62.9184548,False,False
NGC 6624,-347.2,260.30144,-23.9683912,7.2634804,1.22185675,7.28127706,-0.916371772,0.153627995,0.922937286,0.929160258,1.30963813,67.7804504,45.4814785,104.174208,-5.42285116,-3.38934366,62.1828157,False,False
NGC 6624,-347.3,260.349938,-24.0413676,7.25522871,1.18589678,7.203716,-0.92324985,0.148963295,0.912166014,0.935190007,1.30637942,66.724113,45.7408711,106.467142,-5.48261213,-3.34685759,61.4259888,False,False
NGC 6624,-347.4,260.400226,-24.115771,7.24707199,1.14963801,7.12403153,-0.930019264,0.144272,0.901160233,0.94114305,1.3030119,65.6554246,46.0016001,108.760219,-5.542452,-3.30429214,60.6475417,False,False
NGC 6624,-347.5,260.452316,-24.1916034,7.23901261,1.11307995,7.04221808,-0.936678744,0.139553969,0.889919929,0.947017624,1.29953833,64.5742362,46.2637229,111.053439,-5.6023648,-3.26165253,59.8470358,False,False
NGC 6624,-347.6,260.506217,-24.2688668,7.23105303,1.07622212,6.95827032,-0.943227004,0.134809056,0.878445088,0.952811976,1.29596159,63.4803948,46.5272979,113.34679,-5.66234397,-3.21894437,59.0240258,False,False
NGC 6624,-347.7,260.561937,-24.3475628,7.22319573,1.03906402,6.87218314,-0.949662742,0.13003711,0.866735698,0.958524373,1.2922847,62.3737433,46.7923847,115.640245,-5.72238236,-3.17617373,58.1780606,False,False
NGC 6624,-347.8,260.619486,-24.4276931,7.21544325,1.0016052,6.78395171,-0.955984639,0.125237974,0.854791749,0.964153089,1.28851081,61.254121,47.0590439,117.933763,-5.78247215,-3.13334715,57.3086828,False,False
NGC 6624,-347.9,260.678874,-24.5092587,7.20779816,0.963845162,6.69357147,-0.962191361,0.120411483,0.842613239,0.969696416,1.28464322,60.1213632,47.3273373,120.227284,-5.84260483,-3.09047164,56.4154293,False,False
NGC 6624,-348,260.740109,-24.5922606,7.2002631,0.925783447,6.60103819,-0.968281555,0.115557468,0.83020017,0.975152654,1.28068537,58.9753017,47.5973276,122.52073,-5.90277113,-3.04755479,55.4978314,False,False
NGC 6624,-348.1,260.8032,-24.6766995,7.19284075,0.887419585,6.50634795,-0.974253853,0.11067575,0.817552556,0.980520113,1.27664086,57.8157649,47.8690786,124.814004,-5.96296099,-3.00460469,54.5554152,False,False
NGC 6624,-348.2,260.868157,-24.7625757,7.18553383,0.848753112,6.40949721,-0.980106867,0.105766148,0.80467042,0.985797114,1.27251343,56.6425777,48.1426553,127.106985,-6.02316348,-2.96163009,53.5877015,False,False
NGC 6624,-348.3,260.934988,-24.8498894,7.17834513,0.809783571,6.31048285,-0.985839192,0.10082847,0.791553799,0.990981984,1.26830703,55.4555622,48.4181237,129.399528,-6.08336675,-2.91864035,52.5942069,False,False
NGC 6624,-348.4,261.003701,-24.9386401,7.17127747,0.770510509,6.20930213,-0.991449405,0.09586252,0.778202747,0.996073062,1.26402574,54.2545375,48.6955505,131.69146,-6.14355794,-2.87564551,51.5744434,False,False
NGC 6624,-348.5,261.074305,-25.0288272,7.16433373,0.730933476,6.10595282,-0.996936064,0.0908680943,0.764617335,1.00106869,1.25967384,53.0393199,48.9750037,133.982579,-6.20372315,-2.83265639,50.5279196,False,False
NGC 6624,-348.6,261.146808,-25.1204496,7.15751685,0.691052031,6.00043318,-1.00229771,0.0858449821,0.75079766,1.00596722,1.25525582,51.8097239,49.256552,136.272648,-6.26384727,-2.78968455,49.4541409,False,False
NGC 6624,-348.7,261.221218,-25.2135059,7.1508298,0.650865738,5.89274199,-1.00753285,0.0807929656,0.736743841,1.01076701,1.25077634,50.5655618,49.5402648,138.561398,-6.32391397,-2.74674244,48.3526104,False,False
NGC 6624,-348.8,261.297542,-25.3079941,7.14427563,0.610374166,5.78287867,-1.01264001,0.0757118196,0.72245603,1.01546643,1.24624026,49.3066445,49.8262124,140.848514,-6.38390555,-2.70384342,47.2228292,False,False
NGC 6624,-348.9,261.375788,-25.4039119,7.13785741,0.569576896,5.67084324,-1.01761765,0.0706013123,0.707934411,1.02006383,1.24165267,48.0327821,50.1144653,143.133641,-6.44380284,-2.66100184,46.0642979,False,False
NGC 6624,-349,261.455961,-25.5012563,7.13157829,0.528473515,5.55663641,-1.02246423,0.065461204,0.693179209,1.0245576,1.23701887,46.7437841,50.4050946,145.416371,-6.50358505,-2.61823311,44.8765172,False,False
NGC 6624,-349.1,261.538069,-25.600024,7.12544145,0.48706362,5.44025965,-1.02717821,0.0602912481,0.67819069,1.02894612,1.2323444,45.4394605,50.6981716,147.696245,-6.56322967,-2.57555382,43.6589888,False,False
NGC 6624,-349.2,261.622116,-25.700211,7.11945013,0.44534682,5.32171525,-1.031758,0.0550911907,0.662969175,1.03322776,1.22763502,44.1196219,50.9937674,149.972739,-6.62271227,-2.53298183,42.4112174,False,False
NGC 6624,-349.3,261.708109,-25.8018126,7.11360763,0.403322737,5.20100634,-1.03620201,0.0498607706,0.647515037,1.03740094,1.22289674,42.7840813,51.2919529,152.245264,-6.68200633,-2.49053637,41.1327116,False,False
NGC 6624,-349.4,261.796051,-25.9048236,7.10791729,0.360991008,5.07813705,-1.04050862,0.0445997192,0.631828716,1.04146403,1.21813581,41.432654,51.5927983,154.513154,-6.74108307,-2.44823816,39.8229856,False,False
NGC 6624,-349.5,261.885946,-26.009238,7.10238249,0.318351286,4.9531125,-1.0446762,0.039307761,0.615910724,1.04541545,1.21335876,40.0651595,51.8963729,156.775662,-6.7999112,-2.40610957,38.4815612,False,False
NGC 6624,-349.6,261.977798,-26.1150492,7.09700669,0.275403243,4.82593895,-1.04870309,0.0339846135,0.599761653,1.04925361,1.20857237,38.6814223,52.2027444,159.031943,-6.85845669,-2.36417479,37.1079701,False,False
NGC 6624,-349.7,262.071608,-26.2222497,7.09179336,0.232146574,4.69662388,-1.05258763,0.0286299871,0.583382187,1.05297692,1.20378369,37.2812736,52.5119787,161.28105,-6.91668247,-2.32245995,35.7017561,False,False
NGC 6624,-349.8,262.167377,-26.330831,7.08674605,0.188580998,4.56517608,-1.05632813,0.0232435859,0.566773115,1.05658383,1.19900006,35.8645526,52.8241391,163.521919,-6.97454814,-2.28099338,34.2624779,False,False
NGC 6624,-349.9,262.265106,-26.440784,7.08186832,0.144706264,4.43160581,-1.05992288,0.0178251074,0.549935337,1.06007276,1.19422909,34.4311086,53.1392861,165.753354,-7.03200961,-2.23980579,32.7897126,False,False
NGC 6624,-350,262.364792,-26.5520982,7.07716382,0.100522155,4.29592486,-1.06337018,0.0123742433,0.532869888,1.06344217,1.1894787,32.9808029,53.4574757,167.974011,-7.08901869,-2.19893054,31.2830586,False,False
NGC 6624,-350.1,262.466433,-26.6647624,7.07263618,0.056028492,4.15814679,-1.06666828,0.0068906797,0.515577943,1.06669053,1.18475707,31.5135112,53.7787598,170.182383,-7.14552268,-2.15840392,29.7421405,False,False
NGC 6624,-350.2,262.570026,-26.7787639,7.06828913,0.011225139,4.018287,-1.06981544,0.00137409782,0.498060846,1.06981633,1.1800727,30.0291261,54.1031841,172.376776,-7.20146381,-2.11826546,28.1666129,False,False
NGC 6624,-350.3,262.675563,-26.894089,7.06412637,-0.0338879884,3.87636298,-1.07280992,-0.0041758256,0.480320119,1.07281805,1.17543438,28.5275601,54.4307877,174.555288,-7.25677869,-2.07855831,26.5561664,False,False
NGC 6624,-350.4,262.783037,-27.0107224,7.06015169,-0.079310917,3.73239445,-1.07564995,-0.0097594174,0.462357496,1.07569423,1.1708512,27.0087491,54.7616018,176.715782,-7.31139768,-2.0393296,24.910533,False,False
NGC 6624,-350.5,262.892438,-27.1286475,7.05636887,-0.125043607,3.58640362,-1.07833377,-0.0153770071,0.44417494,1.0784434,1.16633252,25.4726559,55.0956479,178.855855,-7.36524415,-2.00063093,23.2294933,False,False
NGC 6624,-350.6,263.003753,-27.2478459,7.0527817,-0.171085943,3.43841543,-1.0808596,-0.0210289258,0.425774673,1.08106415,1.16188802,23.9192743,55.4329367,180.972809,-7.41823363,-1.9625189,21.5128839,False,False
NGC 6624,-350.7,263.116968,-27.3682976,7.04939402,-0.217437722,3.28845782,-1.08322569,-0.0267155053,0.407159212,1.08355508,1.15752764,22.3486341,55.7734665,183.063607,-7.47027292,-1.9250556,19.7606062,False,False
NGC 6624,-350.8,263.232063,-27.4899804,7.04620965,-0.264098646,3.13656204,-1.08543026,-0.0324370762,0.388331403,1.08591483,1.15326159,20.760806,56.1172207,185.124835,-7.52125901,-1.88830933,17.9726364,False,False
NGC 6624,-350.9,263.349019,-27.6128702,7.0432324,-0.311068301,2.982763,-1.08747157,-0.0381939669,0.369294465,1.08814208,1.14910034,19.1559077,56.4641664,187.152654,-7.57107798,-1.85235524,16.1490367,False,False
NGC 6624,-351,263.467809,-27.7369404,7.0404661,-0.358346149,2.82709966,-1.08934788,-0.0439865013,0.35005203,1.09023558,1.1450546,17.5341096,56.8142522,189.142747,-7.61960365,-1.81727614,14.2899679,False,False
NGC 6624,-351.1,263.588405,-27.8621621,7.03791453,-0.405931506,2.66961542,-1.09105747,-0.0498149969,0.330608199,1.0921941,1.14113528,15.8956426,57.1674053,191.090261,-7.66669624,-1.7831633,12.3957036,False,False
NGC 6624,-351.2,263.710772,-27.9885031,7.03558145,-0.45382353,2.51035864,-1.09259866,-0.0556797628,0.3109676,1.09401648,1.13735347,14.2408051,57.5235298,192.989748,-7.71220086,-1.75011733,10.4666464,False,False
NGC 6624,-351.3,263.834872,-28.1159286,7.03347055,-0.502021195,2.34938317,-1.09396978,-0.0615810969,0.291135451,1.09570165,1.1337204,12.5699717,57.8825037,194.835099,-7.75594595,-1.71824906,8.50334605,False,False
NGC 6624,-351.4,263.960659,-28.2444002,7.03158548,-0.550523272,2.18674887,-1.09516922,-0.067519283,0.271117632,1.09724859,1.13024742,10.8836017,58.2441765,196.619483,-7.79774174,-1.68768044,6.50651934,False,False
NGC 6624,-351.5,264.088082,-28.3738758,7.02992978,-0.599328309,2.02252232,-1.09619542,-0.0734945883,0.250920761,1.09865639,1.12694591,9.18224855,58.6083668,198.33528,-7.83737879,-1.65854527,4.47707217,False,False
NGC 6624,-351.6,264.217083,-28.5043092,7.02850691,-0.6484346,1.85677739,-1.09704689,-0.0795072595,0.230552277,1.09992422,1.12382723,7.46656971,58.9748598,199.974039,-7.87462685,-1.63098978,2.41612375,False,False
NGC 6624,-351.7,264.347595,-28.6356498,7.02732019,-0.697840164,1.689596,-1.09772219,-0.0855575196,0.210020528,1.10105136,1.12090264,5.7373361,59.3434052,201.526444,-7.90923419,-1.60517285,0.325032335,False,False
NGC 6624,-351.8,264.479544,-28.7678424,7.02637278,-0.747542718,1.52106881,-1.09821999,-0.0916455642,0.189334858,1.10203723,1.11818323,3.99544179,59.7137156,202.982316,-7.94092781,-1.58126564,-1.79457784,False,False
NGC 6624,-351.9,264.612846,-28.9008265,7.02566766,-0.797539649,1.35129588,-1.09853903,-0.0977715574,0.168505695,1.10288135,1.11567982,2.2419127,60.085465,204.330666,-7.96941489,-1.55945046,-3.94078966,False,False
NGC 6624,-352,264.747405,-29.0345363,7.0252076,-0.847827984,1.18038727,-1.0986782,-0.103935628,0.147544629,1.10358343,1.11340281,0.477914014,60.4582885,205.559816,-7.99438604,-1.53991839,-6.11136773,False,False
NGC 6624,-352.1,264.883117,-29.1689004,7.02499512,-0.89840437,1.0084635,-1.09863647,-0.110137866,0.126464468,1.10414331,1.1113621,-1.29524476,60.8317818,206.657611,-8.01552091,-1.52286559,-8.30373702,False,False
NGC 6624,-352.2,265.019866,-29.3038418,7.02503245,-0.949265043,0.835655747,-1.098413,-0.116378316,0.105279277,1.10456101,1.10956692,-3.0761078,61.2055027,207.61174,-8.0324966,-1.50848779,-10.5149686,False,False
NGC 6624,-352.3,265.157527,-29.439278,7.02532149,-1.00040581,0.662105734,-1.09800707,-0.12265698,0.0840043667,1.10483676,1.10802572,-4.86307529,61.5789722,208.410172,-8.044999,-1.49697305,-12.7417764,False,False
NGC 6624,-352.4,265.29596,-29.5751211,7.02586381,-1.05182202,0.487965217,-1.09741815,-0.128973803,0.0626562445,1.10497096,1.10674597,-6.65441105,61.9516774,209.041703,-8.05273699,-1.48849289,-14.9805293,False,False
NGC 6624,-352.5,265.43502,-29.7112789,7.02666055,-1.10350855,0.313394942,-1.09664588,-0.135328682,0.041252493,1.10496427,1.10573405,-8.44825611,62.3230743,209.496566,-8.05545837,-1.4831925,-17.2272815,False,False
NGC 6624,-352.6,265.574552,-29.8476552,7.02771246,-1.15545981,0.138563098,-1.0956901,-0.141721452,0.0198115951,1.10481753,1.10499514,-10.2426487,62.6925914,209.767051,-8.05296599,-1.48118105,-19.477824,False,False
NGC 6624,-352.7,265.714394,-29.9841512,7.02901983,-1.2076697,-0.0363567367,-1.09455087,-0.148151893,-0.00164730662,1.10453184,1.10453307,-12.0355499,63.0596343,209.848044,-8.04513173,-1.48252351,-21.7277559,False,False
NGC 6624,-352.8,265.854381,-30.1206669,7.03058249,-1.26013161,-0.211188047,-1.09322844,-0.154619718,-0.0231046973,1.10410855,1.10435027,-13.8248744,63.4235891,209.737393,-8.03190617,-1.48723534,-23.9725711,False,False
NGC 6624,-352.9,265.994346,-30.2571024,7.03239978,-1.31283845,-0.385754011,-1.09172329,-0.161124581,-0.0445409988,1.10354922,1.10444772,-15.6085233,63.7838276,209.436036,-8.013322,-1.49528115,-26.2077535,False,False
NGC 6624,-353,266.134123,-30.3933593,7.03447062,-1.36578261,-0.559880145,-1.0900361,-0.167666069,-0.0659368821,1.10285566,1.104825,-17.3844177,64.1397113,208.94787,-7.9894908,-1.5065775,-28.4288721,False,False
NGC 6624,-353.1,266.27355,-30.5293419,7.03679344,-1.41895597,-0.733396743,-1.08816777,-0.174243703,-0.0872735541,1.10202993,1.10548028,-19.1505303,64.4905966,208.279387,-7.96059367,-1.52099939,-30.6316661,False,False
NGC 6624,-353.2,266.412471,-30.6649585,7.03936625,-1.47234993,-0.90614092,-1.0861194,-0.18085694,-0.108532998,1.10107429,1.10641041,-20.9049129,64.8358389,207.439147,-7.92686769,-1.53838922,-32.8121147,False,False
NGC 6624,-353.3,266.550736,-30.8001218,7.04218667,-1.5259554,-1.07795813,-1.08389229,-0.187505169,-0.129698148,1.09999122,1.10761108,-22.6457185,65.174798,206.437178,-7.88859025,-1.55856677,-34.9664869,False,False
NGC 6624,-353.4,266.688205,-30.9347499,7.04525192,-1.57976283,-1.24870326,-1.08148792,-0.194187716,-0.150753018,1.09878341,1.10907685,-24.3712183,65.5068428,205.284389,-7.84606383,-1.58133881,-37.0913727,False,False
NGC 6624,-353.5,266.824744,-31.0687661,7.04855892,-1.63376221,-1.41824117,-1.07890792,-0.200903842,-0.171682759,1.09745372,1.11080134,-26.0798124,65.8313556,203.99205,-7.7996023,-1.60650754,-39.1836968,False,False
NGC 6624,-353.6,266.960231,-31.2020991,7.05210424,-1.68794309,-1.58644684,-1.07615411,-0.207652745,-0.192473674,1.09600517,1.11277736,-27.7700365,66.1477369,202.57138,-7.74951998,-1.63387714,-41.2407183,False,False
NGC 6624,-353.7,267.094552,-31.3346832,7.05588422,-1.74229461,-1.75320528,-1.07322844,-0.214433564,-0.213113198,1.09444097,1.11499699,-29.4405637,66.4554096,201.033243,-7.69612355,-1.6632586,-43.2600217,False,False
NGC 6624,-353.8,267.227603,-31.4664575,7.05989494,-1.79680556,-1.91841113,-1.07013298,-0.22124538,-0.233589851,1.09276444,1.11745172,-31.0902035,66.753822,199.38795,-7.63970657,-1.69447276,-45.2395005,False,False
NGC 6624,-353.9,267.359286,-31.597366,7.06413227,-1.85146433,-2.08196817,-1.06686992,-0.228087219,-0.253893171,1.09097902,1.12013256,-32.7178987,67.0424511,197.645141,-7.58054616,-1.72735208,-47.1773382,True,True
NGC 6624,-354,267.489513,-31.7273575,7.06859191,-1.90625901,-2.24378878,-1.06344156,-0.234958056,-0.274013649,1.08908826,1.12303015,-34.3227199,67.320805,195.813731,-7.51890136,-1.76174135,-49.0719867,True,True
NGC 6624,-354.1,267.618203,-31.8563846,7.07326941,-1.96117739,-2.40379328,-1.05985028,-0.241856815,-0.293942648,1.08709583,1.12613481,-35.9038598,67.5884244,193.901908,-7.45501271,-1.79749772,-50.9221456,True,True
NGC 6624,-354.2,267.745282,-31.9844039,7.07816018,-2.016207,-2.56190939,-1.05609853,-0.248782376,-0.313672331,1.08500543,1.12943663,-37.4606258,67.8448837,191.917149,-7.38910252,-1.83449024,-52.7267412,True,True
NGC 6624,-354.3,267.870682,-32.1113757,7.08325954,-2.07133515,-2.71807162,-1.05218884,-0.255733578,-0.333195595,1.08282086,1.13292556,-38.9924331,68.089792,189.866261,-7.32137574,-1.87259918,-54.4849065,True,True
NGC 6624,-354.4,267.994341,-32.2372634,7.08856271,-2.12654893,-2.87222071,-1.04812379,-0.262709222,-0.352505996,1.08054598,1.13659144,-40.4987971,68.3227925,187.755431,-7.25202103,-1.91171518,-56.1959631,True,True
NGC 6624,-354.5,268.116202,-32.3620333,7.09406484,-2.18183527,-3.02430316,-1.043906,-0.269708072,-0.371597696,1.07818467,1.14042406,-41.9793261,68.5435629,185.590278,-7.1812119,-1.9517384,-57.8594035,True,True
NGC 6624,-354.6,268.236214,-32.4856546,7.09976105,-2.23718098,-3.17427074,-1.03953813,-0.276728862,-0.390465405,1.07574085,1.14441322,-43.4337141,68.7518142,183.3759,-7.10910801,-1.99257762,-59.4748753,True,True
NGC 6624,-354.7,268.35433,-32.6080989,7.1056464,-2.29257276,-3.32208008,-1.03502286,-0.2837703,-0.409104329,1.07321848,1.14854876,-44.8617335,68.9472898,181.116931,-7.03585628,-2.03414946,-61.0421666,True,True
NGC 6624,-354.8,268.470507,-32.7293403,7.11171594,-2.3479972,-3.46769226,-1.03036291,-0.290831065,-0.427510127,1.07062151,1.1528206,-46.263229,69.1297647,178.817583,-6.96159206,-2.07637763,-62.5611922,True,True
NGC 6624,-354.9,268.584706,-32.8493548,7.11796471,-2.40344089,-3.61107246,-1.02556098,-0.29790982,-0.445678867,1.06795392,1.15721875,-47.6381104,69.2990437,176.481687,-6.8864401,-2.11919221,-64.0319812,True,True
NGC 6624,-355,268.696893,-32.9681206,7.12438775,-2.45889036,-3.75218968,-1.0206198,-0.305005205,-0.463606994,1.06521967,1.16173336,-48.9863472,69.4549599,174.112734,-6.81051552,-2.1625291,-65.4546657,True,True
NGC 6624,-355.1,268.807034,-33.0856176,7.13098011,-2.51433215,-3.89101639,-1.0155421,-0.312115846,-0.481291291,1.06242273,1.16635473,-50.3079627,69.5973735,171.71391,-6.73392465,-2.2063294,-66.8294701,True,True
NGC 6624,-355.2,268.915102,-33.2018275,7.13773687,-2.56975282,-4.02752828,-1.01033059,-0.319240357,-0.498728856,1.05956704,1.17107335,-51.6030284,69.72617,169.288121,-6.6567658,-2.25053899,-68.1567015,True,True
NGC 6624,-355.3,269.02107,-33.3167332,7.14465312,-2.62513897,-4.16170405,-1.00498799,-0.326377339,-0.515917068,1.05665653,1.17587986,-52.8716595,69.8412584,166.838027,-6.57912993,-2.29510806,-69.4367407,True,True
NGC 6624,-355.4,269.124915,-33.4303196,7.15172401,-2.68047727,-4.29352515,-0.999516989,-0.333525388,-0.532853566,1.05369512,1.18076514,-54.1140098,69.9425698,164.366062,-6.50110127,-2.33999075,-70.6700343,True,True
NGC 6624,-355.5,269.226617,-33.5425726,7.15894471,-2.73575446,-4.42297559,-0.993920268,-0.340683091,-0.549536232,1.05068666,1.18572026,-55.330268,70.0300557,161.874457,-6.42275788,-2.3851448,-71.8570871,True,True
NGC 6624,-355.6,269.326157,-33.6534794,7.16631045,-2.79095738,-4.55004174,-0.988200484,-0.347849034,-0.565963161,1.04763503,1.19073651,-56.5206529,70.1036864,159.365259,-6.34417211,-2.43053123,-72.9984553,True,True
NGC 6624,-355.7,269.423519,-33.7630284,7.17381652,-2.84607299,-4.67471222,-0.98236027,-0.355021797,-0.582132654,1.044544,1.19580542,-57.6854105,70.1634498,156.840347,-6.26541112,-2.47611414,-74.0947404,True,True
NGC 6624,-355.8,269.518688,-33.8712092,7.18145824,-2.90108834,-4.79697763,-0.976402234,-0.362199964,-0.598043191,1.04141737,1.20091873,-58.8248105,70.2093495,154.301448,-6.18653721,-2.52186038,-75.146583,True,True
NGC 6624,-355.9,269.611653,-33.9780122,7.18923103,-2.95599066,-4.91683049,-0.970328955,-0.369382116,-0.613693425,1.03825884,1.20606843,-59.9391426,70.2414035,151.750151,-6.1076082,-2.56773939,-76.1546582,True,True
NGC 6624,-356,269.702402,-34.0834289,7.19713035,-3.01076729,-5.0342651,-0.96414298,-0.37656684,-0.629082164,1.03507211,1.21124673,-61.0287145,70.2596433,149.187918,-6.02867781,-2.61372301,-77.1196702,True,True
NGC 6624,-356.1,269.790927,-34.1874517,7.20515172,-3.06540574,-5.14927736,-0.957846826,-0.383752725,-0.644208358,1.03186079,1.2164461,-62.0938489,70.2641121,146.616095,-5.94979587,-2.65978528,-78.0423485,True,True
NGC 6624,-356.2,269.877219,-34.2900737,7.21329076,-3.11989369,-5.26186471,-0.951442975,-0.390938365,-0.659071092,1.02862847,1.22165922,-63.134881,70.254864,144.035923,-5.87100868,-2.70590231,-78.9234437,True,True
NGC 6624,-356.3,269.961274,-34.3912888,7.22154314,-3.17421898,-5.372026,-0.944933874,-0.39812236,-0.673669571,1.02537868,1.22687902,-64.1521567,70.2319626,141.448544,-5.79235919,-2.75205209,-79.7637237,True,True
NGC 6624,-356.4,270.043087,-34.4910917,7.2299046,-3.22836964,-5.47976137,-0.938321934,-0.405303319,-0.688003112,1.02211488,1.23209866,-65.1460306,70.1954802,138.855012,-5.71388728,-2.79821444,-80.5639706,True,True
NGC 6624,-356.5,270.122653,-34.5894777,7.23837098,-3.28233387,-5.58507218,-0.931609532,-0.412479855,-0.702071136,1.01884049,1.23731153,-66.1168637,70.1454969,136.256298,-5.63562995,-2.84437081,-81.3249777,True,True
NGC 6624,-356.6,270.199971,-34.6864428,7.24693817,-3.33610005,-5.68796092,-0.924799003,-0.419650592,-0.71587316,1.01555887,1.24251125,-67.0650227,70.0820993,133.653297,-5.55762147,-2.89050419,-82.0475471,True,True
NGC 6624,-356.7,270.27504,-34.7819834,7.25560215,-3.38965678,-5.78843112,-0.917892649,-0.426814163,-0.729408789,1.01227331,1.24769164,-67.9908779,70.00538,131.046836,-5.47989364,-2.93659907,-82.7324864,True,True
NGC 6624,-356.8,270.34786,-34.8760966,7.26435898,-3.44299283,-5.88648728,-0.910892731,-0.433969212,-0.742677707,1.00898704,1.25284677,-68.8948019,69.9154367,128.437674,-5.40247588,-2.98264126,-83.3806075,True,True
NGC 6624,-356.9,270.418431,-34.9687799,7.2732048,-3.49609717,-5.98213477,-0.903801474,-0.44111439,-0.755679675,1.00570324,1.2579709,-69.7771688,69.8123715,125.826514,-5.32539543,-3.02861787,-83.9927238,True,True
NGC 6624,-357,270.486756,-35.0600314,7.28213582,-3.54895898,-6.0753798,-0.896621061,-0.44824836,-0.768414522,1.00242502,1.26305851,-70.638353,69.6962901,123.214,-5.24867743,-3.07451718,-84.569649,True,True
NGC 6624,-357.1,270.552837,-35.1498495,7.29114833,-3.60156761,-6.16622935,-0.889353642,-0.455369798,-0.780882141,0.999155421,1.26810428,-71.478728,69.5673014,120.600726,-5.17234514,-3.12032861,-85.1121951,True,True
NGC 6624,-357.2,270.616677,-35.2382331,7.30023871,-3.65391265,-6.25469108,-0.882001325,-0.462477389,-0.793082481,0.995897421,1.2731031,-72.2986659,69.4255167,117.98724,-5.09641998,-3.16604263,-85.621171,True,True
NGC 6624,-357.3,270.678281,-35.3251813,7.3094034,-3.70598385,-6.34077332,-0.874566181,-0.46956983,-0.805015548,0.992653933,1.27805002,-73.0985367,69.2710496,115.374044,-5.02092167,-3.2116507,-86.0973814,True,True
NGC 6624,-357.4,270.737653,-35.4106937,7.31863893,-3.75777119,-6.42448496,-0.867050244,-0.47664583,-0.816681394,0.989427801,1.28294032,-73.8787072,69.1040147,112.761599,-4.94586834,-3.25714521,-86.5416255,True,True
NGC 6624,-357.5,270.7948,-35.4947701,7.32794192,-3.80926483,-6.50583547,-0.85945551,-0.483704109,-0.828080119,0.9862218,1.28776944,-74.6395408,68.924528,110.150328,-4.87127665,-3.30251941,-86.9546961,True,True
NGC 6624,-357.6,270.849727,-35.5774107,7.33730903,-3.86045514,-6.58483478,-0.851783938,-0.4907434,-0.839211863,0.983038637,1.29253298,-75.3813968,68.7327061,107.540618,-4.79716182,-3.34776738,-87.3373785,True,True
NGC 6624,-357.7,270.902442,-35.6586159,7.34673703,-3.91133265,-6.6614933,-0.844037451,-0.497762447,-0.850076804,0.979880948,1.29722675,-76.1046304,68.5286657,104.932824,-4.72353777,-3.39288397,-87.69045,True,True
NGC 6624,-357.8,270.95295,-35.7383864,7.35622276,-3.96188814,-6.73582184,-0.836217935,-0.504760007,-0.860675155,0.976751299,1.3018467,-76.8095913,68.3125235,102.327269,-4.6504172,-3.43786475,-88.0146787,True,True
NGC 6624,-357.9,271.001262,-35.8167229,7.36576312,-4.01211254,-6.80783158,-0.828327241,-0.511734849,-0.87100716,0.973652183,1.30638893,-77.4966247,68.084396,99.7242475,-4.57781161,-3.48270598,-88.3108237,True,True
NGC 6624,-358,271.047383,-35.8936266,7.3753551,-4.06199698,-6.87753404,-0.820367186,-0.518685751,-0.881073091,0.970586023,1.31084973,-78.1660698,67.8443987,97.1240267,-4.50573145,-3.52740456,-88.5796338,True,True
NGC 6624,-358.1,271.091324,-35.9690986,7.38499574,-4.11153277,-6.94494103,-0.812339551,-0.525611506,-0.890873248,0.967555167,1.31522551,-78.8182602,67.5926462,94.5268492,-4.43418612,-3.57195799,-88.8218474,True,True
NGC 6624,-358.2,271.133094,-36.0431405,7.39468218,-4.16071143,-7.01006466,-0.804246084,-0.532510918,-0.900407954,0.964561891,1.31951284,-79.4535238,67.3292522,91.932934,-4.36318407,-3.61636431,-89.0381922,True,True
NGC 6624,-358.3,271.172701,-36.1157537,7.40441161,-4.20952462,-7.07291725,-0.7960885,-0.539382802,-0.909677552,0.961608396,1.32370841,-80.0721822,67.0543287,89.3424779,-4.29273283,-3.66062214,-89.2293848,True,True
NGC 6624,-358.4,271.210157,-36.1869398,7.41418131,-4.25796422,-7.13351134,-0.787868481,-0.546225984,-0.918682406,0.958696808,1.32780907,-80.6745507,66.7679862,86.7556575,-4.22283911,-3.70473056,-89.3961302,True,True
NGC 6624,-358.5,271.24547,-36.2567008,7.4239886,-4.30602224,-7.19185965,-0.779587676,-0.553039303,-0.927422895,0.955829177,1.33181179,-81.2609384,66.4703334,84.17263,-4.1535088,-3.74868913,-89.539122,True,True
NGC 6624,-358.6,271.278653,-36.3250383,7.43383089,-4.3536909,-7.24797507,-0.771247705,-0.559821606,-0.935899414,0.953007478,1.33571365,-81.8316478,66.1614771,81.5935348,-4.08474706,-3.79249785,-89.6590422,True,True
NGC 6624,-358.7,271.309714,-36.3919545,7.44370565,-4.40096256,-7.30187061,-0.762850156,-0.566571754,-0.944112373,0.95023361,1.33951188,-82.386975,65.841522,79.0184944,-4.01655834,-3.83615715,-89.7565607,True,True
NGC 6624,-358.8,271.338666,-36.4574513,7.45361042,-4.44782977,-7.3535594,-0.754396587,-0.573288617,-0.952062191,0.947509392,1.34320381,-82.9272097,65.5105705,76.4476155,-3.94894643,-3.87966781,-89.8323355,True,True
NGC 6624,-358.9,271.365521,-36.5215307,7.46354279,-4.49428522,-7.40305466,-0.745888528,-0.579971074,-0.959749299,0.944836569,1.34678687,-83.4526348,65.1687228,73.8809902,-3.88191452,-3.923031,-89.8870129,True,True
NGC 6624,-359,271.390288,-36.584195,7.47350042,-4.54032175,-7.45036969,-0.737327478,-0.586618018,-0.967174136,0.942216805,1.35025861,-83.9635266,64.8160764,71.3186967,-3.81546521,-3.96624824,-89.9212268,True,True
NGC 6624,-359.1,271.412982,-36.6454462,7.48348104,-4.58593238,-7.49551783,-0.72871491,-0.593228347,-0.974337149,0.939651687,1.3536167,-84.4601552,64.4527266,68.7608005,-3.74960056,-4.00932134,-89.9355995,True,True
NGC 6624,-359.2,271.433612,-36.7052866,7.49348243,-4.63111025,-7.53851246,-0.720052269,-0.599800973,-0.981238789,0.93714272,1.35685889,-84.9427838,64.0787658,66.2073546,-3.68432213,-4.05225242,-89.9307412,True,True
NGC 6624,-359.3,271.452192,-36.7637182,7.50350243,-4.67584867,-7.57936699,-0.711340975,-0.606334815,-0.987879515,0.934691334,1.35998302,-85.4116693,63.6942838,63.658401,-3.61963101,-4.0950439,-89.9072502,True,True
NGC 6624,-359.4,271.468734,-36.8207435,7.51353895,-4.72014107,-7.61809481,-0.702582419,-0.612828801,-0.994259788,0.932298876,1.36298706,-85.8670619,63.2993676,61.1139709,-3.55552784,-4.13769843,-89.8657132,True,True
NGC 6624,-359.5,271.48325,-36.8763644,7.52358994,-4.76398103,-7.65470932,-0.693777969,-0.619281869,-1.00038007,0.929966614,1.36586902,-86.3092058,62.8941013,58.5740856,-3.49201284,-4.18021892,-89.8067051,True,True
NGC 6624,-359.6,271.495754,-36.9305832,7.53365343,-4.80736226,-7.6892239,-0.684928967,-0.625692964,-1.00624083,0.927695734,1.36862704,-86.7383385,62.4785662,56.0387569,-3.42908586,-4.22260851,-89.7307893,True,True
NGC 6624,-359.7,271.506257,-36.983402,7.54372747,-4.85027859,-7.72165187,-0.676036734,-0.63206104,-1.01184253,0.925487343,1.37125932,-87.1546912,62.0528405,53.507988,-3.36674639,-4.26487055,-89.6385176,True,True
NGC 6624,-359.8,271.514773,-37.0348231,7.55381019,-4.892724,-7.75200653,-0.667102563,-0.638385058,-1.01718564,0.923342467,1.37376415,-87.5584892,61.6169996,50.9817738,-3.30499357,-4.30700859,-89.5304309,True,True
NGC 6624,-359.9,271.521315,-37.0848483,7.56389977,-4.93469257,-7.7803011,-0.658127728,-0.644663988,-1.02227062,0.921262049,1.37613989,-87.9499515,61.1711157,48.4601015,-3.24382625,-4.34902637,-89.4070585,True,True
NGC 6624,-360,271.525896,-37.1334799,7.57399443,-4.97617849,-7.80654875,-0.649113479,-0.650896807,-1.02709794,0.919246954,1.37838498,-88.3292908,60.7152581,45.9429512,-3.18324298,-4.3909278,-89.2689192,True,True
NGC 6624,-360.1,271.528529,-37.1807197,7.58409246,-5.01717609,-7.83076254,-0.640061046,-0.657082497,-1.03166806,0.917297962,1.38049793,-88.6967143,60.2494929,43.430296,-3.12324202,-4.43271694,-89.1165206,True,True
NGC 6624,-360.2,271.529228,-37.2265697,7.59419217,-5.05767979,-7.85295548,-0.630971637,-0.663220049,-1.03598143,0.915415774,1.38247733,-89.0524229,59.7738829,40.922103,-3.06382143,-4.47439802,-88.9503601,True,True
NGC 6624,-360.3,271.528006,-37.2710319,7.60429195,-5.09768412,-7.87314045,-0.621846439,-0.669308459,-1.04003851,0.913601011,1.38432183,-89.3966119,59.2884882,38.4183329,-3.00497899,-4.5159754,-88.7709244,True,True
NGC 6624,-360.4,271.524876,-37.3141079,7.61439022,-5.13718371,-7.89133025,-0.612686622,-0.675346729,-1.04383976,0.911854211,1.38603014,-89.7294708,58.7933652,35.9189413,-2.94671229,-4.55745356,-88.5786899,True,True
NGC 6624,-360.5,271.519852,-37.3557996,7.62448545,-5.1761733,-7.90753756,-0.603493335,-0.681333867,-1.04738561,0.910175831,1.38760104,-90.0511836,58.2885676,33.4238783,-2.88901874,-4.59883711,-88.3741233,True,True
NGC 6624,-360.6,271.512948,-37.3961085,7.63457614,-5.2146477,-7.92177493,-0.594267708,-0.687268886,-1.05067651,0.90856625,1.38903339,-90.3619287,57.7741456,30.9330894,-2.83189554,-4.64013078,-88.1576812,True,True
NGC 6624,-360.7,271.504176,-37.4350363,7.64466087,-5.25260184,-7.93405482,-0.585010854,-0.693150805,-1.05371288,0.907025765,1.39032607,-90.661879,57.2501461,28.4465151,-2.77533975,-4.68133939,-87.9298107,True,True
NGC 6624,-360.8,271.493552,-37.4725845,7.65473824,-5.29003071,-7.94438951,-0.575723869,-0.698978646,-1.05649517,0.905554593,1.39147805,-90.9512021,56.7166131,25.9640922,-2.71934825,-4.72246784,-87.6909492,True,True
NGC 6624,-360.9,271.481088,-37.5087545,7.66480688,-5.3269294,-7.95279119,-0.566407831,-0.704751435,-1.05902378,0.904152872,1.39248834,-91.2300604,56.1735871,23.4857531,-2.66391782,-4.76352116,-87.4415253,True,True
NGC 6624,-361,271.466799,-37.5435475,7.67486549,-5.36329307,-7.95927188,-0.557063802,-0.710468205,-1.06129914,0.902820663,1.39335602,-91.4986111,55.6211054,21.0114268,-2.60904509,-4.80450443,-87.1819582,True,True
NGC 6624,-361.1,271.450698,-37.5769649,7.6849128,-5.39911695,-7.96384348,-0.547692829,-0.71612799,-1.06332164,0.901557948,1.39408022,-91.7570062,55.0592021,18.5410385,-2.55472658,-4.84542281,-86.9126585,True,True
NGC 6624,-361.2,271.432798,-37.6090076,7.69494756,-5.43439635,-7.96651772,-0.538295942,-0.721729828,-1.0650917,0.90036463,1.3946601,-92.005393,54.4879079,16.0745105,-2.50095873,-4.88628152,-86.634028,True,True
NGC 6624,-361.3,271.413115,-37.6396767,7.7049686,-5.46912666,-7.96730618,-0.528874158,-0.72727276,-1.06660969,0.899240537,1.3950949,-92.2439135,53.9072503,13.6117621,-2.44773786,-4.92708587,-86.3464604,True,True
NGC 6624,-361.4,271.391661,-37.6689732,7.71497474,-5.5033033,-7.96622029,-0.519428479,-0.73275583,-1.06787601,0.898185422,1.3953839,-92.4727052,53.3172535,11.1527095,-2.39506024,-4.9678412,-86.0503407,True,True
NGC 6624,-361.5,271.36845,-37.6968978,7.72496489,-5.53692178,-7.96327132,-0.509959893,-0.738178084,-1.06889102,0.897198961,1.39552642,-92.6919008,52.7179383,8.69726685,-2.34292205,-5.00855291,-85.7460465,True,True
NGC 6624,-361.6,271.343497,-37.7234511,7.73493794,-5.56997765,-7.95847038,-0.500469375,-0.743538568,-1.06965509,0.896280758,1.39552184,-92.9016282,52.1093223,6.24534551,-2.29131941,-5.04922645,-85.433947,True,True
NGC 6624,-361.7,271.316815,-37.7486339,7.74489287,-5.60246653,-7.95182841,-0.490957886,-0.748836335,-1.07016857,0.895430345,1.39536958,-93.102011,51.4914198,3.79685489,-2.24024842,-5.08986733,-85.1144043,True,True
NGC 6624,-361.8,271.288418,-37.7724464,7.75482865,-5.63438407,-7.94335618,-0.481426377,-0.754070433,-1.07043182,0.894647179,1.39506912,-93.293168,50.8642416,1.35170234,-2.18970509,-5.13048106,-84.7877728,True,True
NGC 6624,-361.9,271.258321,-37.7948891,7.76474431,-5.66572598,-7.9330643,-0.471875786,-0.759239914,-1.07044516,0.893930649,1.39461997,-93.4752138,50.2277954,-1.09020657,-2.13968545,-5.17107322,-84.4543997,True,True
NGC 6624,-362,271.226536,-37.8159622,7.77463892,-5.69648801,-7.92096321,-0.462307037,-0.764343832,-1.07020893,0.893280074,1.39402168,-93.6482585,49.5820852,-3.52896793,-2.09018545,-5.21164942,-84.1146253,True,True
NGC 6624,-362.1,271.193078,-37.8356657,7.78451155,-5.72666594,-7.90706317,-0.452721046,-0.769381239,-1.06972344,0.892694705,1.39327387,-93.8124082,48.9271121,-5.96467932,-2.04120107,-5.25221527,-83.7687831,True,True
NGC 6624,-362.2,271.157961,-37.8539997,7.79436133,-5.75625559,-7.89137427,-0.443118718,-0.774351187,-1.068989,0.892173727,1.39237619,-93.9677645,48.2628733,-8.39743961,-1.99272824,-5.29277644,-83.4171998,True,True
NGC 6624,-362.3,271.121198,-37.8709639,7.80418742,-5.78525283,-7.87390641,-0.433500947,-0.779252728,-1.06800591,0.891716259,1.39132832,-94.114425,47.589363,-10.8273489,-1.94476292,-5.3333386,-83.0601958,True,True
NGC 6624,-362.4,271.082804,-37.886558,7.813989,-5.81365353,-7.85466935,-0.423868618,-0.784084915,-1.06677444,0.891321355,1.39013002,-94.2524833,46.9065718,-13.2545081,-1.89730104,-5.37390744,-82.6980852,True,True
NGC 6624,-362.5,271.042793,-37.9007818,7.82376528,-5.8414536,-7.83367265,-0.414222605,-0.788846796,-1.06529489,0.89098801,1.38878106,-94.3820289,46.2144871,-15.6790193,-1.85033857,-5.41448869,-82.331176,True,True
NGC 6624,-362.6,271.001177,-37.9136345,7.83351551,-5.86864898,-7.81092568,-0.404563775,-0.793537421,-1.06356751,0.890715155,1.38728127,-94.5031474,45.5130925,-18.1009851,-1.80387147,-5.45508806,-81.9597703,True,True
NGC 6624,-362.7,270.957972,-37.9251156,7.84323897,-5.89523561,-7.78643767,-0.394892986,-0.798155837,-1.06159255,0.890501662,1.38563053,-94.6159205,44.8023686,-20.5205086,-1.75789574,-5.49571129,-81.5841645,True,True
NGC 6624,-362.8,270.913191,-37.9352242,7.85293496,-5.92120946,-7.76021764,-0.385211087,-0.802701088,-1.05937027,0.890346347,1.38382874,-94.720426,44.0822921,-22.9376935,-1.71240739,-5.53636413,-81.2046494,True,True
NGC 6624,-362.9,270.866848,-37.9439594,7.86260279,-5.9465665,-7.73227444,-0.375518919,-0.807172216,-1.0569009,0.890247968,1.38187588,-94.8167382,43.3528364,-25.3526436,-1.66740249,-5.57705235,-80.8215106,True,True
NGC 6624,-363,270.818957,-37.9513201,7.87224185,-5.97130272,-7.70261677,-0.365817317,-0.811568261,-1.05418465,0.890205231,1.37977195,-94.9049275,42.6139716,-27.7654629,-1.62287712,-5.61778169,-80.4350282,True,True
NGC 6624,-363.1,270.769532,-37.9573051,7.8818515,-5.99541411,-7.67125311,-0.356107109,-0.81588826,-1.05122175,0.890216785,1.377517,-94.9850605,41.865664,-30.1762553,-1.57882742,-5.65855792,-80.0454775,True,True
NGC 6624,-363.2,270.718586,-37.961913,7.89143115,-6.01889666,-7.63819179,-0.346389114,-0.820131243,-1.04801239,0.890281233,1.37511114,-95.0572004,41.1078763,-32.5851248,-1.53524957,-5.6993868,-79.6531288,True,True
NGC 6624,-363.3,270.666134,-37.9651423,7.90098025,-6.04174638,-7.60344098,-0.336664148,-0.82429624,-1.04455677,0.890397125,1.37255451,-95.1214067,40.3405679,-34.9921745,-1.49213983,-5.7402741,-79.2582476,True,True
NGC 6624,-363.4,270.612189,-37.9669914,7.91049826,-6.06395923,-7.56700864,-0.326933019,-0.828382275,-1.04085507,0.890562964,1.36984731,-95.1777356,39.5636945,-37.3975076,-1.44949449,-5.78122558,-78.8610952,True,True
NGC 6624,-363.5,270.556765,-37.9674586,7.91998465,-6.0855312,-7.52890257,-0.317196529,-0.832388367,-1.03690745,0.890777206,1.36698979,-95.2262394,38.777208,-39.8012261,-1.40730993,-5.822247,-78.461928,True,True
NGC 6624,-363.6,270.499876,-37.9665419,7.92943895,-6.10645827,-7.48913042,-0.307455477,-0.83631353,-1.03271408,0.891038266,1.36398224,-95.2669674,37.981057,-42.2034315,-1.36558258,-5.86334409,-78.0609984,True,True
NGC 6624,-363.7,270.441536,-37.9642393,7.93886068,-6.12673638,-7.44769965,-0.297710656,-0.840156773,-1.02827511,0.891344511,1.36082502,-95.2999651,37.175186,-44.6042241,-1.32430897,-5.90452261,-77.6585548,True,True
NGC 6624,-363.8,270.381759,-37.9605486,7.94824941,-6.14636147,-7.40461754,-0.287962853,-0.8439171,-1.02359067,0.891694272,1.35751852,-95.3252749,36.3595363,-47.003703,-1.28348569,-5.94578827,-77.2548414,True,True
NGC 6624,-363.9,270.320558,-37.9554674,7.95760471,-6.16532947,-7.35989123,-0.278212853,-0.847593506,-1.0186609,0.892085838,1.3540632,-95.3429357,35.534045,-49.4019659,-1.24310945,-5.98714679,-76.8500988,True,True
NGC 6624,-364,270.257949,-37.9489934,7.96692619,-6.18363625,-7.31352768,-0.268461436,-0.851184982,-1.01348591,0.89251746,1.35045959,-95.3529832,34.6986458,-51.7991088,-1.20317703,-6.02860387,-76.4445638,True,True
NGC 6624,-364.1,270.193943,-37.9411238,7.97621347,-6.20127769,-7.26553368,-0.25870938,-0.854690511,-1.00806581,0.892987353,1.34670825,-95.3554497,33.8532684,-54.1952258,-1.16368531,-6.07016519,-76.0384697,True,True
NGC 6624,-364.2,270.128556,-37.931856,7.9854662,-6.21824962,-7.21591587,-0.248957458,-0.858109069,-1.00240072,0.893493699,1.34280981,-95.3503644,32.9978388,-56.5904091,-1.12463129,-6.1118364,-75.6320463,True,True
NGC 6624,-364.3,270.061801,-37.921187,7.99468405,-6.23454785,-7.16468074,-0.239206441,-0.861439624,-0.996490702,0.894034645,1.33876498,-95.337753,32.1322791,-58.9847484,-1.08601208,-6.15362314,-75.2255205,True,True
NGC 6624,-364.4,269.993692,-37.9091138,8.00386671,-6.25016813,-7.1118346,-0.229457098,-0.864681135,-0.990335857,0.894608308,1.33457451,-95.3176382,31.2565076,-61.3783306,-1.04782489,-6.19553102,-74.8191156,True,True
NGC 6624,-364.5,269.924244,-37.8956332,8.01301388,-6.2651062,-7.05738363,-0.219710195,-0.867832555,-0.983936252,0.895212775,1.33023925,-95.2900395,30.3704387,-63.77124,-1.01006709,-6.23756561,-74.4130522,True,True
NGC 6624,-364.6,269.853469,-37.880742,8.02212532,-6.27935773,-7.00133386,-0.209966496,-0.870892824,-0.977291953,0.895846103,1.32576008,-95.2549732,29.4739827,-66.1635574,-0.972736167,-6.27973245,-74.007548,True,True
NGC 6624,-364.7,269.781383,-37.8644366,8.03120075,-6.29291836,-6.94369115,-0.200226765,-0.873860878,-0.970403015,0.896506325,1.321138,-95.2124525,28.5670462,-68.55536,-0.935829746,-6.32203705,-73.6028179,True,True
NGC 6624,-364.8,269.707998,-37.8467135,8.04023996,-6.30578367,-6.88446125,-0.190491763,-0.876735637,-0.963269488,0.897191445,1.31637403,-95.1624872,27.6495316,-70.9467213,-0.899345608,-6.36448487,-73.1990743,True,True
NGC 6624,-364.9,269.63333,-37.8275689,8.04924273,-6.3179492,-6.82364973,-0.180762252,-0.879516016,-0.955891413,0.897899445,1.31146933,-95.1050844,26.7213374,-73.3377103,-0.863281692,-6.40708133,-72.7965271,True,True
NGC 6624,-365,269.557393,-37.8069991,8.05820888,-6.32941041,-6.76126207,-0.171038991,-0.882200917,-0.948268825,0.898628285,1.30642511,-95.0402478,25.782358,-75.7283912,-0.827636106,-6.44983179,-72.3953836,True,True
NGC 6624,-365.1,269.480199,-37.7849998,8.06713823,-6.34016274,-6.69730359,-0.161322741,-0.884789231,-0.940401752,0.8993759,1.30124266,-94.967978,24.832484,-78.1188231,-0.792407133,-6.49274154,-71.9958491,True,True
NGC 6624,-365.2,269.401765,-37.7615672,8.07603063,-6.35020152,-6.6317795,-0.151614263,-0.887279838,-0.932290218,0.900140209,1.2959234,-94.8882728,23.8716016,-80.5090591,-0.757593246,-6.53581584,-71.5981268,True,True
NGC 6624,-365.3,269.322103,-37.7366967,8.08488595,-6.35952206,-6.56469488,-0.141914317,-0.889671607,-0.923934239,0.90091911,1.2904688,-94.8011267,22.8995931,-82.8991464,-0.723193117,-6.57905984,-71.2024178,True,True
NGC 6624,-365.4,269.241229,-37.7103842,8.09370407,-6.36811956,-6.49605471,-0.132223664,-0.891963393,-0.915333828,0.901710481,1.28488047,-94.7065311,21.9163366,-85.289125,-0.689205629,-6.62247864,-70.8089213,True,True
NGC 6624,-365.5,269.159156,-37.6826249,8.10248489,-6.37598917,-6.42586384,-0.122543067,-0.89415404,-0.906488996,0.902512189,1.2791601,-94.6044746,20.9217064,-87.6790276,-0.655629889,-6.66607724,-70.4178346,True,True
NGC 6624,-365.6,269.075899,-37.6534143,8.11122834,-6.38312596,-6.35412704,-0.112873289,-0.896242378,-0.897399749,0.90332208,1.2733095,-94.4949426,19.9155724,-90.0688786,-0.622465245,-6.70986053,-70.0293537,True,True
NGC 6624,-365.7,268.991473,-37.6227476,8.11993435,-6.38952493,-6.28084897,-0.103215097,-0.898227223,-0.88806609,0.904137988,1.26733061,-94.3779174,18.8978005,-92.4586932,-0.589711296,-6.75383331,-69.6436728,True,True
NGC 6624,-365.8,268.905892,-37.5906198,8.12860288,-6.39518098,-6.20603421,-0.0935692568,-0.900107379,-0.878488023,0.904957733,1.26122548,-94.2533786,17.8682528,-94.8484771,-0.557367911,-6.79800024,-69.2609846,True,True
NGC 6624,-365.9,268.819172,-37.5570259,8.1372339,-6.40008893,-6.12968726,-0.0839365385,-0.901881633,-0.868665553,0.905779124,1.25499628,-94.1213026,16.8267869,-97.2382251,-0.525435247,-6.84236588,-68.8814806,True,True
NGC 6624,-366,268.731325,-37.5219609,8.14582739,-6.40424353,-6.05181255,-0.0743177144,-0.903548759,-0.858598682,0.906599957,1.24864534,-93.9816628,15.7732569,-99.6279201,-0.493913768,-6.88693461,-68.5053511,True,True
NGC 6624,-366.1,268.642369,-37.4854193,8.15438337,-6.40763941,-5.97241444,-0.0647135595,-0.905107517,-0.848287418,0.907418019,1.24217511,-93.8344297,14.7075127,-102.017532,-0.462804266,-6.93171064,-68.1327852,True,True
NGC 6624,-366.2,268.552317,-37.447396,8.16290186,-6.41027113,-5.89149725,-0.0551248519,-0.906556648,-0.837731772,0.908231086,1.23558821,-93.6795709,13.6294004,-104.407018,-0.432107884,-6.97669804,-67.763971,True,True
NGC 6624,-366.3,268.461185,-37.4078853,8.17138289,-6.41213314,-5.80906526,-0.0455523733,-0.90789488,-0.826931759,0.909036926,1.22888741,-93.517051,12.5387625,-106.796317,-0.40182614,-7.02190063,-67.3990958,True,True
NGC 6624,-366.4,268.368989,-37.3668818,8.17982652,-6.41321979,-5.72512272,-0.0359969092,-0.909120925,-0.815887402,0.909833299,1.22207565,-93.3468319,11.4354375,-109.185353,-0.371960956,-7.06732203,-67.038346,True,True
NGC 6624,-366.5,268.275743,-37.3243798,8.18823283,-6.41352533,-5.63967387,-0.026459249,-0.910233474,-0.804598733,0.91061796,1.21515604,-93.1688725,10.3192607,-111.574032,-0.342514687,-7.1129656,-66.6819073,True,True
NGC 6624,-366.6,268.181464,-37.2803736,8.1966019,-6.4130439,-5.55272294,-0.0169401867,-0.911231207,-0.793065795,0.911388656,1.20813188,-92.9831288,9.19006387,-113.962238,-0.313490155,-7.15883444,-66.329965,True,True
NGC 6624,-366.7,268.086167,-37.2348573,8.20493383,-6.41176954,-5.46427419,-0.00744052057,-0.912112783,-0.781288641,0.91214313,1.20100667,-92.7895543,8.04767558,-116.349834,-0.284890682,-7.20493132,-65.9827037,True,True
NGC 6624,-366.8,267.989868,-37.1878252,8.21322876,-6.40969616,-5.37433189,0.0020389459,-0.912876843,-0.769267343,0.91287912,1.19378412,-92.5880995,6.89192146,-118.736657,-0.256720136,-7.25125868,-65.6403077,True,True
NGC 6624,-366.9,267.892584,-37.1392712,8.2214868,-6.40681759,-5.2829004,0.0114974042,-0.913522012,-0.757001989,0.913594361,1.18646815,-92.3787125,5.7226244,-121.122519,-0.228982966,-7.29781857,-65.3029611,True,True
NGC 6624,-367,267.794331,-37.0891893,8.22970811,-6.40312751,-5.1899841,0.0209340402,-0.914046895,-0.744492688,0.914286585,1.1790629,-92.1613385,4.53960487,-123.5072,-0.20168426,-7.34461262,-64.9708476,True,True
NGC 6624,-367.1,267.695126,-37.0375737,8.23789287,-6.3986195,-5.09558751,0.0303480344,-0.914450079,-0.731739575,0.914953524,1.17157277,-91.9359206,3.34268122,-125.890449,-0.174829791,-7.39164201,-64.6441511,True,True
NGC 6624,-367.2,267.594986,-36.9844183,8.24604125,-6.39328702,-4.99971525,0.0397385609,-0.914730134,-0.718742808,0.915592907,1.1640024,-91.7023991,2.13167012,-128.271979,-0.148426082,-7.43890735,-64.3230553,True,True
NGC 6624,-367.3,267.493929,-36.9297169,8.25415346,-6.38712341,-4.90237207,0.0491047878,-0.91488561,-0.705502581,0.916202466,1.15635671,-91.4607121,0.906386972,-130.651463,-0.122480466,-7.4864087,-64.0077439,True,True
NGC 6624,-367.4,267.391971,-36.8734637,8.2622297,-6.38012187,-4.80356292,0.0584458769,-0.914915036,-0.692019122,0.916779932,1.1486409,-91.2107958,-0.333353544,-133.02853,-0.0970011658,-7.53414547,-63.6984011,True,True
NGC 6624,-367.5,267.289132,-36.8156527,8.27027021,-6.37227551,-4.70329295,0.067760983,-0.914816926,-0.678292699,0.917323039,1.14086044,-90.9525839,-1.58773689,-135.402761,-0.0719973682,-7.58211633,-63.395211,True,True
NGC 6624,-367.6,267.185429,-36.7562779,8.27827523,-6.36357729,-4.60156754,0.0770492545,-0.914589771,-0.664323625,0.917829525,1.13302115,-90.6860086,-2.856948,-137.773684,-0.0474793207,-7.63031914,-63.0983583,True,True
NGC 6624,-367.7,267.080882,-36.6953334,8.28624502,-6.35402005,-4.49839236,0.0863098324,-0.914232047,-0.650112265,0.918297132,1.12512914,-90.4110002,-4.14117051,-140.140766,-0.0234584301,-7.67875087,-62.808028,True,True
NGC 6624,-367.8,266.975509,-36.6328136,8.29417987,-6.34359653,-4.39377339,0.0955418506,-0.913742208,-0.635659043,0.918723608,1.11719089,-90.1274876,-5.44058588,-142.503412,5.26246324e-05,-7.72740747,-62.5244053,True,True
NGC 6624,-367.9,266.869332,-36.5687128,8.30208005,-6.33229933,-4.28771701,0.104744436,-0.913118692,-0.620964445,0.919106709,1.10921323,-89.8353987,-6.7553724,-144.86095,0.0230397642,-7.77628377,-62.2476763,True,True
NGC 6624,-368,266.762369,-36.5030255,8.30994588,-6.32012092,-4.18023001,0.113916707,-0.912359918,-0.606029031,0.919444199,1.10120335,-89.53466,-8.08570404,-147.212629,0.0454873684,-7.82537335,-61.9780272,True,True
NGC 6624,-368.1,266.654643,-36.4357466,8.31777768,-6.30705368,-4.07131965,0.123057775,-0.911464287,-0.590853444,0.919733854,1.09316886,-89.2251979,-9.43174922,-149.557609,0.0673781154,-7.87466837,-61.715645,True,True
NGC 6624,-368.2,266.546174,-36.366871,8.3255758,-6.29308985,-3.96099375,0.132166746,-0.910430184,-0.575438415,0.919973461,1.08511775,-88.9069382,-10.7936693,-151.894949,0.0886928017,-7.9241594,-61.460717,True,True
NGC 6624,-368.3,266.436986,-36.2963941,8.33334057,-6.27822159,-3.84926077,0.141242715,-0.909255977,-0.559784778,0.920160821,1.07705846,-88.5798071,-12.1716172,-154.223596,0.10941014,-7.97383528,-61.213431,True,True
NGC 6624,-368.4,266.327102,-36.2243114,8.34107238,-6.26244094,-3.73612984,0.15028477,-0.90794002,-0.543893481,0.920293753,1.06899987,-88.2437313,-13.5657351,-156.542374,0.129506533,-8.02368284,-60.9739749,True,True
NGC 6624,-368.5,266.216546,-36.1506191,8.34877161,-6.24573983,-3.62161089,0.159291995,-0.906480653,-0.5277656,0.920370096,1.06095129,-87.8986388,-14.9761529,-158.849965,0.148955811,-8.0736867,-60.742537,True,True
NGC 6624,-368.6,266.105342,-36.0753136,8.35643865,-6.22811014,-3.50571477,0.168263462,-0.904876202,-0.511402354,0.920387708,1.05292255,-87.5444595,-16.4029855,-161.144899,0.167728947,-8.123829,-60.5193053,True,True
NGC 6624,-368.7,265.993518,-35.998392,8.36407393,-6.20954364,-3.3884533,0.177198239,-0.903124983,-0.494805118,0.920344474,1.04492395,-87.1811256,-17.8463306,-163.425528,0.185793721,-8.17408907,-60.3044677,True,True
NGC 6624,-368.8,265.8811,-35.919852,8.37167787,-6.19003204,-3.26983944,0.186095387,-0.901225304,-0.477975449,0.920238307,1.03696628,-86.8085725,-19.3062655,-165.69001,0.203114348,-8.22444309,-60.0982111,True,True
NGC 6624,-368.9,265.768117,-35.8396919,8.37925093,-6.16956701,-3.14988743,0.19495396,-0.899175465,-0.460915101,0.920067152,1.02906088,-86.4267401,-20.7828439,-167.936285,0.219651059,-8.27486373,-59.9007211,True,True
NGC 6624,-369,265.654599,-35.7579111,8.38679355,-6.14814017,-3.02861294,0.203773005,-0.896973763,-0.443626052,0.919828989,1.02121959,-86.035573,-22.2760927,-170.162045,0.235359624,-8.32531966,-59.7121815,True,True
NGC 6624,-369.1,265.540578,-35.6745096,8.39430623,-6.12574313,-2.90603323,0.212551565,-0.894618491,-0.42611053,0.919521839,1.01345478,-85.6350222,-23.7860074,-172.364705,0.250190805,-8.3757751,-59.5327733,True,True
NGC 6624,-369.2,265.426087,-35.5894888,8.40178945,-6.10236748,-2.78216738,0.221288679,-0.892107948,-0.408371042,0.91914377,1.00577939,-85.2250462,-25.3125483,-174.54137,0.264089762,-8.42618925,-59.3626735,True,True
NGC 6624,-369.3,265.311162,-35.502851,8.40924371,-6.07800487,-2.6570365,0.229983381,-0.889440437,-0.39041041,0.918692901,0.998206859,-84.8056121,-26.8556351,-176.688795,0.276995366,-8.47651565,-59.2020538,True,True
NGC 6624,-369.4,265.19584,-35.4146001,8.41666954,-6.05264698,-2.53066395,0.238634702,-0.886614271,-0.372231806,0.918167407,0.990751182,-84.3766976,-28.415142,-178.803342,0.288839438,-8.52670153,-59.0510792,True,True
NGC 6624,-369.5,265.080161,-35.3247416,8.42406746,-6.02628558,-2.40307569,0.247241672,-0.883627781,-0.353838797,0.917565529,0.983426863,-83.9382923,-29.9908915,-180.880935,0.299545903,-8.57668699,-58.9099055,True,True
NGC 6624,-369.6,264.964168,-35.2332827,8.43143803,-5.99891255,-2.27430054,0.255803321,-0.880479316,-0.335235394,0.916885579,0.976248909,-83.4903996,-31.5826483,-182.917002,0.30902988,-8.62640423,-58.778677,True,True
NGC 6624,-369.7,264.847907,-35.1402326,8.43878179,-5.97051995,-2.14437052,0.264318679,-0.877167253,-0.316426098,0.916125949,0.969232805,-83.0330394,-33.1901124,-184.906426,0.317196695,-8.67577656,-58.6575229,True,True
NGC 6624,-369.8,264.731425,-35.0456028,8.44609931,-5.94110002,-2.01332131,0.27278678,-0.873690006,-0.297415969,0.915285122,0.962394468,-82.5662494,-34.8129115,-186.84348,0.323940834,-8.72471753,-58.5465539,True,True
NGC 6624,-369.9,264.614777,-34.9494075,8.45339116,-5.91064526,-1.88119258,0.281206661,-0.870046028,-0.278210681,0.914361678,0.955750208,-82.0900887,-36.4505937,-188.721769,0.329144885,-8.77312986,-58.4458568,False,False
NGC 6624,-370,264.498018,-34.8516636,8.46065791,-5.87914846,-1.74802855,0.289577369,-0.866233824,-0.258816604,0.913354307,0.949316662,-81.6046396,-38.102619,-190.534166,0.332678579,-8.82090453,-58.3554894,False,False
NGC 6624,-370.1,264.38121,-34.7523914,8.46790014,-5.84660279,-1.61387844,0.29789796,-0.862251959,-0.239240874,0.912261823,0.94311072,-81.1100115,-39.7683508,-192.272766,0.334397917,-8.86791986,-58.2754728,False,False
NGC 6624,-370.2,264.264419,-34.6516146,8.47511843,-5.81300184,-1.47879705,0.3061675,-0.858099067,-0.219491477,0.911083172,0.937149431,-80.6063432,-41.4470483,-193.928841,0.334144634,-8.91404078,-58.205784,False,False
NGC 6624,-370.3,264.147716,-34.5493611,8.48231335,-5.77833969,-1.34284525,0.314385075,-0.853773865,-0.199577336,0.909817448,0.931449892,-80.0938068,-43.1378577,-195.492824,0.331746148,-8.95911848,-58.1463461,False,False
NGC 6624,-370.4,264.031179,-34.4456629,8.48948544,-5.742611,-1.2060906,0.322549787,-0.849275165,-0.179508392,0.908463907,0.926029121,-79.572611,-44.8398048,-196.954334,0.32701628,-9.00299054,-58.0970178,False,False
NGC 6624,-370.5,263.914892,-34.3405571,8.49663525,-5.70581105,-1.06860783,0.330660764,-0.84460188,-0.159295689,0.907021983,0.9209039,-79.043004,-46.5517891,-198.30225,0.319757066,-9.04548179,-58.0575821,False,False
NGC 6624,-370.6,263.798944,-34.2340856,8.50376328,-5.6679359,-0.930479272,0.338717159,-0.839753048,-0.138951439,0.9054913,0.916090606,-78.5052769,-48.2725787,-199.524855,0.309762043,-9.08640623,-58.0277345,False,False
NGC 6624,-370.7,263.683433,-34.1262956,8.51087,-5.62898239,-0.791795185,0.346718159,-0.834727836,-0.118489073,0.903871695,0.911605014,-77.959766,-50.0008084,-200.610079,0.296821341,-9.12557024,-58.0070718,False,False
NGC 6624,-370.8,263.568462,-34.0172399,8.51795584,-5.58894826,-0.652653838,0.354662986,-0.829525558,-0.0979232609,0.902163226,0.907462093,-77.4068547,-51.7349801,-201.545842,0.280728873,-9.1627773,-57.995083,False,False
NGC 6624,-370.9,263.454141,-33.9069769,8.52502117,-5.54783226,-0.51316135,0.362550907,-0.82414569,-0.0772698892,0.900366191,0.903675779,-76.8469736,-53.4734684,-202.320505,0.261291566,-9.19783419,-57.9911443,False,False
NGC 6624,-371,263.340585,-33.7955701,8.53206629,-5.50563416,-0.373431171,0.370381232,-0.818587877,-0.0565459895,0.898481146,0.900258751,-76.2805994,-55.2145293,-202.923413,0.238340308,-9.23055865,-57.9945192,False,False
NGC 6624,-371.1,263.227916,-33.683088,8.53909141,-5.46235491,-0.233583178,0.378153323,-0.812851951,-0.035769608,0.896508912,0.89722221,-75.7082519,-56.9563153,-203.345483,0.211741655,-9.26078775,-58.0043667,False,False
NGC 6624,-371.2,263.116257,-33.5696033,8.54609668,-5.41799661,-0.0937423706,0.385866597,-0.806937935,-0.0149596139,0.894450592,0.894575683,-75.1304889,-58.6968944,-203.579779,0.181409,-9.28838613,-58.0197579,False,False
NGC 6624,-371.3,263.005733,-33.4551921,8.55308212,-5.37256262,0.0459627811,0.393520531,-0.800846054,0.0058645444,0.892307577,0.892326848,-74.5478986,-60.4342737,-203.621988,0.147311489,-9.31325315,-58.0397001,False,False
NGC 6624,-371.4,262.896469,-33.3399329,8.56004768,-5.32605754,0.185402256,0.401114662,-0.79457674,0.0266831239,0.890081551,0.890481419,-73.9610906,-62.166426,-203.470719,0.109479186,-9.33532762,-58.0631687,False,False
NGC 6624,-371.5,262.788586,-33.2239052,8.5669932,-5.27848727,0.324446544,0.40864859,-0.78813063,0.0474763955,0.887774498,0.889043063,-73.3706857,-63.8913186,-203.127572,0.0680034214,-9.35458945,-58.0891405,False,False
NGC 6624,-371.6,262.682204,-33.1071889,8.57391841,-5.22985896,0.462968618,0.416121979,-0.78150857,0.0682249388,0.885388698,0.888013395,-72.7773051,-65.6069404,-202.596973,0.023032234,-9.37105812,-58.1166277,False,False
NGC 6624,-371.7,262.577433,-32.9898625,8.58082296,-5.18018099,0.600845736,0.423534557,-0.77471161,0.0889099149,0.882926723,0.887392006,-72.1815597,-67.3113278,-201.885792,-0.0252383597,-9.38478818,-58.1447054,False,False
NGC 6624,-371.8,262.474378,-32.8720032,8.58770642,-5.12946297,0.737960929,0.430886111,-0.767740995,0.109513292,0.880391433,0.887176553,-71.584041,-69.0025874,-201.00283,-0.0765757665,-9.39586274,-58.1725335,False,False
NGC 6624,-371.9,262.373134,-32.7536851,8.59456827,-5.07771565,0.874204088,0.438176489,-0.760598162,0.130018012,0.877785965,0.887362881,-70.9853131,-70.6789136,-199.958245,-0.130723209,-9.40438607,-58.1993688,False,False
NGC 6624,-372,262.273788,-32.6349797,8.60140793,-5.02495083,1.00947266,0.445405596,-0.753284725,0.150408101,0.87511372,0.887945167,-70.3859062,-72.3386025,-198.762992,-0.187411559,-9.41047628,-58.2245694,False,False
NGC 6624,-372.1,262.176417,-32.5159548,8.60822479,-4.97118137,1.14367201,0.452573388,-0.74580247,0.170668726,0.872378355,0.888916087,-69.7863129,-73.9800609,-197.428337,-0.246369558,-9.41425881,-58.2475925,False,False
NGC 6624,-372.2,262.081089,-32.396675,8.61501816,-4.91642104,1.27671541,0.459679868,-0.738153336,0.190786203,0.869583767,0.890266984,-69.186985,-75.6018119,-195.965466,-0.307331859,-9.41586116,-58.2679874,False,False
NGC 6624,-372.3,261.987863,-32.2772013,8.62178734,-4.86068447,1.40852391,0.466725085,-0.730339409,0.210747978,0.866734076,0.891988042,-68.5883327,-77.2024971,-194.385194,-0.370044826,-9.41540888,-58.2853858,False,False
NGC 6624,-372.4,261.896791,-32.1575914,8.6285316,-4.80398708,1.53902592,0.473709128,-0.72236291,0.230542572,0.863833613,0.894068447,-67.9907245,-78.780876,-192.69778,-0.434270272,-9.41302292,-58.2994905,False,False
NGC 6624,-372.5,261.807915,-32.0378994,8.6352502,-4.74634501,1.66815682,0.48063212,-0.714226176,0.250159525,0.860886906,0.896496544,-67.3944878,-80.3358244,-190.912808,-0.499787537,-9.40881792,-58.310064,False,False
NGC 6624,-372.6,261.721272,-31.9181769,8.64194236,-4.687775,1.79585839,0.487494217,-0.705931658,0.26958932,0.857898664,0.899259984,-66.7999107,-81.86633,-189.039143,-0.56639428,-9.40290133,-58.3169186,False,False
NGC 6624,-372.7,261.636892,-31.7984722,8.64860731,-4.62829439,1.92207833,0.494295601,-0.697481902,0.288823306,0.85487376,0.902345858,-66.2072441,-83.3714883,-187.084914,-0.633906381,-9.39537313,-58.3199066,False,False
NGC 6624,-372.8,261.554797,-31.6788311,8.65524428,-4.56792097,2.04676974,0.50103648,-0.688879543,0.30785363,0.851817221,0.905740822,-65.6167031,-84.8504972,-185.057542,-0.702157253,-9.3863259,-58.3189124,False,False
NGC 6624,-372.9,261.475007,-31.559297,8.6618525,-4.506673,2.1698906,0.50771708,-0.680127291,0.326673163,0.848734213,0.909431207,-65.0284705,-86.3026509,-182.963774,-0.770996796,-9.37584519,-58.3138455,False,False
NGC 6624,-373,261.397536,-31.4399108,8.66843118,-4.44456909,2.29140335,0.514337646,-0.671227925,0.345275432,0.845630026,0.913403123,-64.4426979,-87.7273347,-180.809735,-0.840290177,-9.36400995,-58.3046348,False,False
NGC 6624,-373.1,261.322392,-31.3207116,8.67497955,-4.38162814,2.41127444,0.520898434,-0.662184283,0.363654561,0.842510061,0.917642547,-63.859509,-89.1240186,-178.600975,-0.909916539,-9.35089307,-58.2912243,False,False
NGC 6624,-373.2,261.249582,-31.2017362,8.68149685,-4.31786936,2.52947395,0.527399716,-0.652999251,0.381805216,0.83937982,0.922135406,-63.2790015,-90.4922514,-176.342524,-0.979767722,-9.33656194,-58.2735693,False,False
NGC 6624,-373.3,261.179109,-31.08302,8.6879823,-4.25331213,2.64597524,0.533841769,-0.64367576,0.399722552,0.836244892,0.926867648,-62.7012492,-91.831655,-174.038941,-1.04974704,-9.32107897,-58.251633,False,False
NGC 6624,-373.4,261.110971,-30.9645964,8.69443515,-4.18797601,2.76075464,0.540224878,-0.634216775,0.417402168,0.833110939,0.931825309,-62.1263042,-93.1419191,-171.694362,-1.11976815,-9.30450206,-58.225385,False,False
NGC 6624,-373.5,261.045167,-30.8464973,8.70085465,-4.1218807,2.87379117,0.546549332,-0.624625287,0.434840065,0.829983688,0.936994559,-61.5541988,-94.4227953,-169.312543,-1.18975399,-9.28688509,-58.1947986,False,False
NGC 6624,-373.6,260.981689,-30.7287533,8.70724006,-4.05504597,2.98506627,0.552815421,-0.614904315,0.452032614,0.826868917,0.942361762,-60.9849474,-95.6740924,-166.896898,-1.25963584,-9.26827829,-58.1598501,False,False
NGC 6624,-373.7,260.920531,-30.6113935,8.71359062,-3.98749166,3.09456359,0.559023438,-0.605056889,0.468976516,0.823772446,0.947913507,-60.4185481,-96.8956715,-164.450536,-1.32935246,-9.24872861,-58.1205177,False,False
NGC 6624,-373.8,260.861683,-30.4944458,8.71990562,-3.91923761,3.20226878,0.565173675,-0.595086055,0.485668777,0.820700125,0.953636648,-59.8549841,-98.0874412,-161.976291,-1.39884931,-9.22828009,-58.0767801,False,False
NGC 6624,-373.9,260.805135,-30.3779368,8.72618434,-3.85030368,3.30816931,0.571266418,-0.584994863,0.502106679,0.81765782,0.959518331,-59.2942257,-99.2493536,-159.47675,-1.46807788,-9.20697405,-58.0286166,False,False
NGC 6624,-374,260.750873,-30.261892,8.73242604,-3.78070968,3.41225428,0.577301954,-0.574786369,0.518287758,0.814651407,0.965546019,-58.7362307,-100.3814,-156.954279,-1.53699507,-9.18484943,-57.9760065,False,False
NGC 6624,-374.1,260.698884,-30.146336,8.73863003,-3.71047539,3.51451434,0.583280562,-0.564463624,0.534209781,0.811686761,0.971707511,-58.1809468,-101.483608,-154.411044,-1.60556264,-9.16194294,-57.9189286,False,False
NGC 6624,-374.2,260.649153,-30.0312921,8.74479559,-3.63962049,3.61494146,0.589202517,-0.55402968,0.549870728,0.80876974,0.977990956,-57.6283117,-102.556036,-151.849031,-1.67374672,-9.1382893,-57.8573614,False,False
NGC 6624,-374.3,260.601665,-29.916783,8.75092205,-3.56816457,3.71352891,0.595068085,-0.543487576,0.565268773,0.80590618,0.984384862,-57.0782547,-103.598772,-149.270064,-1.74151737,-9.11392138,-57.7912826,False,False
NGC 6624,-374.4,260.556402,-29.8028302,8.75700869,-3.49612713,3.81027109,0.600877527,-0.532840343,0.58040227,0.803101883,0.99087811,-56.5306975,-104.61193,-146.675819,-1.80884821,-9.08887035,-57.7206694,False,False
NGC 6624,-374.5,260.513348,-29.6894544,8.76305485,-3.42352753,3.90516342,0.606631094,-0.522091001,0.595269735,0.800362603,0.997459951,-55.985555,-105.595648,-144.067841,-1.87571605,-9.06316582,-57.6454984,False,False
NGC 6624,-374.6,260.472485,-29.5766756,8.76905984,-3.35038499,3.99820232,0.612329028,-0.511242551,0.609869837,0.797694042,1.00412001,-55.4427361,-106.550082,-141.447551,-1.94210059,-9.03683596,-57.5657454,False,False
NGC 6624,-374.7,260.433793,-29.4645129,8.775023,-3.27671859,4.08938506,0.617971562,-0.50029798,0.624201386,0.79510183,1.0108483,-54.9021448,-107.475409,-138.816262,-2.00798413,-9.00990758,-57.4813861,False,False
NGC 6624,-374.8,260.397255,-29.3529847,8.78094366,-3.20254725,4.17870972,0.623558919,-0.489260255,0.638263319,0.792591523,1.01763519,-54.3636801,-108.371821,-136.175185,-2.07335135,-8.98240626,-57.3923953,False,False
NGC 6624,-374.9,260.36285,-29.2421087,8.78682115,-3.1278897,4.26617513,0.62909131,-0.478132323,0.652054694,0.790168586,1.02447143,-53.8272374,-109.239523,-133.525443,-2.13818904,-8.95435638,-57.2987477,False,False
NGC 6624,-375,260.330559,-29.1319019,8.79265484,-3.05276451,4.35178079,0.634568938,-0.466917108,0.665574678,0.787838386,1.03134813,-53.2927085,-110.078735,-130.868071,-2.20248595,-8.92578126,-57.2004178,False,False
NGC 6624,-375.1,260.300363,-29.0223807,8.79844406,-2.97719009,4.43552681,0.639991992,-0.455617514,0.67882254,0.785606179,1.03825677,-52.7599823,-110.889685,-128.204029,-2.26623256,-8.89670314,-57.0973799,False,False
NGC 6624,-375.2,260.27224,-28.9135608,8.80418819,-2.90118462,4.51741388,0.645360651,-0.444236418,0.691797645,0.783477099,1.04518914,-52.2289453,-111.672611,-125.534209,-2.32942094,-8.86714333,-56.989608,False,False
NGC 6624,-375.3,260.246172,-28.8054573,8.80988657,-2.82476612,4.59744323,0.650675081,-0.432776673,0.704499444,0.781456147,1.05213743,-51.6994819,-112.42776,-122.859436,-2.39204462,-8.83712221,-56.8770764,False,False
NGC 6624,-375.4,260.222137,-28.6980848,8.81553858,-2.74795239,4.67561655,0.655935438,-0.421241109,0.716927471,0.779548184,1.05909413,-51.1714749,-113.155383,-120.180475,-2.45409842,-8.80665928,-56.7597596,False,False
NGC 6624,-375.5,260.200115,-28.5914574,8.8211436,-2.67076103,4.75193597,0.661141865,-0.409632526,0.729081333,0.777757913,1.06605204,-50.6448057,-113.855739,-117.49804,-2.51557834,-8.77577322,-56.637632,False,False
NGC 6624,-375.6,260.180086,-28.4855886,8.826701,-2.59320947,4.82640403,0.666294491,-0.397953699,0.74096071,0.776089876,1.07300432,-50.1193545,-114.52909,-114.81279,-2.57648147,-8.74448196,-56.5106686,False,False
NGC 6624,-375.7,260.162029,-28.3804913,8.83221016,-2.51531489,4.89902366,0.671393437,-0.386207378,0.752565345,0.77454844,1.07994439,-49.5950011,-115.175702,-112.125342,-2.63680585,-8.71280265,-56.3788445,False,False
NGC 6624,-375.8,260.145924,-28.276178,8.83767048,-2.43709429,4.96979811,0.676438807,-0.374396283,0.763895044,0.773137786,1.08686599,-49.0716244,-115.795843,-109.436266,-2.69655044,-8.68075174,-56.2421354,False,False
NGC 6624,-375.9,260.131751,-28.1726609,8.84308135,-2.35856447,5.03873095,0.681430695,-0.362523108,0.774949668,0.771861903,1.09376313,-48.5491032,-116.389782,-106.746095,-2.75571499,-8.64834503,-56.1005175,False,False
NGC 6624,-376,260.119489,-28.0699515,8.84844217,-2.279742,5.10582603,0.686369184,-0.350590518,0.78572913,0.770724573,1.10063011,-48.0273162,-116.957792,-104.055325,-2.81429995,-8.61559766,-55.9539674,False,False
NGC 6624,-376.1,260.109119,-27.9680611,8.85375233,-2.20064325,5.17108746,0.69125434,-0.338601152,0.796233393,0.76972937,1.10746147,-47.506142,-117.500143,-101.364416,-2.87230648,-8.58252414,-55.8024625,False,False
NGC 6624,-376.2,260.10062,-27.8670003,8.85901125,-2.1212844,5.23451961,0.696086222,-0.326557619,0.806462464,0.768879644,1.11425204,-46.9854597,-118.017108,-98.6737971,-2.92973631,-8.54913843,-55.6459806,False,False
NGC 6624,-376.3,260.093972,-27.7667797,8.86421834,-2.0416814,5.29612704,0.700864873,-0.314462501,0.816416395,0.768178518,1.12099686,-46.4651486,-118.508957,-95.9838692,-2.9865917,-8.51545389,-55.4845004,False,False
NGC 6624,-376.4,260.089156,-27.6674091,8.86937301,-1.96185001,5.35591454,0.705590325,-0.302318355,0.826095274,0.767628879,1.12769122,-45.9450885,-118.97596,-93.2950043,-3.04287544,-8.48148337,-55.318001,False,False
NGC 6624,-376.5,260.086152,-27.5688983,8.87447469,-1.88180577,5.41388704,0.710262598,-0.290127707,0.83549923,0.76723337,1.13433064,-45.4251597,-119.418385,-90.6075495,-3.09859071,-8.44723918,-55.1464626,False,False
NGC 6624,-376.6,260.084941,-27.4712565,8.87952281,-1.80156403,5.47004967,0.714881699,-0.277893057,0.844628422,0.76699439,1.14091085,-44.9052435,-119.8365,-87.9218279,-3.15374114,-8.41273315,-54.969866,False,False
NGC 6624,-376.7,260.085504,-27.3744928,8.88451678,-1.72113994,5.52440768,0.719447622,-0.265616877,0.853483044,0.76691408,1.14742778,-44.3852216,-120.230569,-85.2381406,-3.2083307,-8.37797662,-54.7881925,False,False
NGC 6624,-376.8,260.087822,-27.2786158,8.88945606,-1.64054844,5.57696648,0.723960352,-0.253301615,0.862063318,0.766994328,1.15387758,-43.8649769,-120.600854,-82.5567679,-3.26236367,-8.34298049,-54.6014246,False,False
NGC 6624,-376.9,260.091876,-27.1836337,8.89434007,-1.55980428,5.62773157,0.72841986,-0.240949687,0.870369494,0.767236759,1.16025657,-43.344393,-120.947615,-79.8779709,-3.31584464,-8.30775521,-54.4095453,False,False
NGC 6624,-377,260.097647,-27.0895548,8.89916827,-1.47892201,5.67670858,0.732826104,-0.228563488,0.878401848,0.767642734,1.16656126,-42.8233544,-121.271108,-77.2019926,-3.36877846,-8.27231081,-54.2125385,False,False
NGC 6624,-377.1,260.105118,-26.9963866,8.90394009,-1.39791598,5.72390322,0.737179033,-0.216145384,0.886160681,0.768213352,1.17278835,-42.3017468,-121.571586,-74.5290591,-3.4211702,-8.2366569,-54.0103889,False,False
NGC 6624,-377.2,260.11427,-26.9041368,8.908655,-1.31680037,5.76932128,0.741478583,-0.203697716,0.893646315,0.768949445,1.17893468,-41.7794568,-121.849299,-71.8593807,-3.47302517,-8.20080272,-53.803082,False,False
NGC 6624,-377.3,260.125085,-26.8128126,8.91331245,-1.23558914,5.81296865,0.745724678,-0.1912228,0.900859091,0.76985158,1.18499728,-41.2563723,-122.104496,-69.1931532,-3.52434882,-8.16475711,-53.5906039,False,False
NGC 6624,-377.4,260.137546,-26.722421,8.91791189,-1.15429609,5.85485124,0.749917231,-0.178722925,0.907799374,0.770920059,1.19097332,-40.7323819,-122.337417,-66.5305581,-3.57514679,-8.12852856,-53.3729417,False,False
NGC 6624,-377.5,260.151636,-26.6329687,8.92245281,-1.07293482,5.89497505,0.754056144,-0.166200358,0.914467543,0.772154924,1.19686011,-40.2073756,-122.548303,-63.8717644,-3.62542486,-8.09212522,-53.1500832,False,False
NGC 6624,-377.6,260.167337,-26.5444622,8.92693466,-0.991518766,5.93334611,0.758141307,-0.15365734,0.920863995,0.773555958,1.20265511,-39.6812444,-122.73739,-61.2169286,-3.67518894,-8.05555487,-52.9220169,False,False
NGC 6624,-377.7,260.184633,-26.4569079,8.93135692,-0.910061162,5.96997048,0.7621726,-0.141096089,0.926989143,0.775122686,1.20835593,-39.1538805,-122.90491,-58.566196,-3.72444504,-8.018825,-52.6887322,False,False
NGC 6624,-377.8,260.203507,-26.3703118,8.93571907,-0.82857508,6.00485426,0.766149891,-0.128518798,0.932843412,0.776854386,1.21396028,-38.6251771,-123.051089,-55.9197012,-3.77319926,-7.98194275,-52.4502191,False,False
NGC 6624,-377.9,260.223942,-26.2846799,8.94002059,-0.747073416,6.03800357,0.770073039,-0.11592764,0.938427243,0.77875009,1.21946603,-38.0950287,-123.176151,-53.2775687,-3.8214578,-7.94491498,-52.2064683,False,False
NGC 6624,-378,260.245924,-26.2000178,8.94426098,-0.665568894,6.06942453,0.773941888,-0.103324761,0.943741088,0.780808589,1.22487113,-37.5633308,-123.280318,-50.6399136,-3.86922691,-7.90774825,-51.9574712,False,False
NGC 6624,-378.1,260.269435,-26.116331,8.94843972,-0.584074071,6.0991233,0.777756277,-0.0907122887,0.94878541,0.783028445,1.23017369,-37.02998,-123.363803,-48.0068422,-3.91651289,-7.87044884,-51.70322,False,False
NGC 6624,-378.2,260.294461,-26.0336251,8.9525563,-0.50260134,6.12710601,0.781516031,-0.0780923266,0.953560684,0.785407995,1.23537189,-36.4948739,-123.426818,-45.3784525,-3.96332211,-7.83302275,-51.4437075,False,False
NGC 6624,-378.3,260.320985,-25.951905,8.95661024,-0.421162928,6.15337881,0.785220964,-0.0654669578,0.958067392,0.787945357,1.24046403,-35.9579114,-123.46957,-42.7548346,-4.00966094,-7.79547572,-51.1789271,False,False
NGC 6624,-378.4,260.348994,-25.8711758,8.96060102,-0.339770908,6.17794782,0.788870883,-0.0528382441,0.962306027,0.790638444,1.24544853,-35.4189923,-123.492263,-40.1360714,-4.05553579,-7.75781322,-50.9088728,False,False
NGC 6624,-378.5,260.378471,-25.7914424,8.96452817,-0.25843719,6.20081918,0.792465581,-0.0402082269,0.96627709,0.793484971,1.25032388,-34.8780175,-123.495095,-37.522239,-4.10095311,-7.72004049,-50.6335393,False,False
NGC 6624,-378.6,260.409404,-25.7127095,8.9683912,-0.177173536,6.22199897,0.796004844,-0.0275789273,0.969981088,0.79648246,1.25508869,-34.3348888,-123.47826,-34.9134068,-4.14591932,-7.68216252,-50.3529218,False,False
NGC 6624,-378.7,260.441776,-25.6349817,8.97218962,-0.095991554,6.24149327,0.799488446,-0.014952347,0.973418536,0.799628256,1.25974164,-33.7895091,-123.441949,-32.3096384,-4.19044086,-7.64418408,-50.067016,False,False
NGC 6624,-378.8,260.475575,-25.5582635,8.97592295,-0.0149027042,6.25930815,0.802916152,-0.00233046826,0.976589955,0.802919534,1.2642815,-33.2417822,-123.386348,-29.7109916,-4.23452416,-7.6061097,-49.7758183,False,False
NGC 6624,-378.9,260.510787,-25.4825592,8.97959072,0.0660816977,6.27544961,0.806287718,0.0102847454,0.979495871,0.80635331,1.26870715,-32.6916129,-123.311638,-27.1175189,-4.27817565,-7.5679437,-49.4793255,False,False
NGC 6624,-379,260.547397,-25.407873,8.98319247,0.146950478,6.28992366,0.809602888,0.0228913488,0.982136816,0.809926447,1.27301751,-32.1389068,-123.217997,-24.5292678,-4.32140173,-7.52969019,-49.1775349,False,False
NGC 6624,-379.1,260.585394,-25.334209,8.98672771,0.227692603,6.30273623,0.812861398,0.0354874148,0.984513326,0.813635674,1.27721161,-31.5835706,-123.105597,-21.9462811,-4.36420878,-7.49135307,-48.8704441,False,False
NGC 6624,-379.2,260.624763,-25.2615712,8.99019601,0.308297176,6.31389324,0.816062975,0.0480710336,0.986625942,0.817477586,1.28128855,-31.0255115,-122.974609,-19.3685975,-4.40660315,-7.45293605,-48.5580514,False,False
NGC 6624,-379.3,260.665491,-25.1899634,8.99359688,0.388753431,6.32340055,0.819207336,0.0606403125,0.988475208,0.821448664,1.2852475,-30.4646378,-122.825197,-16.7962512,-4.44859117,-7.41444265,-48.2403555,False,False
NGC 6624,-379.4,260.707567,-25.1193896,8.99692989,0.469050737,6.33126398,0.822294188,0.0731933755,0.990061671,0.825545275,1.28908771,-29.9008584,-122.65752,-14.229273,-4.49017912,-7.3758762,-47.9173551,False,False
NGC 6624,-379.5,260.750978,-25.0498534,9.00019459,0.549178587,6.3374893,0.825323228,0.0857283628,0.991385882,0.829763691,1.29280847,-29.3340831,-122.471737,-11.6676899,-4.53137324,-7.33723984,-47.5890498,False,False
NGC 6624,-379.6,260.795712,-24.9813584,9.00339052,0.6291266,6.34208222,0.828294147,0.0982434304,0.992448394,0.834100093,1.29640919,-28.7642223,-122.267998,-9.11152583,-4.57217974,-7.29853656,-47.2554392,False,False
NGC 6624,-379.7,260.841756,-24.9139082,9.00651726,0.70888452,6.34504839,0.831206624,0.11073675,0.993249762,0.838550583,1.29988929,-28.1911871,-122.046452,-6.56080149,-4.61260477,-7.25976915,-46.9165233,False,False
NGC 6624,-379.8,260.8891,-24.8475062,9.00957435,0.788442206,6.34639344,0.83406033,0.123206507,0.993790542,0.843111189,1.3032483,-27.6148893,-121.807243,-4.01553492,-4.65265444,-7.22094027,-46.5723023,False,False
NGC 6624,-379.9,260.937732,-24.7821559,9.01256138,0.867789635,6.34612289,0.836854926,0.135650902,0.994071295,0.847777881,1.30648577,-27.0352411,-121.550511,-1.47574156,-4.69233479,-7.18205239,-46.2227769,False,False
NGC 6624,-380,260.987641,-24.7178605,9.0154779,0.946916898,6.34424223,0.839590067,0.148068151,0.994092581,0.852546572,1.30960136,-26.4521556,-121.276391,1.0585655,-4.73165181,-7.14310785,-45.8679478,False,False
NGC 6624,-380.1,261.038816,-24.6546235,9.0183235,1.0258142,6.34075688,0.842265395,0.160456482,0.993854961,0.857413131,1.31259474,-25.8655462,-120.985015,3.5873753,-4.77061145,-7.10410883,-45.5078161,False,False
NGC 6624,-380.2,261.091246,-24.5924479,9.02109776,1.10447184,6.3356722,0.844880545,0.172814137,0.993358998,0.862373389,1.31546568,-25.2753268,-120.676511,6.11067881,-4.80921957,-7.06505736,-45.142383,False,False
NGC 6624,-380.3,261.14492,-24.531337,9.02380026,1.18288024,6.32899348,0.847435145,0.185139369,0.992605256,0.867423145,1.31821398,-24.6814118,-120.351001,8.6284687,-4.84748199,-7.02595533,-44.7716499,False,False
NGC 6624,-380.4,261.199829,-24.4712938,9.02643058,1.26102992,6.32072593,0.849928812,0.197430447,0.991594299,0.872558175,1.32083951,-24.0837161,-120.008606,11.1407392,-4.88540443,-6.98680452,-44.3956184,False,False
NGC 6624,-380.5,261.255962,-24.4123216,9.02898833,1.33891148,6.31087471,0.852361156,0.20968565,0.990326691,0.877774237,1.3233422,-23.482155,-119.649441,13.6474857,-4.92299259,-6.94760654,-44.0142901,False,False
NGC 6624,-380.6,261.313309,-24.3544232,9.03147308,1.41651565,6.2994449,0.854731775,0.221903267,0.988802997,0.88306708,1.325722,-22.8766439,-119.273618,16.1487049,-4.96025205,-6.9083629,-43.6276669,False,False
NGC 6624,-380.7,261.371861,-24.2976018,9.03388445,1.49383322,6.28644151,0.857040262,0.234081602,0.987023784,0.888432444,1.32797897,-22.2670988,-118.881244,18.6443944,-4.99718835,-6.86907497,-43.2357508,False,False
NGC 6624,-380.8,261.431608,-24.2418602,9.03622204,1.5708551,6.27186948,0.859286201,0.246218965,0.984989616,0.893866072,1.33011319,-21.6534359,-118.472422,21.1345523,-5.03380693,-6.82974401,-42.8385435,False,False
NGC 6624,-380.9,261.492541,-24.1872015,9.03848546,1.64757227,6.25573367,0.861469166,0.258313682,0.982701059,0.899363709,1.33212479,-21.0355716,-118.047254,23.6191776,-5.07011318,-6.79037117,-42.4360474,False,False
NGC 6624,-381,261.554651,-24.1336285,9.0406743,1.72397579,6.23803888,0.863588722,0.270364084,0.98015868,0.904921112,1.33401396,-20.4134226,-117.605834,26.0982693,-5.10611239,-6.75095748,-42.0282643,False,False
NGC 6624,-381.1,261.617929,-24.0811441,9.0427882,1.80005682,6.21878982,0.865644428,0.282368514,0.977363044,0.910534048,1.33578096,-19.7869056,-117.148255,28.5718267,-5.14180976,-6.71150386,-41.6151964,False,False
NGC 6624,-381.2,261.682367,-24.0297513,9.04482677,1.87580659,6.19799114,0.867635832,0.294325325,0.974314718,0.916198305,1.33742607,-19.1559376,-116.674605,31.039849,-5.17721043,-6.67201112,-41.1968459,False,False
NGC 6624,-381.3,261.747955,-23.9794529,9.04678962,1.95121641,6.1756474,0.869562475,0.306232877,0.971014267,0.921909688,1.33894966,-18.5204358,-116.184969,33.5023352,-5.21231943,-6.63248,-40.7732148,False,False
NGC 6624,-381.4,261.814686,-23.9302516,9.0486764,2.02627766,6.1517631,0.87142389,0.318089539,0.967462258,0.927664029,1.34035211,-17.8803172,-115.679427,35.9592836,-5.24714172,-6.59291112,-40.3443052,False,False
NGC 6624,-381.5,261.882551,-23.8821505,9.05048672,2.10098179,6.12634264,0.873219599,0.329893689,0.963659257,0.933457184,1.34163388,-17.235499,-115.158056,38.410692,-5.28168215,-6.553305,-39.9101191,False,False
NGC 6624,-381.6,261.951543,-23.8351523,9.05222022,2.17532033,6.09939037,0.874949118,0.341643711,0.95960583,0.939285039,1.34279549,-16.5858986,-114.62093,40.8565573,-5.31594549,-6.51366211,-39.4706587,False,False
NGC 6624,-381.7,262.021654,-23.7892597,9.05387655,2.24928486,6.07091056,0.876611953,0.353337998,0.955302546,0.945143511,1.34383749,-15.9314331,-114.068117,43.2968751,-5.34993641,-6.47398278,-39.0259257,False,False
NGC 6624,-381.8,262.092876,-23.7444758,9.05545532,2.32286704,6.04090739,0.878207603,0.364974949,0.950749972,0.951028552,1.34476051,-15.2720197,-113.499685,45.7316398,-5.38365947,-6.43426731,-38.575922,False,False
NGC 6624,-381.9,262.165202,-23.7008032,9.05695621,2.39605856,6.00938498,0.879735558,0.37655297,0.945948675,0.956936147,1.34556519,-14.6075754,-112.915696,48.1608441,-5.41711913,-6.39451591,-38.1206494,False,False
NGC 6624,-382,262.238624,-23.6582448,9.05837884,2.46885121,5.97634738,0.881195298,0.388070472,0.940899225,0.962862318,1.34625228,-13.9380174,-112.316207,50.5844788,-5.45031976,-6.3547287,-37.6601097,False,False
NGC 6624,-382.1,262.313135,-23.6168035,9.05972288,2.54123681,5.94179855,0.882586296,0.399525873,0.935602193,0.968803124,1.34682254,-13.2632625,-111.701275,53.0025326,-5.48326559,-6.31490575,-37.1943044,False,False
NGC 6624,-382.2,262.388729,-23.5764821,9.06098798,2.61320722,5.90574239,0.883908018,0.410917598,0.930058149,0.974754664,1.34727682,-12.5832275,-111.070951,55.4149917,-5.51596077,-6.27504707,-36.7232349,False,False
NGC 6624,-382.3,262.465399,-23.5372833,9.06217379,2.68475437,5.86818272,0.885159918,0.422244073,0.924267667,0.980713076,1.34761599,-11.897829,-110.425283,57.8218398,-5.5484093,-6.23515259,-36.2469027,False,False
NGC 6624,-382.4,262.543138,-23.4992102,9.06327999,2.75587024,5.8291233,0.886341443,0.433503732,0.918231322,0.986674536,1.34784101,-11.2069834,-109.764316,60.2230573,-5.58061508,-6.19522222,-35.7653092,False,False
NGC 6624,-382.5,262.621939,-23.4622656,9.06430623,2.82654682,5.78856782,0.887452033,0.444695013,0.91194969,0.992635263,1.34795289,-10.5106071,-109.088091,62.6186214,-5.61258187,-6.1552558,-35.2784553,False,False
NGC 6624,-382.6,262.701797,-23.4264522,9.06525219,2.89677619,5.74651989,0.888491117,0.455816357,0.90542335,0.998591516,1.34795269,-9.80861588,-108.396647,65.0085056,-5.64431332,-6.11525311,-34.7863424,False,False
NGC 6624,-382.7,262.782705,-23.3917732,9.06611753,2.96655043,5.70298308,0.889458117,0.466866209,0.898652886,1.0045396,1.34784154,-9.10092575,-107.690018,67.3926793,-5.67581291,-6.07521394,-34.2889713,False,False
NGC 6624,-382.8,262.864657,-23.3582312,9.06690194,3.03586167,5.65796087,0.890352445,0.477843018,0.891638883,1.01047584,1.34762062,-8.38745225,-106.968235,69.7711075,-5.707084,-6.03513799,-33.7863429,False,False
NGC 6624,-382.9,262.947646,-23.3258294,9.0676051,3.10470207,5.61145671,0.891173506,0.488745236,0.88438193,1.01639664,1.34729118,-7.66811076,-106.231327,72.1437502,-5.7381298,-5.99502499,-33.2784582,False,False
NGC 6624,-383,263.031669,-23.2945706,9.06822668,3.17306382,5.56347396,0.891920696,0.499571317,0.876882622,1.02229841,1.34685454,-6.94281642,-105.47932,74.5105623,-5.76895336,-5.9548746,-32.7653177,False,False
NGC 6624,-383.1,263.116717,-23.2644578,9.06876638,3.24093915,5.51401596,0.892593401,0.510319719,0.869141558,1.02817761,1.34631209,-6.21148412,-104.712234,76.8714927,-5.79955756,-5.91468651,-32.2469224,False,False
NGC 6624,-383.2,263.202787,-23.2354941,9.06922388,3.30832029,5.46308596,0.893190999,0.520988899,0.861159342,1.03403075,1.34566527,-5.47402857,-103.93009,79.2264841,-5.82994511,-5.87446037,-31.7232729,False,False
NGC 6624,-383.3,263.289872,-23.2076823,9.06959888,3.37519952,5.41068721,0.89371286,0.531577319,0.852936585,1.03985438,1.34491559,-4.73036424,-103.132903,81.5754721,-5.86011854,-5.83419585,-31.1943698,False,False
NGC 6624,-383.4,263.377967,-23.1810255,9.06989108,3.44156912,5.35682287,0.894158345,0.542083442,0.844473904,1.04564507,1.34406465,-3.9804054,-102.320687,83.9183852,-5.8900802,-5.79389263,-30.6602139,False,False
NGC 6624,-383.5,263.467067,-23.1555268,9.07010017,3.50742139,5.30149609,0.894526805,0.55250573,0.835771925,1.05139944,1.3431141,-3.22406617,-101.493452,86.2551436,-5.91983223,-5.7535504,-30.120806,False,False
NGC 6624,-383.6,263.557167,-23.1311892,9.07022587,3.57274866,5.24470997,0.894817583,0.562842648,0.826831281,1.05711416,1.34206569,-2.4612605,-100.651206,88.5856585,-5.94937655,-5.7131689,-29.5761468,False,False
NGC 6624,-383.7,263.648261,-23.1080159,9.07026787,3.63754326,5.18646759,0.895030014,0.573092661,0.817652615,1.06278593,1.34092122,-1.69190223,-99.7939543,90.909832,-5.97871487,-5.67274787,-29.0262373,False,False
NGC 6624,-383.8,263.740345,-23.0860098,9.07022589,3.70179752,5.12677201,0.895163422,0.583254235,0.808236583,1.06841146,1.33968259,-0.915905135,-98.9217,93.2275555,-6.00784864,-5.63228714,-28.4710788,False,False
NGC 6624,-383.9,263.833414,-23.0651742,9.07009965,3.7655038,5.06562625,0.895217126,0.593325835,0.798583848,1.07398755,1.33835175,-0.133182969,-98.0344434,95.5387091,-6.03677908,-5.59178659,-27.9106724,False,False
NGC 6624,-384,263.927463,-23.0455121,9.06988886,3.82865446,5.00303335,0.895190432,0.603305927,0.788695091,1.07951098,1.33693078,0.656350482,-97.132183,97.8431608,-6.06550711,-5.55124616,-27.3450199,False,False
NGC 6624,-384.1,264.022486,-23.0270267,9.06959324,3.89124185,4.93899633,0.895082639,0.613192976,0.778571004,1.0849786,1.33542179,1.45278133,-96.214915,100.140765,-6.09403338,-5.51066591,-26.7741232,False,False
NGC 6624,-384.2,264.11848,-23.0097211,9.06921252,3.95325833,4.87351823,0.894893038,0.622985448,0.768212294,1.09038728,1.33382703,2.25619553,-95.2826336,102.431363,-6.12235822,-5.47004597,-26.1979847,False,False
NGC 6624,-384.3,264.215439,-22.9935984,9.06874643,4.01469626,4.80660208,0.89462091,0.632681806,0.757619689,1.09573393,1.3321488,3.06667873,-94.3353317,104.714778,-6.15048163,-5.42938662,-25.6166072,False,False
NGC 6624,-384.4,264.313358,-22.9786619,9.06819471,4.075548,4.73825096,0.894265528,0.642280514,0.74679393,1.10101548,1.33038952,3.88431625,-93.3730002,106.990817,-6.17840325,-5.38868827,-25.0299941,False,False
NGC 6624,-384.5,264.412234,-22.9649146,9.06755708,4.13580589,4.66846797,0.893826156,0.651780034,0.735735785,1.10622891,1.32855168,4.70919293,-92.3956289,109.259271,-6.20612233,-5.3479515,-24.4381494,False,False
NGC 6624,-384.6,264.512061,-22.9523597,9.0668333,4.19546228,4.59725626,0.893302049,0.661178827,0.72444604,1.11137122,1.32663788,5.54139296,-91.4032065,111.519907,-6.23363771,-5.30717708,-23.841078,False,False
NGC 6624,-384.7,264.612834,-22.9410004,9.0660231,4.25450951,4.52461905,0.892692454,0.670475354,0.712925507,1.11643944,1.32465082,6.38099983,-90.3957205,113.772471,-6.26094778,-5.26636596,-23.2387854,False,False
NGC 6624,-384.8,264.714549,-22.9308396,9.06512623,4.31293989,4.45055963,0.891996608,0.679668074,0.701175026,1.12143062,1.32259331,7.22809607,-89.3731583,116.016687,-6.28805044,-5.22551936,-22.6312783,False,False
NGC 6624,-384.9,264.817201,-22.9218806,9.06414245,4.37074574,4.37508136,0.891213743,0.688755443,0.689195466,1.12634186,1.32046825,8.08276312,-88.3355064,118.252249,-6.31494304,-5.18463875,-22.0185644,False,False
NGC 6624,-385,264.920786,-22.9141264,9.06307152,4.42791937,4.29818775,0.89034308,0.697735918,0.67698773,1.13117028,1.31827865,8.94508113,-87.2827519,120.478826,-6.3416224,-5.14372591,-21.4006527,False,False
NGC 6624,-385.1,265.025297,-22.9075799,9.06191321,4.48445305,4.21988239,0.889383831,0.706607954,0.664552753,1.13591302,1.31602764,9.81512869,-86.2148816,122.696052,-6.36808468,-5.10278294,-20.7775536,False,False
NGC 6624,-385.2,265.130731,-22.9022442,9.06066726,4.54033905,4.14016905,0.888335203,0.715370004,0.651891513,1.14056726,1.31371847,10.6929826,-85.1318835,124.903528,-6.39432535,-5.06181234,-20.1492789,False,False
NGC 6624,-385.3,265.237082,-22.898122,9.05933347,4.59556964,4.05905165,0.887196394,0.724020521,0.639005029,1.14513019,1.31135448,11.5787177,-84.0337465,127.100818,-6.42033915,-5.02081702,-19.5158423,False,False
NGC 6624,-385.4,265.344345,-22.8952163,9.05791161,4.65013704,3.97653432,0.885966593,0.732557955,0.625894366,1.14959904,1.30893916,12.4724062,-82.9204611,129.287443,-6.44612001,-4.97980036,-18.8772594,False,False
NGC 6624,-385.5,265.452514,-22.8935297,9.05640145,4.70403348,3.89262141,0.884644984,0.740980757,0.612560642,1.15397107,1.30647609,13.3741177,-81.79202,131.462877,-6.47166092,-4.93876629,-18.233548,False,False
NGC 6624,-385.6,265.561583,-22.8930649,9.0548028,4.75725117,3.80731752,0.883230743,0.749287377,0.59900503,1.15824355,1.303969,14.2839188,-80.6484184,133.626547,-6.49695392,-4.8977193,-17.584728,False,False
NGC 6624,-385.7,265.671548,-22.8938244,9.05311543,4.80978228,3.72062754,0.881723038,0.757476264,0.585228766,1.16241378,1.30142173,15.2018723,-79.4896549,135.777819,-6.52198994,-4.85666456,-16.9308221,False,False
NGC 6624,-385.8,265.782401,-22.8958104,9.05133917,4.861619,3.63255669,0.880121035,0.765545868,0.571233151,1.16647911,1.29883826,16.1280371,-78.3157317,137.916002,-6.5467587,-4.81560799,-16.2718558,False,False
NGC 6624,-385.9,265.894136,-22.8990252,9.0494738,4.91275347,3.54311054,0.878423889,0.773494638,0.557019563,1.17043688,1.2962227,17.0624673,-77.1266559,140.040334,-6.57124861,-4.77455632,-15.6078577,False,False
NGC 6624,-386,266.006747,-22.9034709,9.04751916,4.96317785,3.45229511,0.876630753,0.781321025,0.54258946,1.17428447,1.29357928,18.0052122,-75.9224398,142.14998,-6.59544659,-4.7335172,-14.9388598,False,False
NGC 6624,-386.1,266.120226,-22.9091491,9.04547505,5.01288425,3.36011685,0.874740774,0.789023483,0.527944392,1.1780193,1.29091237,18.9563149,-74.7031022,144.244018,-6.61933793,-4.69249932,-14.2648975,False,False
NGC 6624,-386.2,266.234565,-22.9160614,9.0433413,5.06186481,3.26658275,0.872753096,0.796600465,0.513086005,1.18163881,1.2882265,19.9158121,-73.468669,146.321434,-6.64290609,-4.65151253,-13.5860105,False,False
NGC 6624,-386.3,266.349758,-22.924209,9.04111777,5.11011163,3.17170039,0.870666858,0.80405043,0.498016055,1.18514044,1.2855263,20.8837332,-72.2191744,148.381112,-6.66613251,-4.61056795,-12.9022427,False,False
NGC 6624,-386.4,266.465794,-22.933593,9.03880428,5.15761683,3.07547801,0.868481198,0.811371839,0.482736418,1.18852171,1.28281655,21.8600994,-70.9546619,150.421818,-6.68899637,-4.56967817,-12.2136422,False,False
NGC 6624,-386.5,266.582664,-22.9442137,9.0364007,5.20437252,2.97792458,0.866195252,0.818563159,0.467249103,1.19178012,1.28010218,22.8449223,-69.6751859,152.442191,-6.71147433,-4.52885738,-11.5202625,False,False
NGC 6624,-386.6,266.700359,-22.9560715,9.03390688,5.25037082,2.8790499,0.863808154,0.825622863,0.451556266,1.19491323,1.27738823,23.8382038,-68.3808128,154.440726,-6.73354023,-4.4881216,-10.8221618,False,False
NGC 6624,-386.7,266.818867,-22.969166,9.03132272,5.29560386,2.77886471,0.86131904,0.832549431,0.435660223,1.19791863,1.27467991,24.8399337,-67.0716227,156.415757,-6.75516476,-4.44748888,-10.1194039,False,False
NGC 6624,-386.8,266.938177,-22.9834963,9.02864808,5.34006378,2.67738079,0.858727046,0.839341354,0.41956347,1.20079392,1.27198253,25.8500895,-65.7477109,158.365438,-6.77631505,-4.40697952,-9.41205843,False,False
NGC 6624,-386.9,267.058276,-22.999061,9.02588286,5.38374277,2.57461106,0.856031313,0.84599713,0.403268704,1.20353677,1.26930154,26.8686341,-64.4091896,160.287724,-6.79695429,-4.36661639,-8.70020054,False,False
NGC 6624,-387,267.179149,-23.015858,9.02302698,5.42663303,2.47056978,0.853230986,0.852515272,0.38677884,1.20614485,1.26664252,27.8955147,-63.0561906,162.180344,-6.81704123,-4.32642523,-7.98391149,False,False
NGC 6624,-387.1,267.300782,-23.0338845,9.02008036,5.46872681,2.36527265,0.850325215,0.858894308,0.370097038,1.2086159,1.26401116,28.930661,-61.6888664,164.040774,-6.83652963,-4.28643493,-7.26327848,False,False
NGC 6624,-387.2,267.423158,-23.0531368,9.01704292,5.51001643,2.25873704,0.84731316,0.865132781,0.353226733,1.21094769,1.26141327,29.9739831,-60.3073938,165.866214,-6.8553677,-4.246678,-6.53839451,False,False
NGC 6624,-387.3,267.546258,-23.0736101,9.01391462,5.55049426,2.15098213,0.844193989,0.871229254,0.336171659,1.21313804,1.25885475,31.0253696,-58.9119753,167.653547,-6.87349742,-4.20719087,-5.80935808,False,False
NGC 6624,-387.4,267.670061,-23.0952988,9.01069541,5.59015277,2.04202916,0.840966885,0.877182312,0.318935886,1.2151848,1.2563416,32.0846854,-57.5028428,169.399312,-6.89085385,-4.16801444,-5.07627267,False,False
NGC 6624,-387.5,267.794546,-23.1181959,9.00738527,5.62898452,1.93190168,0.837631044,0.882990567,0.301523859,1.21708591,1.25387988,33.151769,-56.0802603,171.099662,-6.90736439,-4.12919444,-4.3392459,False,False
NGC 6624,-387.6,267.919688,-23.1422931,9.00398419,5.66698218,1.8206258,0.834185683,0.888652657,0.283940438,1.21883932,1.25147572,34.2264302,-54.6445271,172.750326,-6.92294794,-4.09078201,-3.59838834,False,False
NGC 6624,-387.7,268.045459,-23.1675807,9.00049218,5.70413857,1.7082305,0.830630036,0.894167254,0.266190941,1.22044309,1.24913528,35.3084473,-53.1959812,174.346577,-6.93751421,-4.05283413,-2.85381185,False,False
NGC 6624,-387.8,268.17183,-23.1940471,8.99690925,5.74044666,1.59474794,0.826963365,0.899533068,0.248281197,1.22189531,1.24686475,36.3975641,-51.7350036,175.883187,-6.95096287,-4.01541407,-2.10562745,False,False
NGC 6624,-387.9,268.298765,-23.221679,8.99323544,5.77589961,1.48021383,0.823184958,0.904748849,0.230217595,1.22319416,1.24467028,37.493487,-50.262021,177.354404,-6.96318303,-3.97859181,-1.35394253,False,False
NGC 6624,-388,268.42623,-23.250461,8.98947079,5.81049079,1.36466773,0.819294135,0.909813391,0.212007139,1.2243379,1.24255797,38.5958819,-48.7775107,178.753933,-6.97405276,-3.94244428,-0.598857399,False,False
NGC 6624,-388.1,268.554181,-23.2803754,8.98561537,5.8442138,1.2481535,0.815290254,0.914725544,0.193657507,1.22532486,1.24053386,39.7043715,-47.2820038,180.074926,-6.98343901,-3.90705542,0.159538942,False,False
NGC 6624,-388.2,268.682575,-23.3114023,8.98166924,5.87706251,1.13071961,0.811172713,0.919484212,0.175177104,1.22615349,1.23860381,40.8185325,-45.7760891,181.310016,-6.99119806,-3.87251593,0.92117364,False,False
NGC 6624,-388.3,268.811361,-23.3435188,8.97763249,5.9090311,1.01241949,0.806940955,0.924088364,0.156575111,1.22682232,1.23677353,41.9378934,-44.2604164,182.451366,-6.99717664,-3.83892265,1.68599548,False,False
NGC 6624,-388.4,268.940484,-23.3766994,8.9735052,5.94011409,0.893311859,0.802594475,0.928537037,0.137861533,1.22733,1.23504847,43.0619324,-42.7356987,183.490771,-7.00121393,-3.80637731,2.45398071,False,False
NGC 6624,-388.5,269.069885,-23.4109157,8.96928746,5.97030637,0.773460877,0.798132823,0.932829346,0.119047224,1.22767528,1.23343376,44.1900774,-41.2027142,184.419824,-7.00314472,-3.77498476,3.22513879,False,False
NGC 6624,-388.6,269.199499,-23.4461363,8.96497935,5.99960324,0.652936284,0.79355561,0.936964488,0.100143902,1.22785706,1.23193415,45.3217057,-39.6623062,185.230125,-7.00280383,-3.74485035,3.99951746,False,False
NGC 6624,-388.7,269.329255,-23.482327,8.96058097,6.02800045,0.531813302,0.788862515,0.940941748,0.081164129,1.22787436,1.23055396,46.4561464,-38.1153813,185.913567,-7.00003179,-3.7160766,4.77720631,False,False
NGC 6624,-388.8,269.459079,-23.5194505,8.95609237,6.05549424,0.410172366,0.784053285,0.944760511,0.0621212694,1.22772634,1.22929697,47.5926838,-36.5629062,186.462671,-6.99468157,-3.68875925,5.55833815,False,False
NGC 6624,-388.9,269.588892,-23.5574671,8.95151362,6.08208135,0.288098612,0.779127746,0.94842026,0.0430294027,1.22741233,1.22816634,48.7305632,-35.0059004,186.870953,-6.98662607,-3.66298297,6.34308705,False,False
NGC 6624,-389,269.718609,-23.596335,8.94684476,6.1077591,0.16568114,0.774085798,0.951920585,0.0239032067,1.22693179,1.22716461,49.8689985,-33.4454282,187.133285,-6.97576555,-3.63881693,7.13166291,False,False
NGC 6624,-389.1,269.848146,-23.6360106,8.94208579,6.13252533,0.0430120323,0.768927428,0.955261188,0.00475780055,1.22628436,1.22629359,51.0071813,-31.8825869,187.246218,-6.96203409,-3.61631107,7.92430216,False,False
NGC 6624,-389.2,269.977415,-23.6764491,8.9372367,6.15637851,-0.0798148243,0.763652702,0.958441884,-0.0143914421,1.22546983,1.22555433,52.1442918,-30.3184938,187.208213,-6.94540443,-3.59549331,8.72125535,False,False
NGC 6624,-389.3,270.106329,-23.7176052,8.93229747,6.17931767,-0.202704993,0.758261772,0.961462602,-0.0335290914,1.22448816,1.22494712,53.27951,-28.7542714,187.019746,-6.9258901,-3.57636818,9.52277283,False,False
NGC 6624,-389.4,270.2348,-23.7594338,8.92726802,6.20134243,-0.325564806,0.752754874,0.964323386,-0.0526398687,1.22333948,1.2244715,54.4120273,-27.1910324,186.683278,-6.90354481,-3.55891716,10.3290901,False,False
NGC 6624,-389.5,270.362742,-23.8018906,8.92214827,6.22245301,-0.448302603,0.747132323,0.967024393,-0.0717088412,1.22202409,1.22412624,55.5410567,-25.6298656,186.20308,-6.87845899,-3.54310062,11.1404145,False,False
NGC 6624,-389.6,270.490074,-23.8449324,8.91693811,6.24265018,-0.570829842,0.741394515,0.969565888,-0.0907215958,1.22054244,1.22390941,56.6658422,-24.0718229,185.584957,-6.85075416,-3.52886093,11.9569145,False,False
NGC 6624,-389.7,270.616717,-23.8885181,8.91163742,6.26193523,-0.693061978,0.735541923,0.971948243,-0.109664376,1.21889512,1.22381844,57.7856664,-22.5179081,184.835903,-6.82057579,-3.51612651,12.7787132,False,False
NGC 6624,-389.8,270.742598,-23.9326083,8.90624605,6.28030999,-0.814919122,0.729575087,0.974171929,-0.128524184,1.21708289,1.22385016,58.8998556,-20.969069,183.963726,-6.78808578,-3.50481601,13.6058845,False,False
NGC 6624,-389.9,270.867646,-23.9771662,8.90076386,6.29777674,-0.93632648,0.723494616,0.976237511,-0.147288849,1.21510664,1.22400087,60.0077834,-19.4261909,182.9767,-6.75345521,-3.49484242,14.4384539,False,False
NGC 6624,-390,270.991799,-24.0221572,8.89519072,6.3143382,-1.05721454,0.717301182,0.97814564,-0.165947055,1.21296739,1.22426644,61.1088722,-17.8900939,181.88325,-6.71685794,-3.48611661,15.2764011,False,False
NGC 6624,-390.1,271.114996,-24.0675493,8.88952646,6.32999748,-1.17751912,0.71099551,0.979897051,-0.184488347,1.21066628,1.22464231,62.2025934,-16.3615306,180.691702,-6.67846548,-3.47855023,16.1196645,False,False
NGC 6624,-390.2,271.237184,-24.1133128,8.88377096,6.34475806,-1.2971812,0.70457838,0.981492548,-0.202903106,1.20820458,1.22512366,63.2884662,-14.8411875,179.410095,-6.63844307,-3.47205791,16.9681473,False,False
NGC 6624,-390.3,271.358314,-24.1594203,8.87792407,6.35862374,-1.41614674,0.698050616,0.982933005,-0.221182515,1.20558366,1.22570537,64.3660557,-13.3296857,178.046049,-6.59694702,-3.46655868,17.8217232,False,False
NGC 6624,-390.4,271.47834,-24.2058466,8.87198569,6.37159859,-1.53436636,0.691413086,0.984219355,-0.239318511,1.20280497,1.22638214,65.4349706,-11.8275843,176.606687,-6.55412306,-3.46197693,18.6802421,False,False
NGC 6624,-390.5,271.597221,-24.2525684,8.86595571,6.38368695,-1.651795,0.684666695,0.985352585,-0.257303734,1.19987008,1.22714849,66.4948597,-10.3353834,175.098594,-6.51010555,-3.45824289,19.5435356,False,False
NGC 6624,-390.6,271.714921,-24.2995643,8.85983402,6.39489336,-1.76839159,0.677812384,0.986333732,-0.275131467,1.19678062,1.22799885,67.5454095,-8.85352749,173.527806,-6.46501724,-3.45529267,20.4114215,False,False
NGC 6624,-390.7,271.831406,-24.3468145,8.85362057,6.40522255,-1.88411867,0.670851121,0.987163874,-0.292795584,1.19353833,1.22892758,68.5863409,-7.3824101,171.899824,-6.41896952,-3.45306824,21.2837079,False,False
NGC 6624,-390.8,271.946645,-24.3943008,8.84731528,6.41467942,-1.99894208,0.663783903,0.987844126,-0.310290496,1.19014499,1.22992897,69.6174062,-5.92237702,170.219637,-6.37206295,-3.45151708,22.1601961,False,False
NGC 6624,-390.9,272.06061,-24.4420064,8.84091813,6.42326899,-2.11283061,0.656611751,0.988375639,-0.327611097,1.18660246,1.23099733,70.6383863,-4.47373047,168.491752,-6.32438792,-3.45059185,23.0406836,True,True
NGC 6624,-391,272.173276,-24.4899156,8.83442908,6.43099639,-2.22575572,0.649335706,0.988759591,-0.344752722,1.18291267,1.23212695,71.6490876,-3.03673276,166.720236,-6.27602546,-3.45024996,23.924966,True,True
NGC 6624,-391.1,272.28462,-24.5380139,8.82784813,6.43786685,-2.33769124,0.641956829,0.988997185,-0.361711098,1.17907761,1.23331217,72.6493403,-1.61160981,164.90875,-6.22704799,-3.4504532,24.8128386,True,True
NGC 6624,-391.2,272.394621,-24.5862879,8.8211753,6.44388566,-2.44861317,0.634476195,0.989089645,-0.378482309,1.1750993,1.23454738,73.6389952,-0.198554478,163.060589,-6.17752017,-3.45116726,25.7040976,True,True
NGC 6624,-391.3,272.50326,-24.6347249,8.8144106,6.44905817,-2.55849938,0.626894895,0.989038215,-0.395062758,1.17097985,1.235827,74.6179221,1.20227034,161.178717,-6.1274996,-3.45236139,26.598541,True,True
NGC 6624,-391.4,272.610519,-24.6833131,8.8075541,6.45338975,-2.66732947,0.619214033,0.988844151,-0.411449137,1.16672138,1.23714557,75.5860074,2.59072883,159.265799,-6.07703756,-3.45400798,27.4959691,True,True
NGC 6624,-391.5,272.716382,-24.7320414,8.80060585,6.45688581,-2.77508455,0.611434722,0.988508726,-0.427638396,1.16232608,1.23849769,76.5431527,3.96670963,157.324234,-6.02617967,-3.45608229,28.396185,True,True
NGC 6624,-391.6,272.820833,-24.7808993,8.79356594,6.45955177,-2.88174709,0.603558086,0.988033219,-0.443627716,1.15779618,1.23987804,77.489273,5.33012338,155.356182,-5.97496643,-3.4585621,29.298995,True,True
NGC 6624,-391.7,272.92386,-24.829877,8.78643445,6.46139304,-2.98730078,0.595585256,0.98741892,-0.459414491,1.15313396,1.24128143,78.4242951,6.6809005,153.363589,-5.9234338,-3.46142748,30.2042082,True,True
NGC 6624,-391.8,273.025448,-24.8789651,8.77921152,6.46241503,-3.09173035,0.587517371,0.986667124,-0.474996301,1.14834171,1.24270276,79.3481563,8.01898916,151.348211,-5.87161368,-3.46466048,31.111637,True,True
NGC 6624,-391.9,273.125585,-24.9281548,8.77189726,6.46262312,-3.19502154,0.579355574,0.985779131,-0.4903709,1.14342178,1.24413705,80.2608034,9.34435336,149.31163,-5.8195343,-3.468245,32.0210968,True,True
NGC 6624,-392,273.224261,-24.9774375,8.76449182,6.46202267,-3.29716089,0.571101014,0.984756242,-0.505536192,1.13837657,1.24557941,81.162191,10.6569713,147.255278,-5.76722066,-3.47216653,32.9324061,True,True
NGC 6624,-392.1,273.321465,-25.0268052,8.75699536,6.46061901,-3.39813574,0.562754847,0.983599763,-0.520490223,1.1332085,1.24702509,82.0522812,11.9568339,145.180449,-5.71469481,-3.47641205,33.8453857,True,True
NGC 6624,-392.2,273.417186,-25.0762502,8.74940806,6.45841742,-3.49793408,0.554318227,0.982310997,-0.535231164,1.12792003,1.24846946,82.931042,13.2439432,143.088313,-5.6619762,-3.4809698,34.7598593,True,True
NGC 6624,-392.3,273.511415,-25.1257651,8.7417301,6.45542316,-3.5965445,0.545792317,0.980891249,-0.5497573,1.12251365,1.24990799,83.7984471,14.5183113,140.97993,-5.60908191,-3.48582921,35.6756528,True,True
NGC 6624,-392.4,273.604143,-25.1753425,8.7339617,6.45164142,-3.69395614,0.537178277,0.97934182,-0.564067021,1.1169919,1.25133629,84.6544744,15.7799591,138.856262,-5.55602695,-3.49098078,36.592594,True,True
NGC 6624,-392.5,273.69536,-25.2249758,8.72610307,6.44707735,-3.79015856,0.528477273,0.97766401,-0.578158807,1.11135734,1.25275008,85.499106,17.0289151,136.718181,-5.50282439,-3.49641595,37.5105127,True,True
NGC 6624,-392.6,273.785059,-25.274658,8.71815445,6.44173604,-3.88514178,0.519690471,0.975859116,-0.592031226,1.10561259,1.2541452,86.3323271,18.2652148,134.566479,-5.44948562,-3.50212702,38.4292401,True,True
NGC 6624,-392.7,273.873232,-25.3243829,8.71011608,6.43562252,-3.97889615,0.510819038,0.973928429,-0.605682922,1.09976028,1.25551761,87.1541258,19.4888996,132.401874,-5.3960205,-3.50810709,39.3486086,True,True
NGC 6624,-392.8,273.959869,-25.374144,8.70198823,6.42874177,-4.07141234,0.501864144,0.971873237,-0.61911261,1.09380309,1.25686341,87.964492,20.7000161,130.225021,-5.34243748,-3.51434996,40.2684518,True,True
NGC 6624,-392.9,274.044964,-25.4239352,8.69377117,6.4210987,-4.1626813,0.492826957,0.969694824,-0.632319068,1.08774375,1.25817879,88.7634176,21.8986151,128.036514,-5.28874377,-3.5208501,41.1886039,True,True
NGC 6624,-393,274.128509,-25.4737505,8.6854652,6.41269818,-4.25269421,0.483708649,0.967394466,-0.645301131,1.081585,1.25946007,89.5508956,23.0847516,125.836893,-5.23494545,-3.52760256,42.1088998,True,True
NGC 6624,-393.1,274.210496,-25.523584,8.67707061,6.40354498,-4.34144247,0.474510389,0.964973435,-0.65805769,1.07532964,1.26070368,90.3269197,24.2584836,123.62665,-5.18104756,-3.53460294,43.0291744,True,True
NGC 6624,-393.2,274.290918,-25.5734299,8.66858774,6.39364384,-4.42891763,0.465233351,0.962432997,-0.67058768,1.06898052,1.26190617,91.0914844,25.4198718,121.406234,-5.12705422,-3.54184735,43.9492628,True,True
NGC 6624,-393.3,274.369768,-25.6232826,8.66001691,6.38299943,-4.51511138,0.455878706,0.959774412,-0.682890083,1.0625405,1.2630642,91.8445839,26.5689793,119.176052,-5.07296872,-3.54933235,44.8689998,True,True
NGC 6624,-393.4,274.447038,-25.6731365,8.65135846,6.37161633,-4.60001556,0.446447628,0.95699893,-0.69496392,1.05601252,1.26417455,92.5862125,27.7058707,116.936474,-5.01879355,-3.55705496,45.7882196,True,True
NGC 6624,-393.5,274.522722,-25.7229861,8.64261277,6.3594991,-4.68362207,0.436941289,0.954107799,-0.706808246,1.04939953,1.26523408,93.3163639,28.8306124,114.687838,-4.96453053,-3.56501256,46.7067562,True,True
NGC 6624,-393.6,274.596811,-25.7728258,8.63378021,6.3466522,-4.7659229,0.427360863,0.951102259,-0.718422151,1.04270457,1.26623979,94.0350311,29.9432714,112.430451,-4.91018084,-3.57320293,47.6244421,True,True
NGC 6624,-393.7,274.669299,-25.8226504,8.62486116,6.33308004,-4.84691009,0.417707526,0.947983539,-0.729804755,1.03593068,1.26718876,94.7422061,31.0439159,110.164591,-4.85574507,-3.58162419,48.5411091,True,True
NGC 6624,-393.8,274.740179,-25.8724545,8.61585604,6.31878698,-4.92657572,0.407982454,0.944752868,-0.740955204,1.02908098,1.26807818,95.4378797,32.1326142,107.890512,-4.80122331,-3.59027477,49.4565876,True,True
NGC 6624,-393.9,274.809443,-25.9222327,8.60676526,6.30377731,-5.00491186,0.398186823,0.941411461,-0.75187267,1.02215864,1.26890535,96.1220413,33.209435,105.608444,-4.74661513,-3.59915342,50.3707063,True,True
NGC 6624,-394,274.877083,-25.9719797,8.59758926,6.28805526,-5.08191063,0.388321811,0.937960532,-0.762556347,1.01516688,1.26966766,96.7946787,34.2744468,103.318596,-4.69191969,-3.60825917,51.2832926,True,True
NGC 6624,-394.1,274.943092,-26.0216903,8.5883285,6.27162499,-5.15756409,0.378388597,0.934401283,-0.773005448,1.00810897,1.27036259,97.4557779,35.327718,101.021157,-4.63713574,-3.61759132,52.1941715,True,True
NGC 6624,-394.2,275.007463,-26.0713592,8.57898343,6.25449062,-5.23186431,0.368388362,0.930734912,-0.783219207,1.00098824,1.27098772,98.1053231,36.3693163,98.7162969,-4.58226166,-3.62714942,53.1031662,True,True
NGC 6624,-394.3,275.070188,-26.1209812,8.56955454,6.23665622,-5.30480331,0.35832229,0.92696261,-0.793196872,0.993808102,1.27154073,98.7432961,37.3993092,96.4041704,-4.5272955,-3.63693327,54.0100976,True,True
NGC 6624,-394.4,275.13126,-26.1705509,8.56004233,6.21812578,-5.37637307,0.348191564,0.92308556,-0.802937708,0.986572002,1.27201937,99.3696767,38.4177629,94.0849166,-4.47223499,-3.64694291,54.9147842,True,True
NGC 6624,-394.5,275.190669,-26.2200632,8.55044732,6.19890325,-5.44656548,0.33799737,0.919104938,-0.812440991,0.979283468,1.2724215,99.9844423,39.4247432,91.7586604,-4.41707761,-3.65717856,55.8170417,True,True
NGC 6624,-394.6,275.248409,-26.2695126,8.54077003,6.17899255,-5.51537241,0.327740899,0.915021916,-0.821706013,0.971946091,1.27274505,100.587568,40.4203145,89.4255138,-4.36182054,-3.6676407,56.7166831,True,True
NGC 6624,-394.7,275.304471,-26.3188939,8.53101101,6.15839751,-5.58278561,0.317423342,0.910837656,-0.830732072,0.964563535,1.27298806,101.179025,41.4045402,87.085577,-4.30646075,-3.67832997,57.6135184,True,True
NGC 6624,-394.8,275.358847,-26.3682018,8.52117084,6.13712195,-5.64879677,0.307045894,0.906553315,-0.83951848,0.957139538,1.27314861,101.758785,42.3774825,84.7389392,-4.250995,-3.68924723,58.5073545,True,True
NGC 6624,-394.9,275.411529,-26.4174308,8.51125009,6.11516963,-5.71339747,0.296609753,0.902170045,-0.848064555,0.949677911,1.27322489,102.326812,43.3392022,82.3856793,-4.19541985,-3.70039352,59.397995,True,True
NGC 6624,-395,275.462507,-26.4665755,8.50124937,6.09254425,-5.7765792,0.28611612,0.89768899,-0.856369624,0.94218255,1.27321518,102.883072,44.2897587,80.0258673,-4.13973167,-3.71177004,60.2852398,True,True
NGC 6624,-395.1,275.511774,-26.5156305,8.4911693,6.06924949,-5.83833333,0.275566201,0.893111289,-0.864433019,0.934657427,1.27311781,103.427525,45.2292099,77.6595645,-4.08392668,-3.72337818,61.1688856,True,True
NGC 6624,-395.2,275.55932,-26.5645902,8.48101051,6.04528899,-5.89865114,0.264961206,0.888438074,-0.872254081,0.927106602,1.2729312,103.960129,46.1576123,75.2868242,-4.02800095,-3.73521951,62.0487248,True,True
NGC 6624,-395.3,275.605137,-26.6134491,8.47077367,6.02066633,-5.95752375,0.254302349,0.883670473,-0.879832152,0.919534224,1.27265384,104.480838,47.0750207,72.9076925,-3.9719504,-3.74729573,62.9245462,True,True
NGC 6624,-395.4,275.649214,-26.6622014,8.46045946,5.99538509,-6.0149422,0.243590849,0.878809608,-0.887166581,0.911944531,1.27228431,104.989603,47.9814881,70.5222091,-3.91577087,-3.75960872,63.7961344,True,True
NGC 6624,-395.5,275.691543,-26.7108417,8.45006857,5.96944879,-6.07089736,0.232827929,0.873856594,-0.894256721,0.904341855,1.27182124,105.486372,48.8770663,68.1304074,-3.85945804,-3.77216052,64.6632696,True,True
NGC 6624,-395.6,275.732114,-26.7593639,8.43960172,5.94286093,-6.12537998,0.22201482,0.868812543,-0.901101926,0.896730626,1.27126335,105.97109,49.7618048,65.7323152,-3.80300755,-3.7849533,65.5257276,True,True
NGC 6624,-395.7,275.770917,-26.8077623,8.42905966,5.91562496,-6.17838067,0.211152758,0.863678561,-0.907701555,0.889115372,1.2706094,106.443698,50.635752,63.3279554,-3.74641489,-3.79798939,66.3832798,True,True
NGC 6624,-395.8,275.807942,-26.856031,8.41844315,5.88774433,-6.2298899,0.200242983,0.858455749,-0.914054967,0.881500724,1.26985826,106.904132,51.4989539,60.917346,-3.68967554,-3.81127126,67.2356924,True,True
NGC 6624,-395.9,275.84318,-26.9041639,8.40775297,5.85922247,-6.27989798,0.189286744,0.853145205,-0.920161524,0.873891419,1.26900884,107.352327,52.3514553,58.500501,-3.63278486,-3.82480151,68.0827272,True,True
NGC 6624,-396,275.87662,-26.9521549,8.39698992,5.83006275,-6.32839507,0.178285296,0.847748019,-0.926020589,0.866292301,1.26806013,107.788213,53.1932989,56.0774305,-3.5757382,-3.8385829,68.9241407,True,True
NGC 6624,-396.1,275.908251,-26.9999979,8.38615485,5.80026855,-6.37537118,0.167239902,0.84226528,-0.931631526,0.858708324,1.26701116,108.211717,54.0245255,53.648141,-3.51853082,-3.85261831,69.7596839,True,True
NGC 6624,-396.2,275.938062,-27.0476865,8.37524861,5.76984323,-6.42081616,0.156151833,0.836698071,-0.936993699,0.851144557,1.26586107,108.622759,54.8451744,51.2126361,-3.46115798,-3.86691075,70.5891029,True,True
NGC 6624,-396.3,275.966043,-27.0952142,8.36427207,5.73879013,-6.4647197,0.145022366,0.831047474,-0.942106472,0.843606182,1.26460903,109.02126,55.6552829,48.7709167,-3.4036149,-3.88146336,71.4121379,True,True
NGC 6624,-396.4,275.992183,-27.1425747,8.35322614,5.70711257,-6.50707132,0.13385279,0.825314563,-0.946969209,0.836098497,1.26325428,109.407133,56.4548865,46.322981,-3.34589676,-3.89627942,72.2285234,True,True
NGC 6624,-396.5,276.01647,-27.1897613,8.34211174,5.67481387,-6.54786037,0.122644399,0.819500411,-0.951581275,0.82862692,1.26179614,109.78029,57.244019,43.8688253,-3.28799876,-3.91136233,73.0379883,True,True
NGC 6624,-396.6,276.038893,-27.2367672,8.33092985,5.64189733,-6.58707604,0.111398499,0.813606088,-0.955942033,0.821196987,1.26023397,110.140637,58.0227122,41.4084441,-3.22991607,-3.92671561,73.8402552,True,True
NGC 6624,-396.7,276.05944,-27.2835855,8.31968143,5.60836627,-6.62470736,0.100116405,0.807632659,-0.960050846,0.813814356,1.25856721,110.488076,58.7909962,38.9418302,-3.17164388,-3.9423429,74.6350405,True,True
NGC 6624,-396.8,276.078099,-27.3302093,8.3083675,5.57422397,-6.66074315,0.0887994423,0.801581188,-0.963907077,0.806484806,1.25679537,110.822505,59.5488995,36.4689752,-3.11317739,-3.95824797,75.4220544,True,True
NGC 6624,-396.9,276.094859,-27.3766315,8.2969891,5.53947374,-6.69517211,0.077448947,0.795452735,-0.967510086,0.799214235,1.25491799,111.14382,60.2964484,33.9898697,-3.05451181,-3.9744347,76.2010004,True,True
NGC 6624,-397,276.109706,-27.4228448,8.2855473,5.50411887,-6.72798271,0.0660662659,0.789248358,-0.970859234,0.792008663,1.2529347,111.451908,61.0336677,31.5045038,-2.9956424,-3.99090709,76.9715756,True,True
NGC 6624,-397.1,276.122629,-27.4688419,8.27404319,5.46816266,-6.75916328,0.0546527574,0.782969112,-0.97395388,0.784874228,1.2508452,111.746656,61.7605805,29.0128667,-2.93656444,-4.00766926,77.7334698,True,True
NGC 6624,-397.2,276.133615,-27.5146151,8.2624779,5.43160844,-6.78870196,0.0432097918,0.776616049,-0.976793382,0.777817185,1.24864922,112.027945,62.477208,26.5149477,-2.87727327,-4.02472543,78.4863663,True,True
NGC 6624,-397.3,276.14265,-27.5601568,8.25085259,5.3944595,-6.81658673,0.031738752,0.770190221,-0.979377097,0.770843905,1.24634659,112.295651,63.1835697,24.0107361,-2.81776427,-4.04207994,79.2299407,True,True
NGC 6624,-397.4,276.149723,-27.6054592,8.23916846,5.35671919,-6.84280537,0.0202410336,0.763692677,-0.981704382,0.763960866,1.24393718,112.549646,63.8796835,21.5002212,-2.75803288,-4.05973723,79.9638616,True,True
NGC 6624,-397.5,276.154819,-27.6505143,8.22742672,5.31839085,-6.86734548,0.00871804547,0.757124464,-0.98377459,0.757174655,1.24142092,112.789798,64.5655655,18.983393,-2.69807464,-4.07770186,80.6877901,True,True
NGC 6624,-397.6,276.157926,-27.695314,8.21562863,5.27947784,-6.89019452,-0.00282878954,0.750486628,-0.985587076,0.750491959,1.23879783,113.01597,65.2412301,16.4602424,-2.63788515,-4.09597849,81.4013794,True,True
NGC 6624,-397.7,276.15903,-27.7398499,8.20377549,5.23998354,-6.91133972,-0.0143980345,0.743780212,-0.987141192,0.743919557,1.23606798,113.228019,65.9066902,13.9307609,-2.57746009,-4.11457188,82.1042749,True,True
NGC 6624,-397.8,276.158116,-27.7841136,8.19186861,5.19991136,-6.93076818,-0.0259882376,0.737006261,-0.988436291,0.737464315,1.23323149,113.425799,66.561957,11.3949414,-2.51679526,-4.13348689,82.7961142,True,True
NGC 6624,-397.9,276.155172,-27.8280964,8.17990937,5.15926471,-6.9484668,-0.0375979319,0.730165815,-0.989471725,0.731133176,1.23028859,113.60916,67.20704,8.85277842,-2.45588657,-4.15272848,83.4765264,True,True
NGC 6624,-398,276.150182,-27.8717896,8.16789915,5.11804706,-6.96442232,-0.0492256347,0.723259916,-0.990246844,0.724933148,1.22723954,113.777944,67.8419472,6.30426793,-2.39473004,-4.1723017,84.1451325,True,True
NGC 6624,-398.1,276.143134,-27.915184,8.1558394,5.07626189,-6.97862129,-0.0608698471,0.716289605,-0.990760999,0.718871293,1.22408468,113.931992,68.4666852,3.74940795,-2.33332182,-4.1922117,84.801545,True,True
NGC 6624,-398.2,276.134012,-27.9582707,8.1437316,5.03391272,-6.99105011,-0.0725290534,0.70925592,-0.99101354,0.712954714,1.22082442,114.071136,69.0812589,1.18819869,-2.2716582,-4.2124637,85.4453675,True,True
NGC 6624,-398.3,276.122801,-28.0010401,8.13157725,4.9910031,-7.001695,-0.084201721,0.702159902,-0.99100382,0.707190539,1.21745925,114.195207,69.6856717,-1.37935721,-2.20973565,-4.23306304,86.076195,True,True
NGC 6624,-398.4,276.109488,-28.0434827,8.1193779,4.94753661,-7.01054202,-0.0958862991,0.69500259,-0.990731187,0.701585905,1.21398973,114.304028,70.2799257,-3.95325438,-2.14755078,-4.25401511,86.6936133,True,True
NGC 6624,-398.5,276.094057,-28.0855888,8.10713517,4.90351691,-7.01757707,-0.107581219,0.687785021,-0.990194996,0.69614794,1.21041649,114.397419,70.8640212,-6.53348449,-2.08510037,-4.2753254,87.2971992,True,True
NGC 6624,-398.6,276.076494,-28.1273484,8.09485067,4.85894765,-7.02278588,-0.119284893,0.680508237,-0.989394597,0.690883743,1.20674024,114.475194,71.4379576,-9.12003598,-2.02238141,-4.29699945,87.8865201,True,True
NGC 6624,-398.7,276.056782,-28.1687514,8.0825261,4.81383256,-7.02615404,-0.130995715,0.673173274,-0.988329346,0.68580036,1.20296177,114.537162,72.0017325,-11.7128937,-1.9593911,-4.31904289,88.4611341,True,True
NGC 6624,-398.8,276.034908,-28.2097874,8.07016317,4.76817542,-7.02766697,-0.142712057,0.665781174,-0.986998599,0.680904768,1.19908196,114.583126,72.5553424,-14.3120388,-1.89612683,-4.34146142,89.0205894,True,True
NGC 6624,-398.9,276.010856,-28.2504459,8.05776366,4.72198005,-7.02730996,-0.154432274,0.658332975,-0.985401713,0.67620384,1.19510174,114.612885,73.0987824,-16.9174483,-1.83258624,-4.36426077,89.5644247,True,True
NGC 6624,-399,275.984609,-28.290716,8.04532939,4.67525032,-7.02506815,-0.166154696,0.650829718,-0.98353805,0.671704328,1.19102217,114.626233,73.6320463,-19.5290945,-1.76876722,-4.38744676,90.0921686,True,True
NGC 6624,-399.1,275.956154,-28.3305868,8.03286221,4.62799018,-7.02092655,-0.177877636,0.643272444,-0.981406973,0.667412833,1.18684436,114.622958,74.1551266,-22.1469455,-1.70466793,-4.41102523,90.6033399,True,True
NGC 6624,-399.2,275.925473,-28.3700472,8.02036403,4.58020363,-7.01487003,-0.189599381,0.635662195,-0.979007849,0.663335776,1.18256954,114.602842,74.6680149,-24.7709638,-1.64028679,-4.43500207,91.0974469,True,True
NGC 6624,-399.3,275.892553,-28.4090855,8.00783682,4.53189472,-7.00688335,-0.201318198,0.628000014,-0.97634005,0.659479366,1.17819902,114.565664,75.1707012,-27.4011068,-1.57562252,-4.4593832,91.5739879,True,True
NGC 6624,-399.4,275.857376,-28.4476903,7.99528259,4.48306759,-6.99695114,-0.213032331,0.620286945,-0.973402952,0.655849577,1.1737342,114.511195,75.6631748,-30.0373259,-1.51067418,-4.48417459,92.0324507,True,True
NGC 6624,-399.5,275.819927,-28.4858497,7.98270339,4.43372644,-6.98505793,-0.224739999,0.612524033,-0.970195937,0.652452112,1.1691766,114.439202,76.1454235,-32.6795664,-1.44544114,-4.5093822,92.4723125,True,True
NGC 6624,-399.6,275.78019,-28.5235514,7.97010135,4.38387554,-6.97118813,-0.236439398,0.604712324,-0.966718391,0.649292372,1.16452782,114.349448,76.6174344,-35.327767,-1.37992314,-4.53501201,92.89304,True,True
NGC 6624,-399.7,275.73815,-28.5607833,7.95747862,4.33351923,-6.95532608,-0.2481287,0.596852866,-0.962969709,0.646375429,1.15978957,114.241689,77.0791933,-37.9818594,-1.31412029,-4.56107,93.2940891,True,True
NGC 6624,-399.8,275.693791,-28.5975327,7.94483743,4.28266194,-6.93745602,-0.259806049,0.588946708,-0.958949292,0.643705995,1.1549637,114.115675,77.5306853,-40.6417679,-1.24803308,-4.58756213,93.674905,True,True
NGC 6624,-399.9,275.647096,-28.6337868,7.93218006,4.23130819,-6.91756212,-0.271469566,0.580994902,-0.954656548,0.641288392,1.15005214,113.971152,77.9718945,-43.3074089,-1.18166245,-4.61449436,94.034922,True,True
NGC 6624,-400,275.598051,-28.6695327,7.91950883,4.17946257,-6.8956285,-0.283117346,0.572998498,-0.950090897,0.639126522,1.14505695,113.80786,78.402804,-45.9786902,-1.11500977,-4.6418726,94.3735635,True,True
NGC 6624,-400.1,275.546639,-28.704757,7.90682614,4.12712975,-6.87163921,-0.294747454,0.564958553,-0.945251766,0.637223845,1.13998032,113.625536,78.8233962,-48.6555108,-1.04807686,-4.66970272,94.6902421,True,True
NGC 6624,-400.2,275.492845,-28.7394462,7.89413444,4.07431451,-6.84557828,-0.306357931,0.556876121,-0.940138595,0.635583352,1.13482456,113.423908,79.2336528,-51.3377604,-0.980866074,-4.69799052,94.9843593,True,True
NGC 6624,-400.3,275.436653,-28.7735866,7.88143624,4.02102172,-6.81742969,-0.317946789,0.548752262,-0.934750835,0.634207541,1.12959211,113.202703,79.6335546,-54.0253185,-0.913380248,-4.72674174,95.2553057,True,True
NGC 6624,-400.4,275.378049,-28.8071642,7.86873411,3.96725634,-6.78717742,-0.329512011,0.540588034,-0.929087949,0.633098403,1.12428555,112.961638,80.0230818,-56.7180538,-0.845622785,-4.75596201,95.502461,True,True
NGC 6624,-400.5,275.317015,-28.8401648,7.85603068,3.91302344,-6.75480546,-0.341051551,0.5323845,-0.923149415,0.632257397,1.11890762,112.70043,80.4022142,-59.415824,-0.777597667,-4.78565686,95.725194,True,True
NGC 6624,-400.6,275.253538,-28.872574,7.84332865,3.85832818,-6.72029782,-0.352563334,0.524142725,-0.916934725,0.631685444,1.11346118,112.418788,80.7709306,-62.1184747,-0.709309482,-4.81583172,95.9228629,True,True
NGC 6624,-400.7,275.187603,-28.904377,7.83063077,3.80317584,-6.68363852,-0.364045257,0.515863773,-0.91044339,0.631382912,1.10794925,112.116417,81.1292098,-64.8258387,-0.640763462,-4.84649182,96.0948149,True,True
NGC 6624,-400.8,275.119194,-28.935559,7.81793987,3.7475718,-6.64481167,-0.375495182,0.507548715,-0.903674936,0.63134961,1.10237504,111.793017,81.47703,-67.5377354,-0.571965516,-4.87764228,96.2403868,True,True
NGC 6624,-400.9,275.048297,-28.9661048,7.80525885,3.69152156,-6.60380142,-0.386910945,0.499198621,-0.89662891,0.631584786,1.09674188,111.448285,81.8143689,-70.2539698,-0.502922262,-4.90928798,96.358905,True,True
NGC 6624,-401,274.974898,-28.9959991,7.79259066,3.63503073,-6.56059204,-0.398290348,0.490814563,-0.889304877,0.632087127,1.0910533,111.081912,82.1412042,-72.9743319,-0.433641069,-4.94143361,96.4496856,True,True
NGC 6624,-401.1,274.898983,-29.0252262,7.77993833,3.57810504,-6.51516789,-0.409631161,0.482397618,-0.881702429,0.632854762,1.08531301,110.693585,82.4575132,-75.6985954,-0.364130094,-4.97408364,96.512035,True,True
NGC 6624,-401.2,274.820538,-29.0537704,7.76730495,3.52075034,-6.46751348,-0.420931124,0.473948863,-0.873821177,0.63388527,1.07952489,110.282987,82.7632731,-78.4265169,-0.29439832,-5.00724222,96.5452495,True,True
NGC 6624,-401.3,274.739549,-29.0816157,7.75469369,3.46297262,-6.4176135,-0.432187941,0.465469377,-0.865660762,0.635175691,1.07369302,109.849799,83.0584612,-81.157835,-0.224455605,-5.04091326,96.5486163,True,True
NGC 6624,-401.4,274.656005,-29.1087458,7.7421078,3.40477796,-6.36545279,-0.443399288,0.456960244,-0.857220849,0.63672254,1.0678217,109.393697,83.3430547,-83.8922687,-0.154312721,-5.07510029,96.5214138,True,True
NGC 6624,-401.5,274.569892,-29.1351442,7.72955057,3.34617262,-6.31101644,-0.454562802,0.448422548,-0.848501137,0.638521826,1.06191539,108.914353,83.617031,-86.6295167,-0.0839814033,-5.10980651,96.4629114,True,True
NGC 6624,-401.6,274.481197,-29.1607945,7.71702539,3.28716296,-6.25428977,-0.465676091,0.439857376,-0.839501353,0.640569069,1.05597881,108.411439,83.880368,-89.3692556,-0.0134743991,-5.1450347,96.3723709,True,True
NGC 6624,-401.7,274.389911,-29.1856798,7.70453572,3.22775548,-6.19525835,-0.476736727,0.431265817,-0.83022126,0.642859325,1.05001688,107.884622,84.1330436,-92.111139,0.0571944808,-5.18078721,96.2490463,True,True
NGC 6624,-401.8,274.296021,-29.2097832,7.69208508,3.16795683,-6.1339081,-0.487742248,0.422648962,-0.820660656,0.645387206,1.04403475,107.333568,84.3750363,-94.8547957,0.128010308,-5.21706591,96.0921849,True,True
NGC 6624,-401.9,274.199517,-29.2330875,7.67967709,3.10777379,-6.07022526,-0.498690158,0.414007906,-0.810819382,0.648146913,1.03803781,106.757942,84.6063254,-97.5998279,0.198956976,-5.25387214,95.9010277,True,True
NGC 6624,-402,274.100389,-29.2555755,7.66731542,3.0472133,-6.00419645,-0.509577928,0.405343744,-0.800697318,0.651132257,1.03203169,106.157407,84.8268906,-100.34581,0.270017145,-5.29120666,95.6748106,True,True
NGC 6624,-402.1,273.998628,-29.2772298,7.65500382,2.98628242,-5.9358087,-0.520402992,0.396657574,-0.790294389,0.654336691,1.02602228,105.531627,85.0367129,-103.092286,0.341172176,-5.32906961,95.4127647,True,True
NGC 6624,-402.2,273.894226,-29.2980329,7.64274613,2.92498838,-5.86504952,-0.531162752,0.387950495,-0.77961057,0.657753339,1.02001573,104.880265,85.2357739,-105.838768,0.412402066,-5.36746045,95.1141177,True,True
NGC 6624,-402.3,273.787175,-29.3179672,7.63054626,2.86333857,-5.7919069,-0.541854573,0.379223609,-0.768645888,0.661375025,1.01401845,104.202986,85.4240567,-108.584734,0.483685372,-5.40637789,94.7780949,True,True
NGC 6624,-402.4,273.677468,-29.3370149,7.6184082,2.8013405,-5.71636939,-0.552475789,0.370478019,-0.757400422,0.665194302,1.00803713,103.499454,85.6015455,-111.329625,0.554999145,-5.44581984,94.4039201,True,True
NGC 6624,-402.5,273.565099,-29.3551585,7.60633599,2.73900186,-5.63842613,-0.563023697,0.361714829,-0.745874312,0.669203482,1.00207873,102.76934,85.7682264,-114.072843,0.626318844,-5.48578336,93.9908174,True,True
NGC 6624,-402.6,273.450064,-29.37238,7.59433379,2.67633049,-5.55806691,-0.573495562,0.352935146,-0.734067763,0.673394667,0.99615052,102.012314,85.9240868,-116.813749,0.697618255,-5.52626452,93.5380122,True,True
NGC 6624,-402.7,273.332357,-29.3886618,7.5824058,2.61333441,-5.47528223,-0.583888615,0.344140076,-0.721981046,0.677759771,0.990260036,101.228054,86.0691165,-119.551656,0.768869404,-5.56725841,93.044733,True,True
NGC 6624,-402.8,273.211977,-29.403986,7.57055632,2.55002175,-5.39006334,-0.594200055,0.335330729,-0.709614503,0.682290556,0.984415129,100.41624,86.2033071,-122.285831,0.840042456,-5.60875898,92.510213,True,True
NGC 6624,-402.9,273.088921,-29.418335,7.55878972,2.48640085,-5.30240232,-0.604427048,0.326508212,-0.696968558,0.686978652,0.978623952,99.5765629,86.3266527,-125.015488,0.911105619,-5.65075901,91.9336921,True,True
NGC 6624,-403,272.963189,-29.4316911,7.54711042,2.42248019,-5.21229216,-0.614566727,0.317673635,-0.684043714,0.691815583,0.97289496,98.7087178,86.4391503,-127.739786,0.982025033,-5.69324996,91.3144188,True,True
NGC 6624,-403.1,272.834781,-29.4440368,7.53552294,2.35826842,-5.11972677,-0.624616199,0.308828108,-0.670840565,0.696792793,0.96723692,97.8124113,86.5407996,-130.457821,1.05276465,-5.73622189,90.6516526,True,True
NGC 6624,-403.2,272.7037,-29.4553548,7.52403187,2.29377433,-5.02470112,-0.634572536,0.299972739,-0.657359801,0.701901665,0.961658908,96.8873601,86.6316036,-133.168625,1.12328613,-5.77966336,89.9446663,True,True
NGC 6624,-403.3,272.56995,-29.4656278,7.51264186,2.22900692,-4.92721128,-0.644432786,0.291108638,-0.643602213,0.707133548,0.956170311,95.9332939,86.7115689,-135.871159,1.19354865,-5.82356127,89.1927488,True,True
NGC 6624,-403.4,272.433535,-29.4748391,7.50135763,2.16397531,-4.82725454,-0.654193968,0.282236913,-0.629568703,0.71247977,0.950780823,94.9499565,86.7807059,-138.564308,1.26350882,-5.86790076,88.3952077,True,True
NGC 6624,-403.5,272.294461,-29.482972,7.49018397,2.09868879,-4.72482945,-0.663853075,0.27335867,-0.615260293,0.717931659,0.945500447,93.9371082,86.8390294,-141.246872,1.3331205,-5.91266504,87.5513728,True,True
NGC 6624,-403.6,272.152739,-29.4900102,7.47912574,2.03315683,-4.61993598,-0.673407079,0.264475015,-0.600678129,0.723480564,0.940339482,92.8945276,86.8865585,-143.917561,1.40233459,-5.95783524,86.6605992,True,True
NGC 6624,-403.7,272.008377,-29.4959378,7.46818785,1.96738905,-4.51257554,-0.682852927,0.255587049,-0.585823497,0.729117864,0.935308521,91.8220137,86.9233177,-146.574988,1.47109889,-6.00339024,85.722271,True,True
NGC 6624,-403.8,271.861389,-29.5007396,7.45737526,1.9013952,-4.40275119,-0.69218755,0.246695874,-0.570697828,0.734834987,0.930418438,90.7193888,86.9493366,-149.217656,1.53935784,-6.0493065,84.7358055,True,True
NGC 6624,-403.9,271.711788,-29.5044007,7.44669301,1.83518524,-4.29046768,-0.70140786,0.237802585,-0.555302712,0.740623424,0.925680376,89.5865009,86.9646507,-151.84395,1.60705234,-6.09555779,83.700657,True,True
NGC 6624,-404,271.559591,-29.5069068,7.43614617,1.76876922,-4.1757316,-0.710510755,0.228908276,-0.539639913,0.746474736,0.921105731,88.4232261,86.969302,-154.452127,1.67411941,-6.14211503,82.616322,True,True
NGC 6624,-404.1,271.404817,-29.5082446,7.42573987,1.70215739,-4.05855157,-0.719493123,0.220014035,-0.52371138,0.752380575,0.916706135,87.2294722,86.963339,-157.040301,1.74049198,-6.18894602,81.4823436,True,True
NGC 6624,-404.2,271.247487,-29.5084012,7.41547925,1.63536011,-3.93893829,-0.728351842,0.211120943,-0.50751926,0.758332684,0.912493429,86.0051815,86.9468178,-159.60643,1.80609852,-6.23601514,80.2983177,True,True
NGC 6624,-404.3,271.087626,-29.5073649,7.40536952,1.56838788,-3.8169048,-0.73708379,0.202230079,-0.491065919,0.764322915,0.908479639,84.750334,86.919802,-162.1483,1.87086267,-6.28328307,79.0638978,True,True
NGC 6624,-404.4,270.92526,-29.5051249,7.39541591,1.50125135,-3.69246658,-0.745685841,0.193342511,-0.474353961,0.770343235,0.904676948,83.4649518,86.8823637,-164.663503,1.93470285,-6.33070643,77.7788022,True,True
NGC 6624,-404.5,270.760418,-29.5016716,7.38562365,1.43396129,-3.5656418,-0.754154876,0.184459301,-0.457386244,0.776385735,0.901097656,82.149102,86.8345838,-167.149422,1.9975318,-6.37823741,76.4428201,True,True
NGC 6624,-404.6,270.593135,-29.4969965,7.375998,1.36652858,-3.43645152,-0.762487783,0.175581503,-0.440165907,0.78244264,0.897754148,80.8029014,86.7765525,-169.603206,2.05925604,-6.42582337,75.0558195,True,True
NGC 6624,-404.7,270.423446,-29.4910927,7.36654423,1.29896421,-3.30491986,-0.770681469,0.16671016,-0.422696393,0.788506312,0.894658843,79.4265207,86.7083701,-172.02174,2.1197753,-6.47340633,73.6177547,True,True
NGC 6624,-404.8,270.251391,-29.4839546,7.3572676,1.23127928,-3.17107434,-0.778732856,0.157846305,-0.40498148,0.794569265,0.891824151,78.0201887,86.630147,-174.401619,2.17898185,-6.52092249,72.128675,True,True
NGC 6624,-404.9,270.077014,-29.4755786,7.34817335,1.16348498,-3.0349461,-0.786638897,0.148990957,-0.387025306,0.800624169,0.889262417,76.5841975,86.542005,-176.739115,2.23675977,-6.56830163,70.5887336,True,True
NGC 6624,-405,269.900363,-29.465963,7.3392667,1.09559257,-2.89657022,-0.794396575,0.140145126,-0.368832414,0.806663855,0.886985865,75.1189072,86.4440769,-179.030139,2.29298413,-6.61546647,68.9981983,True,True
NGC 6624,-405.1,269.72149,-29.455108,7.33055283,1.02761341,-2.75598604,-0.802002917,0.131309804,-0.350407782,0.812681329,0.885006529,73.6247512,86.3365076,-181.270197,2.34752004,-6.66233197,67.3574615,True,True
NGC 6624,-405.2,269.540453,-29.4430164,7.32203688,0.959558868,-2.61323758,-0.809454994,0.12248597,-0.331756871,0.818669775,0.883336189,72.1022414,86.2194544,-183.454348,2.40022168,-6.70880456,65.6670526,True,True
NGC 6624,-405.3,269.357314,-29.4296936,7.31372391,0.891440403,-2.4683739,-0.816749938,0.113674585,-0.312885674,0.824622564,0.881986291,70.5519741,86.0930872,-185.577158,2.45093125,-6.75478132,63.9276502,True,True
NGC 6624,-405.4,269.172141,-29.4151478,7.30561889,0.823269478,-2.32144953,-0.823884944,0.104876592,-0.293800763,0.830533263,0.88096787,68.9746349,85.9575886,-187.632643,2.49947785,-6.80014911,62.1400959,True,True
NGC 6624,-405.5,268.985008,-29.3993905,7.29772672,0.75505758,-2.172525,-0.830857281,0.096092915,-0.274509356,0.836395642,0.880291461,67.3710047,85.8131548,-189.614222,2.54567631,-6.84478368,60.3054091,True,True
NGC 6624,-405.6,268.795995,-29.3824367,7.29005215,0.686816192,-2.02166734,-0.837664307,0.0873244577,-0.255019374,0.842203688,0.879967007,65.7419654,85.6599952,-191.514667,2.58932632,-6.88854885,58.4248033,True,True
NGC 6624,-405.7,268.60519,-29.3643054,7.28259982,0.61855678,-1.86895064,-0.84430347,0.078572101,-0.235339515,0.847951605,0.880003757,64.0885048,85.4983326,-193.326066,2.63021154,-6.93129579,56.4997029,False,False
NGC 6624,-405.8,268.412687,-29.3450196,7.27537419,0.550290776,-1.71445664,-0.85077233,0.0698367025,-0.215479319,0.853633834,0.880410166,62.4117219,85.3284034,-195.039793,2.66809927,-6.9728625,54.531761,False,False
NGC 6624,-405.9,268.218589,-29.3246073,7.26837954,0.482029559,-1.55827531,-0.857068562,0.0611190951,-0.195449248,0.859245055,0.881193777,60.7128308,85.150457,-196.646517,2.70274076,-7.01307377,52.5228783,False,False
NGC 6624,-406,268.023007,-29.3031011,7.26161993,0.413784436,-1.40050539,-0.863189972,0.0524200852,-0.17526075,0.864780199,0.882361107,58.993164,84.9647566,-198.136239,2.73387257,-7.05174165,50.4752212,False,False
NGC 6624,-406.1,267.826061,-29.2805395,7.2550992,0.345566625,-1.24125495,-0.869134508,0.043740452,-0.154926328,0.870234463,0.883917523,57.2541745,84.7715778,-199.498393,2.76121932,-7.08866693,48.3912395,False,False
NGC 6624,-406.2,267.627881,-29.2569661,7.24882091,0.277387231,-1.08064175,-0.874900275,0.0350809456,-0.134459585,0.875603314,0.885867114,55.4974355,84.5712092,-200.722024,2.78449846,-7.12364169,46.2736807,False,False
NGC 6624,-406.3,267.428605,-29.2324308,7.24278831,0.209257229,-0.918793441,-0.880485541,0.026442286,-0.113875257,0.880882502,0.888212563,53.7246379,84.3639518,-201.796053,2.80342723,-7.15645347,44.1255996,False,False
NGC 6624,-406.4,267.22838,-29.2069893,7.23700434,0.141187441,-0.755847497,-0.885888757,0.0178251618,-0.0931891998,0.886068071,0.890955023,51.9375841,84.150118,-202.709653,2.81773233,-7.18689098,41.9503602,False,False
NGC 6624,-406.5,267.027362,-29.1807031,7.23147154,0.0731885169,-0.591950821,-0.89110856,0.00923022926,-0.0724183463,0.891156363,0.894093999,50.1381784,83.9300317,-203.452722,2.82716202,-7.21475161,39.7516254,False,False
NGC 6624,-406.6,266.825716,-29.1536392,7.22619211,0.00527091073,-0.42725888,-0.896143789,0.000658110716,-0.0515806015,0.89614403,0.897627251,48.3284122,83.7040269,-204.016436,2.83150005,-7.23985023,37.5333333,False,False
NGC 6624,-406.7,266.623611,-29.1258696,7.2211678,-0.0625551377,-0.261934387,-0.900993488,-0.00789060596,-0.0306946832,0.901028039,0.901550714,46.5103454,83.4724463,-204.393821,2.83058021,-7.26202859,35.2996556,False,False
NGC 6624,-406.8,266.421221,-29.0974701,7.21639991,-0.130279625,-0.0961455006,-0.905656917,-0.0164153684,-0.00977990334,0.905805672,0.905858467,44.686082,83.2356402,-204.580293,2.82429965,-7.28116429,33.0549384,False,False
NGC 6624,-406.9,266.218725,-29.0685196,7.21188932,-0.1978928,0.0699363445,-0.910133549,-0.0249156603,0.0111440953,0.910474529,0.910542727,42.8577432,82.9939639,-204.574059,2.81262884,-7.29717792,30.8036276,False,False
NGC 6624,-407,266.016298,-29.0390989,7.20763643,-0.265385185,0.236138919,-0.914423077,-0.0333910019,0.0320576405,0.915032525,0.915593914,41.0274379,82.7477749,-204.376324,2.79561638,-7.31003729,28.5501834,False,False
NGC 6624,-407.1,265.814114,-29.0092888,7.20364118,-0.332747587,0.402291732,-0.918525404,-0.0418409498,0.0529413363,0.919477886,0.921000743,39.197232,82.49743,-203.991254,2.77338773,-7.31975787,26.2989914,False,False
NGC 6624,-407.2,265.612342,-28.9791694,7.19990309,-0.399971109,0.568228436,-0.922440645,-0.0502650973,0.0737763526,0.923809138,0.926750384,37.369121,82.2432817,-203.425699,2.7461379,-7.32639964,24.0542781,False,False
NGC 6624,-407.3,265.411143,-28.9488189,7.19642123,-0.467047158,0.733788952,-0.926169112,-0.0586630729,0.0945446781,0.928025096,0.932828642,35.5450044,81.9856744,-202.688735,2.71411931,-7.33006068,21.8200386,False,False
NGC 6624,-407.4,265.210672,-28.9183123,7.19319429,-0.533967451,0.898821166,-0.929711304,-0.06703454,0.11522932,0.932124851,0.939220174,33.7266657,81.7249415,-201.791086,2.67762702,-7.33086901,19.599981,False,False
NGC 6624,-407.5,265.01107,-28.887721,7.19022059,-0.600724009,1.06318211,-0.933067899,-0.0753791956,0.135814441,0.936107755,0.945908711,31.9157578,81.4614014,-200.744522,2.63698313,-7.32897354,17.3974898,False,False
NGC 6624,-407.6,264.81247,-28.8571123,7.18749812,-0.667309164,1.2267387,-0.936239736,-0.0836967679,0.156285435,0.9399734,0.95287729,30.1137936,81.1953558,-199.561301,2.59252242,-7.3245356,15.215607,False,False
NGC 6624,-407.7,264.614996,-28.8265491,7.18502458,-0.733715542,1.38936801,-0.9392278,-0.0919870154,0.176628955,0.943721607,0.960108462,28.3221422,80.9270868,-198.253693,2.54458022,-7.31772156,13.0570296,False,False
NGC 6624,-407.8,264.418757,-28.7960898,7.18279738,-0.799936063,1.55095721,-0.942033209,-0.100249724,0.196832894,0.947352403,0.967584499,26.5420284,80.6568562,-196.833625,2.49348307,-7.30869697,10.9241177,False,False
NGC 6624,-407.9,264.223856,-28.7657885,7.18081375,-0.865963927,1.71140325,-0.944657201,-0.108484706,0.216886336,0.950866005,0.975287569,24.7745366,80.3849044,-195.312418,2.43954219,-7.29762237,8.81891229,False,False
NGC 6624,-408,264.030385,-28.7356951,7.17907069,-0.9317926,1.87061235,-0.947101116,-0.116691797,0.236779485,0.954262804,0.98319989,23.0206167,80.1114504,-193.700637,2.38304934,-7.28465042,6.74315743,False,False
NGC 6624,-408.1,263.838425,-28.7058556,7.17756503,-0.997415807,2.0284994,-0.949366385,-0.124870853,0.256503581,0.957543348,0.991303864,21.2810916,79.8366918,-192.008008,2.3242747,-7.26992426,4.69832496,False,False
NGC 6624,-408.2,263.648053,-28.6763122,7.1762935,-1.06282751,2.1849873,-0.951454517,-0.13302175,0.276050817,0.960708324,0.999582182,19.5566663,79.5608057,-190.243392,2.26346618,-7.25357678,2.68564029,False,False
NGC 6624,-408.3,263.459334,-28.647104,7.17525266,-1.12802192,2.3400063,-0.953367088,-0.141144381,0.295414247,0.963758549,1.00801792,17.8479369,79.2839495,-188.414801,2.20084973,-7.23573043,0.706107476,False,False
NGC 6624,-408.4,263.27233,-28.6182667,7.17443901,-1.19299343,2.49349335,-0.95510573,-0.149238653,0.314587704,0.966694952,1.01659459,16.1553999,79.0062619,-186.529441,2.13663033,-7.21649754,-1.23946686,False,False
NGC 6624,-408.5,263.087094,-28.5898333,7.17384897,-1.25773667,2.64539147,-0.956672119,-0.157304489,0.333565718,0.969518564,1.02529622,14.4794619,78.7278644,-184.593766,2.07099335,-7.19598084,-3.1504514,False,False
NGC 6624,-408.6,262.903674,-28.5618342,7.1734789,-1.32224645,2.7956492,-0.958067971,-0.165341822,0.352343444,0.972230505,1.03410737,12.8204481,78.4488624,-182.613537,2.00410607,-7.17427413,-5.02636976,False,False
NGC 6624,-408.7,262.722114,-28.5342976,7.1733251,-1.38651775,2.94422006,-0.95929503,-0.173350593,0.370916592,0.974831977,1.04301318,11.178611,78.1693467,-180.593892,1.93611929,-7.15146306,-6.86688211,False,False
NGC 6624,-408.8,262.542453,-28.5072494,7.17338387,-1.45054574,3.09106206,-0.960355064,-0.181330755,0.389281371,0.977324251,1.05199937,9.55413792,77.8893942,-178.539402,1.86716888,-7.12762581,-8.67176859,False,False
NGC 6624,-408.9,262.364726,-28.4807136,7.17365145,-1.51432574,3.23613729,-0.961249853,-0.189282267,0.407434427,0.979708659,1.06105225,7.94715886,77.6090699,-176.454136,1.79737727,-7.10283386,-10.4409145,False,False
NGC 6624,-409,262.188962,-28.4547125,7.17412412,-1.5778532,3.37941153,-0.961981194,-0.197205092,0.425372803,0.981986591,1.07015872,6.35775276,77.3284276,-174.34171,1.72685483,-7.07715261,-12.1742972,False,False
NGC 6624,-409.1,262.01519,-28.4292667,7.17479812,-1.64112376,3.52085389,-0.962550884,-0.205099202,0.443093889,0.984159482,1.0793063,4.78595382,77.0475113,-172.205341,1.6557011,-7.05064205,-13.871974,False,False
NGC 6624,-409.2,261.843434,-28.4043955,7.17566972,-1.70413314,3.66043649,-0.962960725,-0.21296457,0.460595384,0.98622881,1.08848306,3.23175703,76.7663557,-170.047888,1.58400595,-7.02335729,-15.5340725,False,False
NGC 6624,-409.3,261.673716,-28.3801167,7.17673518,-1.76687723,3.79813422,-0.963212514,-0.220801172,0.477875266,0.988196086,1.09767767,1.69512316,76.4849877,-167.871895,1.5118506,-6.99534905,-17.1607805,False,False
NGC 6624,-409.4,261.506056,-28.3564469,7.17799082,-1.82935201,3.93392445,-0.963308046,-0.228608989,0.494931756,0.990062857,1.10687935,0.175983332,76.203427,-165.679624,1.43930848,-6.96666414,-18.7523386,False,False
NGC 6624,-409.5,261.340469,-28.3334017,7.17943294,-1.89155358,4.0677868,-0.963249103,-0.236388,0.511763294,0.991830692,1.11607786,-1.32575696,75.9216868,-163.47309,1.36644611,-6.93734585,-20.3090323,False,False
NGC 6624,-409.6,261.176972,-28.3109955,7.1810579,-1.95347816,4.19970299,-0.963037461,-0.244138189,0.528368514,0.993501186,1.12526348,-2.81021419,75.6397747,-161.254084,1.29332374,-6.9074343,-21.8311864,False,False
NGC 6624,-409.7,261.015577,-28.2892419,7.18286208,-2.01512205,4.32965662,-0.96267488,-0.251859538,0.544746225,0.995075953,1.13442699,-4.2775236,75.3576931,-159.024202,1.21999605,-6.87696675,-23.3191588,False,False
NGC 6624,-409.8,260.856296,-28.2681534,7.18484191,-2.07648167,4.457633,-0.962163106,-0.259552029,0.560895389,0.99655662,1.14355968,-5.7278363,75.07544,-156.784863,1.14651269,-6.8459779,-24.7733358,False,False
NGC 6624,-409.9,260.699138,-28.2477419,7.18699384,-2.13755352,4.58361906,-0.961503868,-0.267215645,0.576815104,0.997944833,1.15265327,-7.1613167,74.7930095,-154.537332,1.07291877,-6.81450009,-26.1941277,False,False
NGC 6624,-410,260.544112,-28.2280185,7.18931437,-2.19833419,4.70760314,-0.96069888,-0.274850367,0.59250459,0.999242244,1.16169994,-8.5781402,74.5103918,-152.282734,0.999255312,-6.7825636,-27.5819648,False,False
NGC 6624,-410.1,260.391225,-28.2089936,7.19180005,-2.25882034,4.82957495,-0.959749836,-0.282456175,0.607963178,1.00045052,1.1706923,-9.97849123,74.2275743,-150.022071,0.925559638,-6.75019674,-28.9372942,False,False
NGC 6624,-410.2,260.240484,-28.1906767,7.19444747,-2.31900874,4.94952539,-0.958658411,-0.290033048,0.623190293,1.00157132,1.17962335,-11.3625615,73.9445414,-147.756233,0.851865734,-6.71742612,-30.2605768,False,False
NGC 6624,-410.3,260.091892,-28.173077,7.19725326,-2.37889622,5.06744652,-0.957426258,-0.297580964,0.638185448,1.00260634,1.18848649,-12.7305482,73.6612752,-145.48601,0.778204546,-6.68427672,-31.5522846,False,False
NGC 6624,-410.4,259.945455,-28.156203,7.2002141,-2.43847968,5.18333142,-0.956055015,-0.305099896,0.65294823,1.00355724,1.19727546,-14.0826531,73.3777554,-143.212107,0.704604267,-6.6507721,-32.8128983,False,False
NGC 6624,-410.5,259.801174,-28.1400627,7.20332674,-2.49775611,5.29717415,-0.954546293,-0.312589819,0.667478297,1.00442572,1.20598437,-15.4190808,73.09396,-140.935144,0.631090577,-6.61693446,-34.0429053,False,False
NGC 6624,-410.6,259.659053,-28.1246636,7.20658793,-2.55672255,5.40896963,-0.952901686,-0.320050702,0.681775362,1.00521345,1.21460764,-16.7400378,72.809865,-138.655673,0.557686874,-6.58278478,-35.2427982,False,False
NGC 6624,-410.7,259.519093,-28.1100126,7.20999453,-2.61537611,5.51871363,-0.951122765,-0.327482515,0.695839196,1.00592212,1.22314002,-18.0457321,72.525445,-136.374182,0.484414461,-6.54834291,-36.4130726,False,False
NGC 6624,-410.8,259.381294,-28.0961162,7.21354339,-2.67371398,5.62640265,-0.949211081,-0.334885221,0.709669615,1.00655342,1.23157653,-19.3363713,72.2406733,-134.091099,0.411292733,-6.51362766,-37.5542263,False,False
NGC 6624,-410.9,259.245657,-28.0829807,7.21723146,-2.7317334,5.73203391,-0.947168163,-0.342258785,0.723266475,1.00710903,1.2399125,-20.6121631,71.9555219,-131.8068,0.338339333,-6.47865686,-38.666758,False,False
NGC 6624,-411,259.112181,-28.0706117,7.22105571,-2.78943166,5.83560528,-0.944995518,-0.349603165,0.736629668,1.00759064,1.24814349,-21.8733138,71.6699617,-129.521617,0.265570297,-6.44344745,-39.7511657,False,False
NGC 6624,-411.1,258.980866,-28.0590146,7.22501316,-2.84680612,5.93711523,-0.942694634,-0.356918318,0.749759121,1.00799993,1.25626534,-23.120028,71.3839625,-127.235836,0.19300018,-6.40801555,-40.8079465,False,False
NGC 6624,-411.2,258.851709,-28.0481943,7.2291009,-2.9038542,6.03656279,-0.940266977,-0.364204198,0.762654784,1.00833858,1.2642741,-24.3525083,71.0974936,-124.949706,0.120642179,-6.3723765,-41.8375954,False,False
NGC 6624,-411.3,258.72471,-28.0381556,7.23331606,-2.96057338,6.13394751,-0.937713991,-0.371460755,0.775316633,1.00860826,1.27216607,-25.5709548,70.810523,-122.663442,0.0485082364,-6.3365449,-42.8406046,False,False
NGC 6624,-411.4,258.599865,-28.0289028,7.2376558,-3.01696116,6.22926941,-0.935037103,-0.378687937,0.787744665,1.00881065,1.27993773,-26.7755646,70.5230184,-120.377227,-0.0233908661,-6.30053469,-43.8174628,False,False
NGC 6624,-411.5,258.477172,-28.02044,7.24211736,-3.07301513,6.32252898,-0.932237717,-0.385885686,0.799938891,1.00894743,1.28758578,-27.9665318,70.2349466,-118.091214,-0.0950454167,-6.26435917,-44.7686551,False,False
NGC 6624,-411.6,258.356629,-28.0127707,7.24669801,-3.12873291,6.4137271,-0.929317219,-0.393053943,0.81189934,1.00902027,1.29510711,-29.144047,69.9462739,-115.805533,-0.166446696,-6.22803105,-45.694662,False,False
NGC 6624,-411.7,258.238232,-28.0058987,7.25139506,-3.18411218,6.50286505,-0.926276975,-0.400192645,0.823626051,1.00903082,1.30249878,-30.308297,69.6569659,-113.520288,-0.237586904,-6.19156247,-46.5959594,False,False
NGC 6624,-411.8,258.121977,-27.999827,7.2562059,-3.23915064,6.58994447,-0.923118332,-0.407301726,0.835119074,1.00898075,1.309758,-31.4594651,69.3669877,-111.235563,-0.308459096,-6.15496507,-47.4730178,False,False
NGC 6624,-411.9,258.007861,-27.9945586,7.26112793,-3.29384606,6.67496731,-0.919842619,-0.414381114,0.846378464,1.00887172,1.31688217,-32.5977304,69.076304,-108.951423,-0.379057118,-6.11824997,-48.3263026,False,False
NGC 6624,-412,257.89588,-27.9900962,7.26615862,-3.34819626,6.75793584,-0.916451147,-0.421430736,0.857404284,1.00870539,1.32386883,-33.7232679,68.7848789,-106.667913,-0.449375555,-6.08142782,-49.1562736,False,False
NGC 6624,-412.1,257.786029,-27.9864425,7.27129547,-3.40219909,6.83885262,-0.912945208,-0.428450514,0.868196601,1.00848341,1.33071565,-34.8362485,68.4926761,-104.385066,-0.519409682,-6.04450885,-49.9633845,False,False
NGC 6624,-412.2,257.678304,-27.9835995,7.27653605,-3.45585243,6.91772045,-0.909326078,-0.435440366,0.878755483,1.00820743,1.33742044,-35.9368388,68.1996589,-102.102895,-0.589155413,-6.00750285,-50.7480831,False,False
NGC 6624,-412.3,257.572701,-27.9815695,7.28187794,-3.50915422,6.9945424,-0.905595017,-0.442400209,0.889080999,1.0078791,1.34398114,-37.025201,67.9057901,-99.821404,-0.658609261,-5.97041923,-51.510811,False,False
NGC 6624,-412.4,257.469215,-27.9803543,7.2873188,-3.56210244,7.06932174,-0.901753265,-0.449329952,0.899173218,1.00750005,1.35039581,-38.1014929,67.6110319,-97.5405828,-0.727768296,-5.93326701,-52.2520038,False,False
NGC 6624,-412.5,257.36784,-27.9799557,7.2928563,-3.6146951,7.14206195,-0.897802051,-0.456229502,0.909032209,1.00707193,1.35666261,-39.165868,67.3153464,-95.2604105,-0.796630116,-5.89605486,-52.9720903,False,False
NGC 6624,-412.6,257.268574,-27.980375,7.29848818,-3.66693024,7.21276671,-0.893742584,-0.463098763,0.918658036,1.00659638,1.36277983,-40.2184751,67.018695,-92.9808557,-0.865192803,-5.85879112,-53.6714932,False,False
NGC 6624,-412.7,257.171409,-27.9816137,7.30421221,-3.71880596,7.28143986,-0.889576062,-0.469937635,0.928050759,1.00607502,1.36874584,-41.2594587,66.7210387,-90.7018778,-0.9334549,-5.82148379,-54.3506286,False,False
NGC 6624,-412.8,257.076342,-27.983673,7.31002621,-3.77032036,7.34808541,-0.885303666,-0.476746011,0.937210436,1.00550949,1.37455911,-42.2889589,66.4223381,-88.4234276,-1.00141538,-5.78414057,-55.0099062,False,False
NGC 6624,-412.9,256.983366,-27.9865538,7.31592802,-3.8214716,7.4127075,-0.880926563,-0.483523784,0.946137118,1.00490142,1.38021821,-43.307111,66.1225533,-86.1454481,-1.06907362,-5.74676886,-55.6497289,False,False
NGC 6624,-413,256.892478,-27.990257,7.32191555,-3.87225787,7.47531042,-0.876445906,-0.490270841,0.95483085,1.00425242,1.38572179,-44.3140462,65.821644,-83.8678752,-1.13642937,-5.70937581,-56.2704933,False,False
NGC 6624,-413.1,256.803672,-27.9947834,7.32798672,-3.92267738,7.53589857,-0.871862838,-0.496987064,0.963291669,1.00356412,1.39106858,-45.3098911,65.5195693,-81.5906378,-1.20348275,-5.67196827,-56.8725896,False,False
NGC 6624,-413.2,256.716942,-28.0001335,7.33413951,-3.97272839,7.59447645,-0.867178485,-0.503672332,0.971519606,1.00283814,1.39625739,-46.2947676,65.2162878,-79.3136593,-1.27023419,-5.63455287,-57.4564011,False,False
NGC 6624,-413.3,256.632284,-28.0063078,7.34037193,-4.02240916,7.65104867,-0.862393963,-0.51032652,0.979514684,1.0020761,1.40128709,-47.2687935,64.9117577,-77.0368571,-1.33668446,-5.59713595,-58.0223049,False,False
NGC 6624,-413.4,256.549692,-28.0133066,7.34668204,-4.07171801,7.70561991,-0.857510377,-0.516949497,0.987276915,1.0012796,1.40615665,-48.2320821,64.6059366,-74.7601436,-1.40283461,-5.55972368,-58.5706717,False,False
NGC 6624,-413.5,256.469161,-28.0211301,7.35306791,-4.12065326,7.75819494,-0.852528818,-0.52354113,0.994806305,1.00045025,1.41086508,-49.1847423,64.2987813,-72.4834266,-1.46868598,-5.52232197,-59.1018654,False,False
NGC 6624,-413.6,256.390686,-28.0297783,7.35952767,-4.16921328,7.80877859,-0.847450369,-0.530101279,1.00210285,0.999589663,1.41541146,-50.1268784,63.9902484,-70.2066095,-1.53424016,-5.48493653,-59.616244,False,False
NGC 6624,-413.7,256.314262,-28.0392513,7.36605948,-4.21739645,7.85737574,-0.8422761,-0.536629802,1.00916653,0.998699441,1.41979493,-51.0585909,63.6802936,-67.9295917,-1.59949901,-5.44757286,-60.1141588,False,False
NGC 6624,-413.8,256.239884,-28.0495489,7.37266153,-4.26520117,7.90399134,-0.837007073,-0.543126551,1.01599732,0.997781183,1.42401469,-51.9799754,63.368872,-65.652269,-1.6644646,-5.41023631,-60.5959551,False,False
NGC 6624,-413.9,256.167546,-28.0606707,7.37933206,-4.31262588,7.94863035,-0.831644338,-0.549591374,1.02259519,0.996836488,1.42806999,-52.8911235,63.0559382,-63.3745337,-1.72913922,-5.37293199,-61.0619717,False,False
NGC 6624,-414,256.097243,-28.0726166,7.38606932,-4.35966903,7.99129779,-0.826188939,-0.556024113,1.02896009,0.995866948,1.43196014,-53.7921226,62.7414458,-61.0962752,-1.7935254,-5.33566488,-61.5125415,False,False
NGC 6624,-414.1,256.028972,-28.0853859,7.39287161,-4.40632909,8.03199869,-0.82064191,-0.562424607,1.03509195,0.994874154,1.43568448,-54.6830556,62.425348,-58.8173797,-1.85762584,-5.29843977,-61.947991,False,False
NGC 6624,-414.2,255.962726,-28.0989782,7.39973726,-4.45260456,8.0707381,-0.815004275,-0.568792689,1.04099071,0.993859694,1.43924242,-55.5640014,62.1075969,-56.5377311,-1.92144342,-5.26126132,-62.368641,False,False
NGC 6624,-414.3,255.898501,-28.1133928,7.40666463,-4.49849395,8.10752109,-0.809277052,-0.575128188,1.04665628,0.99282515,1.44263341,-56.4350346,61.7881441,-54.2572106,-1.98498123,-5.224134,-62.774806,False,False
NGC 6624,-414.4,255.836293,-28.128629,7.41365211,-4.54399579,8.14235273,-0.803461251,-0.581430927,1.05208858,0.991772103,1.44585694,-57.2962257,61.4669402,-51.9756973,-2.04824249,-5.18706218,-63.1667947,False,False
NGC 6624,-414.5,255.776096,-28.144686,7.42069813,-4.58910862,8.17523808,-0.797557875,-0.587700724,1.05728748,0.990702128,1.44891253,-58.1476408,61.143935,-49.6930682,-2.1112306,-5.15005006,-63.5449099,False,False
NGC 6624,-414.6,255.717907,-28.1615628,7.42780113,-4.63383101,8.20618221,-0.791567922,-0.593937393,1.06225288,0.989616796,1.45179977,-58.9893422,60.8190773,-47.4091982,-2.1739491,-5.11310174,-63.9094487,False,False
NGC 6624,-414.7,255.66172,-28.1792585,7.43495961,-4.67816154,8.23519017,-0.785492381,-0.600140741,1.06698463,0.988517673,1.45451827,-59.8213878,60.4923151,-45.1239607,-2.23640168,-5.07622118,-64.2607023,False,False
NGC 6624,-414.8,255.607532,-28.197772,7.44217207,-4.72209878,8.26226698,-0.779332237,-0.606310572,1.07148259,0.987406322,1.45706767,-60.6438315,60.1635953,-42.8372274,-2.29859216,-5.03941223,-64.5989564,False,False
NGC 6624,-414.9,255.555338,-28.2171022,7.44943706,-4.76564135,8.28741767,-0.77308847,-0.612446681,1.0757466,0.986284299,1.45944766,-61.456723,59.8328637,-40.5488682,-2.36052447,-5.00267863,-64.9244909,False,False
NGC 6624,-415,255.505134,-28.2372479,7.45675314,-4.80878785,8.31064721,-0.766762054,-0.618548861,1.07977649,0.985153156,1.46165797,-62.260108,59.5000653,-38.258752,-2.42220269,-4.96602401,-65.2375802,False,False
NGC 6624,-415.1,255.456917,-28.2582078,7.46411891,-4.85153691,8.33196056,-0.760353959,-0.624616897,1.08357208,0.984014436,1.46369835,-63.0540281,59.1651438,-35.9667463,-2.483631,-4.92945193,-65.5384932,False,False
NGC 6624,-415.2,255.410682,-28.2799805,7.47153299,-4.89388715,8.35136263,-0.753865151,-0.630650569,1.08713315,0.982869679,1.46556859,-63.8385206,58.8280418,-33.6727173,-2.54481368,-4.89296583,-65.8274935,False,False
NGC 6624,-415.3,255.366425,-28.3025647,7.47899403,-4.93583721,8.36885831,-0.747296592,-0.636649651,1.0904595,0.981720416,1.46726852,-64.613619,58.4887006,-31.3765304,-2.60575513,-4.85656908,-66.1048391,False,False
NGC 6624,-415.4,255.324144,-28.3259589,7.48650071,-4.97738574,8.38445241,-0.740649243,-0.642613912,1.09355091,0.980568172,1.46879799,-65.3793526,58.1470603,-29.0780496,-2.66645984,-4.82026497,-66.3707828,False,False
NGC 6624,-415.5,255.283834,-28.3501614,7.49405173,-5.01853139,8.39814974,-0.733924059,-0.648543112,1.09640712,0.979414464,1.47015688,-66.1357464,57.8030598,-26.7771385,-2.72693239,-4.78405672,-66.625572,False,False
NGC 6624,-415.6,255.245493,-28.3751708,7.50164582,-5.0592728,8.40995502,-0.727121994,-0.654437007,1.09902788,0.978260799,1.47134512,-66.8828215,57.4566365,-24.4736596,-2.78717744,-4.74794747,-66.8694489,False,False
NGC 6624,-415.7,255.209117,-28.4009853,7.50928171,-5.09960862,8.41987293,-0.720244001,-0.660295347,1.10141293,0.977108677,1.47236266,-67.6205948,57.1077265,-22.1674747,-2.84719975,-4.71194031,-67.1026508,False,False
NGC 6624,-415.8,255.174703,-28.4276033,7.51695819,-5.13953752,8.4279081,-0.71329103,-0.666117874,1.10356197,0.975959587,1.47320947,-68.3490792,56.7562643,-19.8584451,-2.90700416,-4.67603827,-67.3254094,False,False
NGC 6624,-415.9,255.142249,-28.4550228,7.52467405,-5.17905814,8.43406508,-0.706264031,-0.671904322,1.10547472,0.974815008,1.47388556,-69.0682832,56.4021831,-17.5464313,-2.96659557,-4.64024434,-67.5379516,False,False
NGC 6624,-416,255.111751,-28.4832421,7.53242811,-5.21816914,8.43834839,-0.699163951,-0.677654422,1.10715085,0.973676407,1.47439098,-69.7782113,56.0454142,-15.2312937,-3.02597895,-4.60456144,-67.7404992,False,False
NGC 6624,-416.1,255.083207,-28.5122593,7.54021922,-5.25686916,8.44076244,-0.691991742,-0.683367894,1.10859005,0.972545242,1.47472579,-70.4788637,55.6858875,-12.9128919,-3.08515937,-4.56899247,-67.933269,False,False
NGC 6624,-416.2,255.056615,-28.5420724,7.54804622,-5.29515685,8.44131161,-0.68474835,-0.689044452,1.10979197,0.971422956,1.47489009,-71.1702365,55.3235312,-10.5910854,-3.14414192,-4.5335403,-68.1164729,False,False
NGC 6624,-416.3,255.031973,-28.5726793,7.55590801,-5.33303085,8.44000019,-0.677434725,-0.694683804,1.11075626,0.970310978,1.47488402,-71.8523215,54.9582716,-8.2657333,-3.20293177,-4.49820774,-68.2903177,False,False
NGC 6624,-416.4,255.009279,-28.6040781,7.56380348,-5.37048978,8.4368324,-0.670051818,-0.700285649,1.11148254,0.969210725,1.47470772,-72.525106,54.5900332,-5.93669467,-3.26153417,-4.46299763,-68.4550055,False,False
NGC 6624,-416.5,254.98853,-28.6362665,7.57173157,-5.40753227,8.43181237,-0.662600581,-0.705849678,1.11197043,0.968123597,1.4743614,-73.1885732,54.2187387,-3.60382839,-3.31995439,-4.42791273,-68.6107333,False,False
NGC 6624,-416.6,254.969725,-28.6692423,7.57969122,-5.44415692,8.42494419,-0.655081967,-0.711375575,1.11221954,0.967050978,1.47384528,-73.842702,53.8443087,-1.26699336,-3.37819777,-4.39295584,-68.7576935,False,False
NGC 6624,-416.7,254.952863,-28.7030034,7.58768138,-5.48036234,8.41623184,-0.647496934,-0.716863015,1.11222945,0.965994235,1.4731596,-74.4874666,53.4666617,1.07395149,-3.4362697,-4.35812971,-68.8960735,False,False
NGC 6624,-416.8,254.937943,-28.7375474,7.59570104,-5.5161471,8.40567922,-0.63984644,-0.722311664,1.11199973,0.964954717,1.47230466,-75.122837,53.0857141,3.41914705,-3.49417559,-4.32343713,-69.0260561,False,False
NGC 6624,-416.9,254.924962,-28.7728719,7.6037492,-5.55150978,8.39329016,-0.632131448,-0.72772118,1.11152994,0.963933755,1.47128076,-75.7487785,52.7013803,5.76873395,-3.55192094,-4.28888087,-69.1478191,False,False
NGC 6624,-417,254.91392,-28.8089746,7.61182487,-5.58644892,8.3790684,-0.624352923,-0.733091214,1.11081962,0.962932656,1.47008827,-76.365252,52.3135722,8.12285251,-3.60951125,-4.2544637,-69.2615358,False,False
NGC 6624,-417.1,254.904818,-28.8458529,7.61992708,-5.62096307,8.3630176,-0.616511838,-0.738421404,1.10986831,0.96195271,1.46872757,-76.9722137,51.9221992,10.4816426,-3.66695208,-4.22018844,-69.3673745,False,False
NGC 6624,-417.2,254.897652,-28.8835042,7.62805489,-5.65505072,8.34514132,-0.608609165,-0.743711382,1.10867552,0.96099518,1.46719908,-77.569615,51.5271685,12.8452436,-3.72424901,-4.1860579,-69.4654989,False,False
NGC 6624,-417.3,254.892425,-28.9219261,7.63620735,-5.68871037,8.32544305,-0.600645888,-0.748960769,1.10724074,0.960061308,1.46550325,-78.1574028,51.1283847,15.213794,-3.78140767,-4.15207492,-69.5560681,False,False
NGC 6624,-417.4,254.889135,-28.9611158,7.64438356,-5.72194048,8.30392619,-0.59262299,-0.754169175,1.10556348,0.95915231,1.46364058,-78.735519,50.7257496,17.5874319,-3.83843371,-4.1182424,-69.6392362,False,False
NGC 6624,-417.5,254.887782,-29.0010707,7.6525826,-5.75473949,8.28059403,-0.584541465,-0.759336202,1.10364319,0.958269374,1.4616116,-79.3039006,50.3191622,19.9662941,-3.89533279,-4.08456326,-69.7151529,False,False
NGC 6624,-417.6,254.888367,-29.0417878,7.66080359,-5.7871058,8.2554498,-0.576402311,-0.764461441,1.10147934,0.957413662,1.45941689,-79.8624797,49.908519,22.3505166,-3.95211064,-4.05104047,-69.7839629,False,False
NGC 6624,-417.7,254.89089,-29.0832644,7.66904565,-5.81903781,8.22849661,-0.568206536,-0.769544471,1.09907137,0.956586305,1.45705705,-80.4111833,49.4937132,24.7402341,-4.00877296,-4.01767704,-69.8458064,False,False
NGC 6624,-417.8,254.895352,-29.1254976,7.67730791,-5.85053385,8.19973751,-0.559955152,-0.77458486,1.09641872,0.955788406,1.45453274,-80.9499333,49.0746351,27.13558,-4.06532551,-3.98447607,-69.9008187,False,False
NGC 6624,-417.9,254.901753,-29.1684843,7.68558954,-5.88159223,8.16917544,-0.551649182,-0.779582166,1.0935208,0.955021033,1.45184466,-81.4786465,48.6511718,29.5366862,-4.12177403,-3.9514407,-69.9491306,False,False
NGC 6624,-418,254.910096,-29.2122215,7.69388968,-5.91221123,8.13681325,-0.543289656,-0.784535935,1.09037701,0.954285222,1.44899355,-81.997234,48.2232071,31.9436827,-4.17812431,-3.91857416,-69.9908678,False,False
NGC 6624,-418.1,254.92038,-29.256706,7.70220752,-5.94238909,8.10265371,-0.534877616,-0.789445701,1.08698676,0.953581973,1.44598022,-82.5056019,47.7906214,34.3566979,-4.23438213,-3.88587974,-70.0261515,False,False
NGC 6624,-418.2,254.932607,-29.3019347,7.71054224,-5.97212399,8.06669949,-0.526414111,-0.794310983,1.0833494,0.952912249,1.44280549,-83.0036507,47.3532915,36.775858,-4.29055326,-3.85336086,-70.055098,False,False
NGC 6624,-418.3,254.94678,-29.3479042,7.71889303,-6.0014141,8.02895318,-0.517900203,-0.799131292,1.07946432,0.952276977,1.43947027,-83.491275,46.9110908,39.2012867,-4.34664351,-3.82102099,-70.0778189,False,False
NGC 6624,-418.4,254.962899,-29.3946112,7.72725911,-6.03025752,7.98941728,-0.509336962,-0.803906121,1.07533086,0.951677042,1.4359755,-83.9683641,46.4638886,41.6331052,-4.40265865,-3.78886373,-70.0944208,False,False
NGC 6624,-418.5,254.980968,-29.4420521,7.7356397,-6.0586523,7.9480942,-0.500725472,-0.808634953,1.07094836,0.951113287,1.4323222,-84.4348012,46.0115507,44.071432,-4.45860448,-3.75689279,-70.1050056,False,False
NGC 6624,-418.6,255.000989,-29.4902236,7.74403401,-6.08659644,7.90498626,-0.492066829,-0.813317256,1.06631615,0.950586515,1.42851141,-84.8904636,45.5539383,46.5163823,-4.51448675,-3.725112,-70.1096702,False,False
NGC 6624,-418.7,255.022963,-29.5391219,7.75244129,-6.1140879,7.8600957,-0.483362142,-0.817952482,1.06143355,0.95009748,1.42454428,-85.3352227,45.090909,48.9680679,-4.57031124,-3.69352533,-70.1085065,False,False
NGC 6624,-418.8,255.046895,-29.5887432,7.76086077,-6.14112458,7.81342468,-0.474612531,-0.82254007,1.05629987,0.949646893,1.42042199,-85.7689435,44.6223157,51.4265969,-4.62608366,-3.66213687,-70.1016016,False,False
NGC 6624,-418.9,255.072786,-29.6390838,7.76929171,-6.1677043,7.76497527,-0.465819135,-0.827079444,1.0509144,0.949235415,1.41614581,-86.1914848,44.1480069,53.8920731,-4.68180974,-3.63095089,-70.0890375,False,False
NGC 6624,-419,255.100641,-29.6901397,7.77773337,-6.19382484,7.71474947,-0.456983102,-0.831570011,1.04527642,0.948863657,1.41171705,-86.6026991,43.6678265,56.364596,-4.73749516,-3.59997179,-70.070891,False,False
NGC 6624,-419.1,255.130463,-29.7419069,7.78618501,-6.2194839,7.66274918,-0.448105599,-0.836011162,1.0393852,0.948532178,1.40713713,-87.0024321,43.1816137,58.8442601,-4.79314555,-3.56920418,-70.047234,False,False
NGC 6624,-419.2,255.162254,-29.7943812,7.7946459,-6.24467913,7.60897625,-0.43918781,-0.840402272,1.03324002,0.948241484,1.40240752,-87.3905229,42.6892025,61.3311543,-4.84876651,-3.5386528,-70.0181331,False,False
NGC 6624,-419.3,255.19602,-29.8475583,7.80311532,-6.26940808,7.55343246,-0.430230932,-0.844742699,1.02684013,0.947992026,1.3975298,-87.766804,42.1904222,63.825362,-4.90436357,-3.50832264,-69.9836498,False,False
NGC 6624,-419.4,255.231764,-29.9014339,7.81159254,-6.29366825,7.49611951,-0.421236183,-0.849031781,1.02018478,0.947784198,1.39250561,-88.1311008,41.6850966,66.3269597,-4.95994223,-3.47821887,-69.9438402,False,False
NGC 6624,-419.5,255.269492,-29.9560033,7.82007686,-6.31745706,7.43703904,-0.412204797,-0.85326884,1.0132732,0.947618335,1.38733669,-88.4832315,41.1730439,68.8360174,-5.01550789,-3.44834687,-69.8987553,False,False
NGC 6624,-419.6,255.309206,-30.011262,7.82856757,-6.34077183,7.37619263,-0.403138028,-0.85745318,1.00610463,0.94749471,1.38202488,-88.8230074,40.6540771,71.3525971,-5.07106586,-3.41871228,-69.8484406,False,False
NGC 6624,-419.7,255.350912,-30.067205,7.83706394,-6.3636098,7.31358181,-0.394037151,-0.861584082,0.998678306,0.947413535,1.37657211,-89.1502322,40.1280031,73.8767526,-5.1266214,-3.38932098,-69.7929361,False,False
NGC 6624,-419.8,255.394616,-30.1238275,7.84556529,-6.38596815,7.24920805,-0.384903458,-0.86566081,0.990993442,0.947374957,1.37098042,-89.4647023,39.594623,76.4085289,-5.18217962,-3.36017911,-69.7322764,False,False
NGC 6624,-419.9,255.440322,-30.1811243,7.8540709,-6.40784392,7.18307278,-0.375738265,-0.869682606,0.983049259,0.947379058,1.36525196,-89.7662064,39.0537317,78.947961,-5.23774554,-3.33129308,-69.6664907,False,False
NGC 6624,-420,255.488035,-30.2390901,7.86258007,-6.42923409,7.11517739,-0.366542909,-0.873648692,0.974844972,0.94742585,1.359389,-90.0545255,38.505118,81.4950732,-5.29332404,-3.30266962,-69.5956022,False,False
NGC 6624,-420.1,255.537762,-30.2977196,7.87109211,-6.45013552,7.04552325,-0.35731875,-0.877558266,0.966379796,0.947515277,1.35339392,-90.3294329,37.9485639,84.0498782,-5.34891985,-3.27431575,-69.519629,False,False
NGC 6624,-420.2,255.589509,-30.3570069,7.8796063,-6.47054497,6.97411168,-0.348067172,-0.881410505,0.957652943,0.94764721,1.34726924,-90.5906939,37.3838451,86.6123764,-5.40453753,-3.24623884,-69.438583,False,False
NGC 6624,-420.3,255.64328,-30.4169464,7.88812195,-6.4904591,6.90094401,-0.338789583,-0.885204563,0.948663627,0.947821449,1.34101759,-90.8380655,36.8107302,89.1825541,-5.46018147,-3.21844661,-69.3524707,False,False
NGC 6624,-420.4,255.699083,-30.4775319,7.89663834,-6.50987444,6.82602154,-0.329487415,-0.888939567,0.939411065,0.948037716,1.33464177,-91.071297,36.2289809,91.7603831,-5.51585583,-3.19094714,-69.2612926,False,False
NGC 6624,-420.5,255.756924,-30.5387572,7.90515479,-6.52878742,6.74934559,-0.320162129,-0.892614624,0.929894476,0.948295658,1.32814472,-91.290129,35.6383519,94.3458186,-5.57156457,-3.16374892,-69.1650435,False,False
NGC 6624,-420.6,255.81681,-30.6006159,7.91367057,-6.54719434,6.67091748,-0.31081521,-0.896228811,0.920113085,0.948594843,1.32152952,-91.4942943,35.0385904,96.9387987,-5.62731136,-3.13686085,-69.0637123,False,False
NGC 6624,-420.7,255.878747,-30.6631011,7.92218497,-6.56509137,6.59073856,-0.301448173,-0.899781182,0.910066124,0.948934759,1.31479942,-91.6835168,34.4294363,99.5392421,-5.68309963,-3.11029227,-68.957282,False,False
NGC 6624,-420.8,255.942743,-30.7262061,7.93069728,-6.58247454,6.50881021,-0.29206256,-0.903270763,0.899752835,0.94931481,1.30795786,-91.8575125,33.8106216,102.147047,-5.73893246,-3.08405301,-68.8457298,False,False
NGC 6624,-420.9,256.008803,-30.7899235,7.93920678,-6.59933977,6.42513386,-0.282659943,-0.90669655,0.889172472,0.949734319,1.30100844,-92.0159887,33.1818709,104.762089,-5.79481261,-3.05815337,-68.729027,False,False
NGC 6624,-421,256.076937,-30.8542459,7.94771274,-6.61568282,6.339711,-0.273241925,-0.910057515,0.878324301,0.950192522,1.29395495,-92.1586444,32.5429008,107.38422,-5.85074244,-3.03260419,-68.6071389,False,False
NGC 6624,-421.1,256.147151,-30.9191655,7.95621443,-6.6314993,6.25254321,-0.263810139,-0.913352596,0.867207607,0.950688569,1.28680138,-92.2851701,31.89342,110.013263,-5.90672388,-3.00741686,-68.4800252,False,False
NGC 6624,-421.2,256.219452,-30.9846742,7.96471111,-6.64678469,6.16363216,-0.254366252,-0.916580704,0.855821692,0.951221519,1.27955193,-92.3952483,31.2331293,112.649015,-5.96275842,-2.98260337,-68.3476397,False,False
NGC 6624,-421.3,256.293849,-31.0507636,7.97320204,-6.66153428,6.07297962,-0.244911962,-0.919740717,0.844165883,0.951790343,1.27221103,-92.488553,30.5617211,115.29124,-6.018847,-2.95817634,-68.2099304,False,False
NGC 6624,-421.4,256.370349,-31.1174249,7.98168645,-6.67574323,5.98058754,-0.235449002,-0.922831483,0.83223953,0.95239392,1.26478331,-92.5647505,29.8788801,117.939668,-6.07499002,-2.93414903,-68.0668399,False,False
NGC 6624,-421.5,256.448959,-31.1846491,7.99016359,-6.68940653,5.88645797,-0.225979138,-0.925851815,0.820042015,0.953031036,1.25727366,-92.6234989,29.1842827,120.593993,-6.13118721,-2.91053542,-67.9183054,False,False
NGC 6624,-421.6,256.529688,-31.2524266,7.99863269,-6.70251898,5.79059319,-0.216504173,-0.928800495,0.807572752,0.953700381,1.24968723,-92.6644491,28.4775973,123.253866,-6.18743763,-2.88735023,-67.7642586,False,False
NGC 6624,-421.7,256.612544,-31.3207475,8.00709296,-6.71507521,5.69299567,-0.207025945,-0.931676269,0.794831193,0.954400551,1.2420294,-92.6872446,27.7584845,125.918898,-6.24373957,-2.86460898,-67.6046263,False,False
NGC 6624,-421.8,256.697534,-31.3896016,8.01554361,-6.72706968,5.59366812,-0.197546329,-0.934477848,0.781816833,0.955130044,1.23430586,-92.6915221,27.026597,128.58865,-6.30009046,-2.84232802,-67.4393303,False,False
NGC 6624,-421.9,256.784666,-31.4589781,8.02398383,-6.73849665,5.49261353,-0.188067239,-0.937203907,0.768529213,0.955887258,1.22652256,-92.6769118,26.2815799,131.262629,-6.35648679,-2.82052459,-67.2682883,False,False
NGC 6624,-422,256.873948,-31.5288658,8.03241282,-6.74935019,5.38983517,-0.178590625,-0.939853086,0.75496793,0.956670494,1.21868577,-92.6430382,25.5230712,133.940289,-6.41292403,-2.79921688,-67.0914134,False,False
NGC 6624,-422.1,256.965388,-31.5992529,8.04082974,-6.75962418,5.28533669,-0.169118476,-0.942423986,0.741132636,0.957477952,1.21080205,-92.5895208,24.7507018,136.621021,-6.4693965,-2.77842409,-66.9086152,False,False
NGC 6624,-422.2,257.058993,-31.6701273,8.04923376,-6.76931229,5.17912208,-0.159652822,-0.94491517,0.727023052,0.958307728,1.20287831,-92.5159747,23.9640963,139.304147,-6.52589724,-2.75816648,-66.7198002,False,False
NGC 6624,-422.3,257.15477,-31.7414759,8.05762402,-6.77840799,5.07119581,-0.15019573,-0.947325162,0.712638971,0.959157818,1.19492176,-92.4220113,23.1628732,141.988918,-6.58241794,-2.73846545,-66.5248721,False,False
NGC 6624,-422.4,257.252727,-31.8132856,8.06599965,-6.78690454,4.96156278,-0.140749308,-0.949652448,0.697980266,0.960026115,1.18694001,-92.3072399,22.3466458,144.674503,-6.6389487,-2.71934362,-66.3237325,False,False
NGC 6624,-422.5,257.35287,-31.8855422,8.07435978,-6.79479499,4.85022846,-0.131315705,-0.951895474,0.683046899,0.960910406,1.178941,-92.1712685,21.5150229,147.359985,-6.69547797,-2.70082489,-66.1162821,False,False
NGC 6624,-422.6,257.455206,-31.9582311,8.08270351,-6.80207215,4.73719889,-0.121897109,-0.954052645,0.667838934,0.961808378,1.17093305,-92.0137054,20.6676097,150.044349,-6.75199229,-2.68293454,-65.902421,False,False
NGC 6624,-422.7,257.559741,-32.0313368,8.09102993,-6.80872865,4.62248078,-0.112495747,-0.956122326,0.65235654,0.962717609,1.16292487,-91.8341605,19.8040092,152.726478,-6.80847614,-2.66569933,-65.6820498,False,False
NGC 6624,-422.8,257.66648,-32.1048432,8.09933812,-6.81475686,4.50608157,-0.103113889,-0.95810284,0.636600007,0.963635578,1.15492558,-91.6322473,18.9238229,155.405138,-6.8649117,-2.64914756,-65.455071,False,False
NGC 6624,-422.9,257.775428,-32.1787335,8.10762715,-6.82014895,4.38800948,-0.0937538401,-0.959992472,0.620569759,0.964559655,1.1469447,-91.4075849,18.0266529,158.078973,-6.92127862,-2.63330924,-65.2213898,False,False
NGC 6624,-423,257.886591,-32.2529897,8.11589607,-6.82489686,4.26827365,-0.0844179472,-0.961789463,0.604266364,0.965487111,1.13899219,-91.1598,17.1121031,160.746486,-6.97755373,-2.61821615,-64.9809156,False,False
NGC 6624,-423.1,257.99997,-32.3275933,8.12414392,-6.82899231,4.14688422,-0.0751085935,-0.963492017,0.587690552,0.966415111,1.1310784,-90.8885297,16.1797816,163.406032,-7.03371077,-2.60390201,-64.7335636,False,False
NGC 6624,-423.2,258.11557,-32.4025247,8.13236972,-6.83242679,4.02385237,-0.0658281988,-0.965098296,0.57084323,0.967340722,1.12321417,-90.5934243,15.2293027,166.055798,-7.08972002,-2.59040259,-64.4792563,False,False
NGC 6624,-423.3,258.23339,-32.4777633,8.14057248,-6.83519158,3.89919054,-0.056579218,-0.966606424,0.553725497,0.968260908,1.11541074,-90.2741501,14.2602893,168.693792,-7.14554794,-2.57775589,-64.2179251,False,False
NGC 6624,-423.4,258.353433,-32.5532873,8.14875121,-6.83727774,3.77291247,-0.0473641391,-0.968014486,0.536338667,0.969172537,1.10767982,-89.9303933,13.2723761,171.317819,-7.20115677,-2.5660023,-63.9495126,False,False
NGC 6624,-423.5,258.475697,-32.6290739,8.15690491,-6.83867614,3.64503336,-0.0381854811,-0.969320532,0.518684291,0.970072381,1.10003355,-89.5618633,12.2652129,173.925466,-7.25650404,-2.55518479,-63.6739741,False,False
NGC 6624,-423.6,258.60018,-32.7050992,8.16503254,-6.83937742,3.51557008,-0.0290457912,-0.970522575,0.500764178,0.970957119,1.09248455,-89.1682972,11.2384678,176.514076,-7.31154206,-2.5453491,-63.3912804,False,False
NGC 6624,-423.7,258.726877,-32.7813377,8.1731331,-6.83937205,3.38454124,-0.019947642,-0.971618597,0.482580421,0.971823341,1.08504584,-88.7494643,10.1918317,179.080725,-7.36621735,-2.536544,-63.1014194,False,False
NGC 6624,-423.8,258.855784,-32.8577627,8.18120555,-6.83865034,3.25196747,-0.0108936278,-0.972606549,0.464135429,0.972667554,1.07773089,-88.3051706,9.12502273,181.622191,-7.42046998,-2.5288215,-62.8043986,False,False
NGC 6624,-423.9,258.986891,-32.9343461,8.18924887,-6.8372024,3.11787159,-0.00188636074,-0.973484355,0.445431956,0.973486183,1.07055358,-87.8352647,8.03779135,184.134926,-7.47423286,-2.5222372,-62.5002478,False,False
NGC 6624,-424,259.120189,-33.011058,8.19726202,-6.83501823,2.98227881,0.00707153416,-0.974249915,0.426473135,0.974275579,1.0635282,-87.3396429,6.92992586,186.61502,-7.52743092,-2.51685054,-62.1890205,False,False
NGC 6624,-424.1,259.255665,-33.0878668,8.20524396,-6.8320877,2.84521706,0.0159774239,-0.97490111,0.407262524,0.975032026,1.0566694,-86.8182554,5.80125863,189.058162,-7.57998022,-2.51272519,-61.8707966,False,False
NGC 6624,-424.2,259.393302,-33.1647394,8.21319369,-6.82840059,2.70671722,0.0248286733,-0.975435805,0.38780414,0.975751748,1.04999215,-86.2711125,4.65167278,191.459595,-7.63178694,-2.5099294,-61.5456841,False,False
NGC 6624,-424.3,259.533081,-33.2416403,8.22111016,-6.82394662,2.56681343,0.0336226517,-0.975851859,0.368102513,0.976430916,1.04351176,-85.6982911,3.48110947,193.814074,-7.68274632,-2.50853648,-61.2138202,False,False
NGC 6624,-424.4,259.674979,-33.3185322,8.22899238,-6.81871546,2.42554349,0.0423567399,-0.976147125,0.348162736,0.97706566,1.03724375,-85.0999412,2.28957581,196.115807,-7.73274143,-2.5086252,-60.8753722,False,False
NGC 6624,-424.5,259.818967,-33.3953753,8.23683936,-6.81269683,2.2829492,0.0510283382,-0.976319462,0.327990524,0.977652077,1.03120384,-84.476293,1.07715329,198.358403,-7.78164186,-2.51028032,-60.5305376,False,False
NGC 6624,-424.6,259.965015,-33.4721276,8.2446501,-6.80588048,2.13907682,0.0596348746,-0.976366742,0.307592281,0.978186247,1.02540789,-83.8276629,-0.155993251,200.534815,-7.8293024,-2.51359308,-60.1795427,False,False
NGC 6624,-424.7,260.113084,-33.5487442,8.25242365,-6.79825628,1.9939775,0.0681738145,-0.976286857,0.286975165,0.978664241,1.01987178,-83.1544604,-1.40960622,202.637274,-7.87556161,-2.51866168,-59.82264,False,False
NGC 6624,-424.8,260.26313,-33.6251775,8.26015907,-6.78981424,1.84770783,0.0766426698,-0.976077732,0.266147171,0.979082141,1.01461133,-82.4571939,-2.68332558,204.657236,-7.92024048,-2.52559169,-59.4601044,False,False
NGC 6624,-424.9,260.415105,-33.7013767,8.26785545,-6.78054464,1.70033038,0.0850390099,-0.975737334,0.245117207,0.979436051,1.00964223,-81.7364755,-3.97667897,206.585328,-7.96314119,-2.53449637,-59.0922265,False,False
NGC 6624,-425,260.568949,-33.777288,8.27551189,-6.77043803,1.55191424,0.0933604723,-0.975263683,0.223895185,0.979722119,1.00497984,-80.993026,-5.28907195,208.411319,-8.00404636,-2.54549665,-58.7193041,False,False
NGC 6624,-425.1,260.724599,-33.8528537,8.28312752,-6.75948533,1.40253563,0.101604774,-0.97465487,0.202492107,0.979936552,1.00063914,-80.2276776,-6.61977877,210.12411,-8.04271873,-2.55872075,-58.3416311,False,False
NGC 6624,-425.2,260.881981,-33.9280127,8.29070151,-6.74767793,1.25227851,0.109769722,-0.973909063,0.180920153,0.980075637,0.996634515,-79.4413752,-7.96793398,211.711785,-8.07890201,-2.5743031,-57.9594838,False,False
NGC 6624,-425.3,261.041011,-34.0027,8.29823304,-6.73500774,1.10123503,0.117853228,-0.973024529,0.159192759,0.980135764,0.992979582,-78.6351768,-9.33252573,213.161712,-8.1123231,-2.59238231,-57.573105,False,False
NGC 6624,-425.4,261.201596,-34.0768465,8.3057213,-6.72146732,0.949505959,0.125853314,-0.971999644,0.137324681,0.980113445,0.989687038,-77.8102503,-10.7123914,214.460761,-8.14269638,-2.61309793,-57.1826868,False,False
NGC 6624,-425.5,261.363633,-34.1503794,8.31316549,-6.70704995,0.797200948,0.13376813,-0.970832914,0.11533203,0.980005336,0.986768431,-76.9678687,-12.1062164,215.595624,-8.16973061,-2.63658554,-56.7883538,False,False
NGC 6624,-425.6,261.527009,-34.223222,8.32056484,-6.69174971,0.64443841,0.141595961,-0.969522983,0.0932322692,0.979808262,0.98423396,-76.1094026,-13.512538,216.553288,-8.19313878,-2.66297014,-56.3901483,False,False
NGC 6624,-425.7,261.691599,-34.2952945,8.32791855,-6.67556159,0.491345113,0.149335234,-0.968068655,0.07104415,0.979519236,0.982092258,-75.2363089,-14.9297537,217.321632,-8.21265092,-2.69235791,-55.9880212,False,False
NGC 6624,-425.8,261.857271,-34.3665141,8.33522581,-6.65848157,0.338055275,0.156984532,-0.966468902,0.0487875886,0.979135477,0.980350198,-74.3501174,-16.356137,217.890143,-8.22802926,-2.72482672,-55.5818309,False,False
NGC 6624,-425.9,262.023884,-34.4367966,8.3424858,-6.64050667,0.184709166,0.164542595,-0.964722881,0.026483464,0.978654434,0.979012705,-73.4524134,-17.789859,218.250659,-8.23908422,-2.76041668,-55.1713526,False,False
NGC 6624,-426,262.191291,-34.506057,8.34969766,-6.62163503,0.0314511767,0.17200833,-0.962829936,0.00415333763,0.978073796,0.978082615,-72.5448187,-19.2290172,218.39805,-8.24568908,-2.79912192,-54.7562993,False,False
NGC 6624,-426.1,262.35934,-34.574211,8.35686049,-6.6018659,-0.121572468,0.179380808,-0.960789612,-0.0181808796,0.977391504,0.977560584,-71.6289701,-20.6716684,218.330701,-8.2477907,-2.84088537,-54.3363524,False,False
NGC 6624,-426.2,262.52788,-34.6411766,8.36397338,-6.58119971,-0.274216272,0.186659268,-0.95860165,-0.0404973024,0.976605758,0.977445056,-70.7064964,-22.1158655,218.050724,-8.24541435,-2.88559781,-53.9111977,False,False
NGC 6624,-426.3,262.69676,-34.7068754,8.37103537,-6.55963801,-0.426338026,0.193843115,-0.956265991,-0.0627744476,0.97571502,0.97773229,-69.7789968,-23.5596933,217.563828,-8.23866146,-2.93310148,-53.4805614,False,False
NGC 6624,-426.4,262.865832,-34.7712338,8.37804546,-6.53718345,-0.577801154,0.200931915,-0.953782769,-0.0849915824,0.974718013,0.978416462,-68.848019,-25.0013025,216.878875,-8.22770083,-2.98319795,-53.0442408,False,False
NGC 6624,-426.5,263.034956,-34.8341842,8.38500267,-6.51383973,-0.728476659,0.207925389,-0.9511523,-0.107129014,0.973613714,0.979489811,-67.9150409,-26.4389377,216.007225,-8.21275505,-3.03565876,-52.602124,False,False
NGC 6624,-426.6,263.203997,-34.8956652,8.39190599,-6.48961154,-0.878244552,0.214823402,-0.948375076,-0.129168306,0.972401346,0.980942827,-66.9814549,-27.8709598,214.961965,-8.19408461,-3.0902371,-52.1541997,False,False
NGC 6624,-426.7,263.372832,-34.9556227,8.39875442,-6.46450444,-1.02699473,0.221625962,-0.945451749,-0.151092418,0.971080365,0.982764466,-66.0485563,-29.2958605,213.757152,-8.17197205,-3.14667904,-51.7005544,False,False
NGC 6624,-426.8,263.541343,-35.0140092,8.40554697,-6.43852484,-1.17462739,0.228333199,-0.942383119,-0.172885765,0.969650448,0.984942374,-65.117535,-30.7122705,212.407144,-8.14670805,-3.20473298,-51.2413627,False,False
NGC 6624,-426.9,263.709425,-35.0707842,8.41228268,-6.41167984,-1.32105292,0.234945362,-0.939170118,-0.194534224,0.968111477,0.987463112,-64.1894716,-32.1189625,210.926073,-8.11858025,-3.26415697,-50.7768719,False,False
NGC 6624,-427,263.876979,-35.1259135,8.41896063,-6.38397719,-1.46619162,0.241462804,-0.935813796,-0.216025091,0.966463526,0.990312368,-63.2653356,-33.5148486,209.327467,-8.08786523,-3.32472373,-50.307385,False,False
NGC 6624,-427.1,264.043918,-35.179369,8.42557992,-6.35542519,-1.60997312,0.247885971,-0.93231531,-0.237347,0.964706842,0.993475158,-62.3459876,-34.8989754,207.624004,-8.05482328,-3.38622355,-49.8332432,False,False
NGC 6624,-427.2,264.210161,-35.2311282,8.4321397,-6.3260326,-1.75233564,0.254215393,-0.928675904,-0.258489835,0.962841836,0.996936004,-61.4321827,-36.2705161,205.82738,-8.01969546,-3.44846573,-49.3548105,False,False
NGC 6624,-427.3,264.375634,-35.2811733,8.43863914,-6.2958086,-1.89322532,0.26045167,-0.924896904,-0.279444622,0.960869062,1.0006791,-60.524576,-37.6287618,203.948255,-7.98270239,-3.51127875,-48.8724611,False,False
NGC 6624,-427.4,264.540272,-35.3294912,8.44507749,-6.26476267,-2.0325954,0.266595467,-0.9209797,-0.300203425,0.958789211,1.00468843,-59.6237288,-38.9731119,201.996263,-7.9440443,-3.57450961,-48.3865682,True,True
NGC 6624,-427.5,264.704014,-35.3760726,8.45145402,-6.23290456,-2.17040552,0.2726475,-0.91692574,-0.320759241,0.956603089,1.00894795,-58.7301157,-40.303064,199.980055,-7.90390177,-3.63802283,-47.8974966,True,True
NGC 6624,-427.6,264.866807,-35.4209118,8.45776803,-6.20024424,-2.30662103,0.278608528,-0.912736518,-0.341105907,0.954311617,1.01344161,-57.844132,-41.6182049,197.907362,-7.86243697,-3.70169903,-47.4055974,True,True
NGC 6624,-427.7,265.028602,-35.4640061,8.46401888,-6.16679183,-2.44121234,0.28447935,-0.908413567,-0.361238005,0.95191581,1.01815353,-56.9661013,-42.918201,195.785069,-7.81979516,-3.76543349,-46.9112033,True,True
NGC 6624,-427.8,265.189353,-35.5053555,8.47020595,-6.13255756,-2.57415432,0.290260793,-0.90395845,-0.38115078,0.949416772,1.023068,-56.0962826,-44.2027899,193.619296,-7.7761062,-3.82913471,-46.4146275,True,True
NGC 6624,-427.9,265.349021,-35.5449623,8.47632868,-6.09755175,-2.70542583,0.295953707,-0.899372753,-0.40084007,0.946815687,1.02816959,-55.2348769,-45.471772,191.415475,-7.73148609,-3.89272299,-45.9161617,True,True
NGC 6624,-428,265.507569,-35.582831,8.48238652,-6.06178476,-2.83500923,0.301558961,-0.89465808,-0.420302234,0.944113811,1.0334432,-54.3820345,-46.7250039,189.17842,-7.68603841,-3.95612914,-45.4160764,True,True
NGC 6624,-428.1,265.664962,-35.6189677,8.48837897,-6.02526694,-2.96288991,0.307077437,-0.889816047,-0.439534097,0.941312461,1.03887409,-53.5378605,-47.9623909,186.912397,-7.63985566,-4.01929325,-44.9146211,True,True
NGC 6624,-428.2,265.821172,-35.6533801,8.49430554,-5.98800866,-3.08905602,0.312510023,-0.884848278,-0.458532893,0.938413016,1.04444789,-52.7024203,-49.1838812,184.621184,-7.5930205,-4.08216365,-44.4120252,True,True
NGC 6624,-428.3,265.976169,-35.6860771,8.50016577,-5.95002023,-3.21349806,0.317857617,-0.879756399,-0.477296219,0.935416905,1.05015069,-51.8757454,-50.3894609,182.308129,-7.54560683,-4.14469591,-43.9084992,True,True
NGC 6624,-428.4,266.129929,-35.7170688,8.50595925,-5.91131192,-3.33620863,0.323121113,-0.874542037,-0.495821997,0.932325602,1.05596898,-51.0578371,-51.5791481,179.976194,-7.49768075,-4.206852,-43.4042358,True,True
NGC 6624,-428.5,266.282428,-35.7463663,8.51168557,-5.87189391,-3.45718216,0.328301409,-0.869206815,-0.514108434,0.929140625,1.06188972,-50.2486713,-52.7529896,177.628004,-7.44930152,-4.26859951,-42.8994115,True,True
NGC 6624,-428.6,266.433644,-35.7739815,8.51734435,-5.83177632,-3.5764147,0.333399395,-0.86375235,-0.532153987,0.925863531,1.06790034,-49.4482017,-53.9110563,175.265885,-7.40052222,-4.32991098,-42.3941878,True,True
NGC 6624,-428.7,266.583559,-35.7999269,8.52293522,-5.79096914,-3.69390368,0.338415959,-0.858180251,-0.54995734,0.92249591,1.07398872,-48.6563636,-55.0534397,172.891896,-7.35139053,-4.39076332,-41.8887125,True,True
NGC 6624,-428.8,266.732153,-35.8242156,8.52845785,-5.74948228,-3.80964781,0.343351978,-0.852492116,-0.567517374,0.919039384,1.08014321,-47.8730761,-56.1802492,170.50786,-7.30194927,-4.45113725,-41.3831213,True,True
NGC 6624,-428.9,266.879411,-35.8468612,8.53391191,-5.70732552,-3.92364683,0.348208322,-0.846689533,-0.584833145,0.915495604,1.08635262,-47.0982454,-57.291609,168.115393,-7.25223696,-4.51101689,-40.8775386,True,True
NGC 6624,-429,267.025317,-35.8678777,8.5392971,-5.66450853,-4.03590145,0.352985852,-0.840774073,-0.601903867,0.911866248,1.0926062,-46.3317665,-58.3876561,165.715925,-7.20228827,-4.5703893,-40.372079,True,True
NGC 6624,-429.1,267.169857,-35.8872793,8.54461312,-5.62104085,-4.14641319,0.357685416,-0.834747296,-0.618728888,0.908153019,1.09889369,-45.5735254,-59.4685375,163.310722,-7.15213446,-4.62924418,-39.8668485,True,True
NGC 6624,-429.2,267.313017,-35.9050807,8.54985969,-5.57693188,-4.25518427,0.362307849,-0.828610745,-0.635307682,0.904357642,1.10520523,-44.8234007,-60.5344089,160.900903,-7.10180372,-4.68757351,-39.3619447,True,True
NGC 6624,-429.3,267.454787,-35.9212964,8.55503657,-5.53219089,-4.36221754,0.366853975,-0.822365947,-0.651639827,0.900481866,1.1115314,-44.0812652,-61.5854328,158.487457,-7.05132148,-4.7453713,-38.8574586,True,True
NGC 6624,-429.4,267.595154,-35.9359414,8.56014349,-5.48682703,-4.46751636,0.371324606,-0.816014412,-0.667724998,0.896527458,1.11786321,-43.3469872,-62.621777,156.071258,-7.00071071,-4.80263332,-38.3534749,True,True
NGC 6624,-429.5,267.734108,-35.9490306,8.56518023,-5.44084929,-4.57108455,0.375720537,-0.809557631,-0.683562954,0.892496207,1.12419206,-42.6204315,-63.6436135,153.653075,-6.94999219,-4.85935694,-37.8500727,True,True
NGC 6624,-429.6,267.87164,-35.9605789,8.57014656,-5.39426653,-4.67292632,0.380042551,-0.802997081,-0.699153528,0.888389921,1.13050976,-41.9014604,-64.6511169,151.233585,-6.89918468,-4.91554089,-37.3473266,True,True
NGC 6624,-429.7,268.007741,-35.9706013,8.57504227,-5.34708747,-4.77304619,0.384291417,-0.796334217,-0.714496616,0.884210427,1.13680847,-41.1899348,-65.6444642,148.813385,-6.84830516,-4.97118509,-36.8453066,True,True
NGC 6624,-429.8,268.142402,-35.9791128,8.57986715,-5.29932071,-4.87144898,0.38846789,-0.789570479,-0.729592173,0.879959569,1.14308074,-40.4857145,-66.6238332,146.392993,-6.79736899,-5.02629054,-36.3440792,True,True
NGC 6624,-429.9,268.275616,-35.9861282,8.58462102,-5.25097469,-4.9681397,0.392572708,-0.782707286,-0.744440204,0.875639211,1.14931947,-39.7886592,-67.5894019,143.972866,-6.74639005,-5.08085919,-35.8437076,True,True
NGC 6624,-430,268.407376,-35.9916625,8.58930371,-5.20205773,-5.06312357,0.396606598,-0.775746042,-0.759040756,0.871251236,1.15551789,-39.0986286,-68.5413481,141.5534,-6.69538091,-5.13489377,-35.3442523,True,True
NGC 6624,-430.1,268.537675,-35.9957302,8.59391503,-5.15257801,-5.15640593,0.400570271,-0.768688131,-0.773393915,0.866797545,1.16166955,-38.4154834,-69.4798488,139.134935,-6.64435291,-5.18839775,-34.8457711,True,True
NGC 6624,-430.2,268.666506,-35.9983462,8.59845483,-5.10254357,-5.24799225,0.404464425,-0.761534917,-0.787499798,0.86228006,1.16776831,-37.7390851,-70.4050793,136.717766,-6.59331631,-5.24137522,-34.3483199,True,True
NGC 6624,-430.3,268.793865,-35.9995248,8.60292296,-5.05196235,-5.33788808,0.408289741,-0.754287751,-0.801358552,0.857700719,1.17380835,-37.0692968,-71.3172133,134.302146,-6.54228037,-5.2938308,-33.8519527,True,True
NGC 6624,-430.4,268.919745,-35.9992805,8.60731927,-5.00084212,-5.426099,0.41204689,-0.746947962,-0.814970346,0.853061485,1.17978412,-36.4059833,-72.216422,131.888285,-6.49125342,-5.34576962,-33.356722,True,True
NGC 6624,-430.5,269.044142,-35.9976274,8.61164364,-4.94919056,-5.51263065,0.415736526,-0.739516863,-0.828335369,0.848364338,1.18569032,-35.749011,-73.1028742,129.476363,-6.44024297,-5.39719717,-32.8626788,True,True
NGC 6624,-430.6,269.167051,-35.9945796,8.61589595,-4.89701521,-5.59748864,0.419359291,-0.731995751,-0.841453827,0.843611282,1.19152194,-35.0982487,-73.9767359,127.066526,-6.38925577,-5.44811933,-32.3698732,True,True
NGC 6624,-430.7,269.288467,-35.9901509,8.62007607,-4.84432351,-5.68067861,0.422915814,-0.724385905,-0.85432594,0.838804343,1.19727421,-34.4535671,-74.83817,124.658891,-6.33829784,-5.49854227,-31.8783542,True,True
NGC 6624,-430.8,269.408387,-35.9843551,8.6241839,-4.79112276,-5.76220614,0.42640671,-0.716688588,-0.866951938,0.833945571,1.20294259,-33.8148395,-75.6873359,122.25355,-6.2873746,-5.54847243,-31.3881702,True,True
NGC 6624,-430.9,269.526806,-35.9772057,8.62821935,-4.73742016,-5.84207677,0.429832582,-0.708905046,-0.87933206,0.82903704,1.20852277,-33.1819414,-76.5243899,119.850573,-6.23649085,-5.59791645,-30.8993688,True,True
NGC 6624,-431,269.643721,-35.9687159,8.63218231,-4.6832228,-5.92029599,0.43319402,-0.701036511,-0.891466549,0.824080851,1.21401065,-32.554751,-77.3494844,117.450009,-6.18565084,-5.64688116,-30.4119972,True,True
NGC 6624,-431.1,269.759128,-35.9588988,8.63607272,-4.62853766,-5.9968692,0.436491601,-0.693084197,-0.903355653,0.819079131,1.21940234,-31.9331489,-78.1627684,115.051885,-6.13485833,-5.69537357,-29.9261022,True,True
NGC 6624,-431.2,269.873025,-35.9477675,8.63989049,-4.57337162,-6.07180175,0.43972589,-0.685049306,-0.914999625,0.814034035,1.22469413,-31.3170183,-78.9643868,112.656214,-6.08411661,-5.74340077,-29.4417304,True,True
NGC 6624,-431.3,269.985408,-35.9353346,8.64363556,-4.51773144,-6.14509886,0.442897443,-0.676933022,-0.926398713,0.808947749,1.22988253,-30.7062449,-79.7544808,110.262994,-6.03342852,-5.79096999,-28.9589282,True,True
NGC 6624,-431.4,270.096275,-35.9216125,8.64730787,-4.46162382,-6.21676566,0.446006799,-0.668736518,-0.937553168,0.80382249,1.23496419,-30.1007172,-80.5331877,107.872205,-5.98279652,-5.83808851,-28.4777419,True,True
NGC 6624,-431.5,270.205622,-35.9066137,8.65090738,-4.40505532,-6.28680719,0.449054492,-0.660460952,-0.948463238,0.798660507,1.23993593,-29.5003262,-81.3006405,105.483818,-5.93222269,-5.88476369,-27.9982177,True,True
NGC 6624,-431.6,270.313448,-35.8903503,8.65443403,-4.34803246,-6.35522834,0.452041039,-0.652107467,-0.959129166,0.793464082,1.24479476,-28.9049654,-82.0569684,103.09779,-5.88170877,-5.9310029,-27.5204019,True,True
NGC 6624,-431.7,270.419749,-35.872834,8.65788779,-4.29056162,-6.4220339,0.454966952,-0.643677195,-0.96955119,0.788235535,1.24953782,-28.314531,-82.8022966,100.71407,-5.83125614,-5.97681357,-27.0443411,True,True
NGC 6624,-431.8,270.524525,-35.8540765,8.66126864,-4.23264913,-6.48722852,0.457832727,-0.635171255,-0.979729543,0.782977221,1.25416239,-27.7289217,-83.536746,98.332595,-5.78086593,-6.02220311,-26.5700819,True,True
NGC 6624,-431.9,270.627771,-35.8340895,8.66457656,-4.17430123,-6.55081671,0.460638854,-0.626590752,-0.989664452,0.777691536,1.2586659,-27.1480387,-84.2604335,95.9532938,-5.73053895,-6.06717895,-26.097671,True,True
NGC 6624,-432,270.729488,-35.812884,8.66781152,-4.11552407,-6.61280286,0.463385811,-0.617936784,-0.999356135,0.772380915,1.26304591,-26.5717857,-84.9734719,93.576088,-5.68027575,-6.11174848,-25.6271556,True,True
NGC 6624,-432.1,270.829672,-35.7904711,8.67097354,-4.05632374,-6.67319118,0.466074066,-0.609210431,-1.0088048,0.767047837,1.26730009,-26.0000687,-85.6759699,91.2008915,-5.63007664,-6.15591909,-25.1585832,True,True
NGC 6624,-432.2,270.928322,-35.7668618,8.6740626,-3.99670625,-6.73198578,0.468704079,-0.600412768,-1.01801065,0.761694825,1.27142624,-25.4327965,-86.368032,88.8276118,-5.57994168,-6.19969812,-24.6920016,True,True
NGC 6624,-432.3,271.025435,-35.7420665,8.67707873,-3.93667755,-6.78919057,0.471276301,-0.591544856,-1.02697388,0.756324446,1.27542229,-24.8698797,-87.0497588,86.4561502,-5.52987073,-6.24309289,-24.2274588,True,True
NGC 6624,-432.4,271.121011,-35.7160958,8.68002193,-3.87624349,-6.84480934,0.473791171,-0.582607747,-1.03569466,0.750939319,1.27928624,-24.3112317,-87.7212467,84.0864028,-5.47986342,-6.28611065,-23.7650036,True,True
NGC 6624,-432.5,271.215048,-35.6889599,8.68289224,-3.81540991,-6.89884572,0.476249122,-0.573602485,-1.04417317,0.745542109,1.28301623,-23.756768,-88.3825878,81.7182606,-5.42991918,-6.3287586,-23.304685,True,True
NGC 6624,-432.6,271.307543,-35.6606688,8.68568968,-3.75418254,-6.95130317,0.478650578,-0.564530101,-1.05240956,0.740135535,1.28661047,-23.2064061,-89.0338706,79.35161,-5.38003728,-6.37104389,-22.8465524,True,True
NGC 6624,-432.7,271.398496,-35.6312322,8.6884143,-3.69256709,-7.00218498,0.480995954,-0.55539162,-1.06040399,0.734722369,1.29006728,-22.6600661,-89.6751792,76.9863334,-5.33021679,-6.41297359,-22.3906561,True,True
NGC 6624,-432.8,271.487905,-35.60066,8.69106614,-3.63056919,-7.05149431,0.483285657,-0.546188059,-1.06815658,0.729305438,1.29338505,-22.11767,-90.3065938,74.6223092,-5.28045662,-6.45455471,-21.9370466,True,True
NGC 6624,-432.9,271.575768,-35.5689613,8.69364526,-3.56819443,-7.09923412,0.485520088,-0.536920424,-1.07566746,0.723887628,1.29656229,-21.5791418,-90.9281905,72.2594126,-5.23075551,-6.49579419,-21.485775,True,True
NGC 6624,-433,271.662085,-35.5361456,8.69615173,-3.50544836,-7.14540722,0.487699637,-0.527589718,-1.08293673,0.718471882,1.29959756,-21.0444078,-91.5400415,69.8975154,-5.18111204,-6.53669888,-21.0368932,True,True
NGC 6624,-433.1,271.746853,-35.5022219,8.69858561,-3.44233647,-7.19001625,0.489824689,-0.518196932,-1.08996449,0.713061208,1.30248949,-20.5133959,-92.142215,67.5364866,-5.13152468,-6.57727555,-20.5904535,True,True
NGC 6624,-433.2,271.830071,-35.4671989,8.70094698,-3.3788642,-7.23306369,0.491895621,-0.508743053,-1.09675083,0.707658672,1.30523683,-19.9860365,-92.734775,65.1761926,-5.08199171,-6.6175309,-20.146509,True,True
NGC 6624,-433.3,271.911738,-35.4310853,8.70323592,-3.31503698,-7.27455185,0.493912804,-0.499229061,-1.10329581,0.702267408,1.30783835,-19.4622614,-93.3177818,62.8164972,-5.03251132,-6.65747153,-19.7051133,True,True
NGC 6624,-433.4,271.991853,-35.3938897,8.70545254,-3.25086018,-7.31448285,0.495876599,-0.48965593,-1.10959949,0.696890617,1.31029293,-18.9420044,-93.8912917,60.4572621,-4.98308154,-6.69710396,-19.2663209,True,True
NGC 6624,-433.5,272.070413,-35.3556203,8.70759693,-3.18633913,-7.35285866,0.497787365,-0.480024629,-1.1156619,0.691531565,1.31259947,-18.4252013,-94.455357,58.0983469,-4.93370028,-6.73643461,-18.8301869,True,True
NGC 6624,-433.6,272.147419,-35.3162852,8.70966921,-3.12147916,-7.38968106,0.49964545,-0.470336122,-1.12148307,0.686193591,1.31475698,-17.9117896,-95.0100259,55.7396092,-4.88436535,-6.77546982,-18.3967671,True,True
NGC 6624,-433.7,272.222867,-35.2758924,8.71166948,-3.05628554,-7.42495168,0.501451199,-0.460591366,-1.12706301,0.680880101,1.3167645,-17.4017083,-95.555343,53.3809052,-4.83507443,-6.81421581,-17.966118,True,True
NGC 6624,-433.8,272.296757,-35.2344496,8.71359788,-2.99076352,-7.45867197,0.50320495,-0.450791317,-1.13240173,0.675594577,1.31862114,-16.8948983,-96.0913487,51.022089,-4.78582508,-6.85267875,-17.5382972,True,True
NGC 6624,-433.9,272.369088,-35.1919644,8.71545454,-2.92491834,-7.49084319,0.504907033,-0.440936924,-1.13749919,0.670340572,1.32032605,-16.3913021,-96.6180795,48.6630136,-4.73661477,-6.89086466,-17.1133626,True,True
NGC 6624,-434,272.439857,-35.1484442,8.71723959,-2.85875522,-7.52146644,0.506557774,-0.431029135,-1.14235536,0.665121714,1.32187846,-15.8908639,-97.1355681,46.3035305,-4.68744084,-6.9287795,-16.6913735,True,True
NGC 6624,-434.1,272.509064,-35.1038963,8.7189532,-2.79227935,-7.55054266,0.508157494,-0.421068893,-1.14697021,0.659941703,1.32327764,-15.3935294,-97.6438431,43.9434899,-4.63830055,-6.96642911,-16.2723895,True,True
NGC 6624,-434.2,272.576707,-35.0583277,8.72059552,-2.72549592,-7.57807259,0.509706508,-0.411057139,-1.15134365,0.654804319,1.32452289,-14.8992458,-98.1429292,41.582741,-4.58919106,-7.00381924,-15.8564714,True,True
NGC 6624,-434.3,272.642784,-35.0117453,8.7221667,-2.65841008,-7.60405681,0.511205125,-0.400994812,-1.15547561,0.649713413,1.3256136,-14.4079617,-98.6328471,39.2211316,-4.54010942,-7.04095553,-15.4436808,True,True
NGC 6624,-434.4,272.707293,-34.964156,8.72366694,-2.59102701,-7.62849572,0.512653648,-0.390882849,-1.159366,0.644672913,1.32654916,-13.9196276,-99.1136136,36.8585089,-4.49105259,-7.07784353,-15.0340803,True,True
NGC 6624,-434.5,272.770234,-34.9155662,8.72509641,-2.52335185,-7.65138956,0.514052378,-0.380722184,-1.1630147,0.639686821,1.32732906,-13.4341948,-99.5852415,34.4947189,-4.44201744,-7.11448865,-14.6277332,True,True
NGC 6624,-434.6,272.831604,-34.8659826,8.72645529,-2.45538976,-7.67273837,0.515401608,-0.370513752,-1.16642159,0.634759213,1.32795278,-12.9516166,-100.047739,32.1296067,-4.39300075,-7.15089625,-14.2247041,True,True
NGC 6624,-434.7,272.891402,-34.8154112,8.7277438,-2.3871459,-7.69254204,0.516701629,-0.360258487,-1.16958652,0.629894238,1.32841988,-12.4718473,-100.501112,29.7630168,-4.34399921,-7.18707153,-13.8250583,True,True
NGC 6624,-434.8,272.949626,-34.7638584,8.72896215,-2.3186254,-7.71080027,0.517952725,-0.349957321,-1.17250933,0.625096114,1.32872995,-11.9948427,-100.94536,27.3947928,-4.29500942,-7.22301962,-13.4288623,True,True
NGC 6624,-434.9,273.006274,-34.71133,8.73011054,-2.24983345,-7.7275126,0.519155176,-0.339611188,-1.17518985,0.620369129,1.32888263,-11.5205598,-101.38048,25.0247776,-4.24602789,-7.25874552,-13.0361834,True,True
NGC 6624,-435,273.061343,-34.657832,8.7311892,-2.18077519,-7.74267837,0.520309259,-0.329221023,-1.17762789,0.615717636,1.3288776,-11.048957,-101.806465,22.6528136,-4.19705106,-7.29425414,-12.6470903,True,True
NGC 6624,-435.1,273.114833,-34.60337,8.73219838,-2.11145581,-7.75629678,0.521415247,-0.318787758,-1.17982324,0.61114605,1.32871456,-10.5799939,-102.223302,20.2787425,-4.14807528,-7.32955026,-12.2616525,True,True
NGC 6624,-435.2,273.166741,-34.5479496,8.73313831,-2.0418805,-7.76836684,0.522473406,-0.308312332,-1.18177568,0.606658845,1.32839328,-10.1136312,-102.630975,17.9024054,-4.09909681,-7.36463855,-11.8799406,True,True
NGC 6624,-435.3,273.217065,-34.4915764,8.73400925,-1.97205447,-7.77888736,0.523484001,-0.297795682,-1.18348496,0.602260548,1.32791356,-9.64983113,-103.029465,15.5236431,-4.05011184,-7.39952359,-11.5020267,True,True
NGC 6624,-435.4,273.265802,-34.4342555,8.73481147,-1.90198295,-7.78785702,0.524447292,-0.287238749,-1.18495084,0.597955735,1.32727523,-9.18855678,-103.418746,13.1422957,-4.00111648,-7.43420981,-11.1279835,True,True
NGC 6624,-435.5,273.312951,-34.3759921,8.73554523,-1.83167119,-7.79527431,0.525363535,-0.276642475,-1.18617303,0.593749024,1.32647818,-8.72977255,-103.79879,10.758203,-3.95210675,-7.46870155,-10.7578855,True,True
NGC 6624,-435.6,273.35851,-34.3167914,8.73621082,-1.76112447,-7.80113752,0.526232984,-0.266007807,-1.18715125,0.589645069,1.32552231,-8.27344394,-104.169564,8.37120451,-3.9030786,-7.50300302,-10.3918078,True,True
NGC 6624,-435.7,273.402474,-34.2566582,8.73680853,-1.69034809,-7.80544481,0.527055888,-0.255335696,-1.18788519,0.585648553,1.32440758,-7.81953755,-104.531028,5.98113925,-3.8540279,-7.53711833,-10.0298272,True,True
NGC 6624,-435.8,273.444843,-34.1955974,8.73733866,-1.61934739,-7.80819413,0.527832493,-0.244627095,-1.18837453,0.581764176,1.323134,-7.36802109,-104.883142,3.58784606,-3.80495046,-7.57105144,-9.67202167,True,True
NGC 6624,-435.9,273.485614,-34.1336136,8.73780153,-1.54812775,-7.80938328,0.528563042,-0.233882964,-1.18861894,0.577996652,1.3217016,-6.91886332,-105.225857,1.19116351,-3.75584198,-7.60480621,-9.31847029,True,True
NGC 6624,-436,273.524783,-34.0707115,8.73819745,-1.47669458,-7.80900988,0.529247773,-0.223104265,-1.18861805,0.574350693,1.32011045,-6.47203407,-105.559122,-1.20906999,-3.70669812,-7.63838637,-8.96925364,True,True
NGC 6624,-436.1,273.562349,-34.0068955,8.73852677,-1.40505334,-7.80707138,0.529886925,-0.212291968,-1.18837151,0.570831002,1.31836068,-6.02750416,-105.882881,-3.61301619,-3.65751444,-7.67179552,-8.62445359,True,True
NGC 6624,-436.2,273.598308,-33.9421699,8.73878982,-1.33320952,-7.80356505,0.530480731,-0.201447049,-1.18787891,0.567442261,1.31645244,-5.58524547,-106.197072,-6.02083692,-3.60828644,-7.70503713,-8.28415342,True,True
NGC 6624,-436.3,273.632656,-33.8765391,8.73898696,-1.26116868,-7.79848798,0.531029422,-0.190570489,-1.18713985,0.564189115,1.31438594,-5.14523083,-106.501627,-8.43269403,-3.55900955,-7.73811455,-7.94843779,True,True
NGC 6624,-436.4,273.665392,-33.8100072,8.73911855,-1.1889364,-7.79183713,0.531533225,-0.179663278,-1.18615392,0.561076165,1.31216142,-4.70743409,-106.796477,-10.8487493,-3.50967911,-7.77103097,-7.61739281,True,True
NGC 6624,-436.5,273.696512,-33.7425782,8.73918496,-1.11651836,-7.78360923,0.531992367,-0.168726411,-1.18492067,0.558107947,1.30977917,-4.27183001,-107.081544,-13.2691646,-3.4602904,-7.80378948,-7.29110605,True,True
NGC 6624,-436.6,273.726012,-33.6742562,8.7391866,-1.04392026,-7.77380089,0.532407069,-0.157760895,-1.18343966,0.555288923,1.30723954,-3.83839434,-107.356745,-15.6941012,-3.41083863,-7.836393,-6.96966661,True,True
NGC 6624,-436.7,273.75389,-33.6050449,8.73912384,-0.97114789,-7.76240852,0.532777554,-0.146767741,-1.18171041,0.552623463,1.3045429,-3.40710372,-107.621994,-18.1237206,-3.36131895,-7.86884433,-6.65316506,True,True
NGC 6624,-436.8,273.780141,-33.5349483,8.73899711,-0.898207085,-7.74942837,0.533104039,-0.135747973,-1.17973242,0.550115832,1.30168968,-2.97793573,-107.877197,-20.5581836,-3.31172641,-7.9011461,-6.34169355,True,True
NGC 6624,-436.9,273.804762,-33.46397,8.73880682,-0.825103765,-7.73485652,0.53338674,-0.124702622,-1.17750521,0.547770169,1.29868036,-2.55086883,-108.122256,-22.9976508,-3.26205603,-7.93330081,-6.03534583,True,True
NGC 6624,-437,273.827749,-33.3921137,8.73855341,-0.751843919,-7.71868889,0.533625871,-0.113632733,-1.17502825,0.545590477,1.29551548,-2.12588236,-108.357066,-25.4422822,-3.21230273,-7.9653108,-5.73421724,True,True
NGC 6624,-437.1,273.849099,-33.3193829,8.73823733,-0.678433617,-7.70092123,0.533821643,-0.102539358,-1.17230101,0.543580598,1.29219562,-1.70295655,-108.581517,-27.892237,-3.16246138,-7.99717825,-5.43840475,True,True
NGC 6624,-437.2,273.868806,-33.2457811,8.73785902,-0.604879009,-7.6815491,0.533974267,-0.0914235622,-1.16932292,0.541744207,1.28872141,-1.28207246,-108.795491,-30.3476739,-3.11252678,-8.02890519,-5.14800703,True,True
NGC 6624,-437.3,273.886868,-33.1713118,8.73741897,-0.531186334,-7.66056793,0.534083951,-0.0802864243,-1.16609343,0.540084786,1.28509356,-0.863212018,-108.998868,-32.8087506,-3.06249367,-8.06049345,-4.86312442,True,True
NGC 6624,-437.4,273.90328,-33.0959783,8.73691765,-0.457361921,-7.63797296,0.534150899,-0.0691290343,-1.16261194,0.538605613,1.28131282,-0.446357951,-109.191516,-35.2756238,-3.01235674,-8.09194474,-4.58385901,True,True
NGC 6624,-437.5,273.918037,-33.0197839,8.73635556,-0.383412196,-7.61375929,0.534175318,-0.0579524963,-1.15887786,0.537309745,1.27738,-0.0314938217,-109.373301,-37.7484488,-2.96211059,-8.12326055,-4.31031463,True,True
NGC 6624,-437.6,273.931135,-32.9427318,8.7357332,-0.309343685,-7.58792183,0.534157409,-0.0467579285,-1.15489057,0.536200001,1.27329599,0.381396014,-109.544079,-40.2273799,-2.91174978,-8.15444221,-4.04259688,True,True
NGC 6624,-437.7,273.942569,-32.8648254,8.73505112,-0.235163018,-7.56045534,0.534097373,-0.035546464,-1.15064944,0.535278951,1.26906174,0.792326408,-109.703702,-42.7125695,-2.86126882,-8.18549085,-3.78081318,True,True
NGC 6624,-437.8,273.952335,-32.7860677,8.73430982,-0.160876935,-7.53135444,0.533995411,-0.0243192519,-1.14615382,0.534548898,1.26467826,1.20131144,-109.852013,-45.2041686,-2.81066215,-8.21640742,-3.52507278,True,True
NGC 6624,-437.9,273.960427,-32.7064619,8.73350988,-0.0864922932,-7.50061357,0.53385172,-0.0130774572,-1.14140305,0.534011871,1.26014666,1.60836442,-109.988848,-47.702326,-2.75992418,-8.24719264,-3.27548678,True,True
NGC 6624,-438,273.966841,-32.6260111,8.73265185,-0.0120160666,-7.46822702,0.533666497,-0.00182226245,-1.13639644,0.533669608,1.25546809,2.01349792,-110.114035,-50.2071883,-2.70904925,-8.27784706,-3.03216816,True,True
NGC 6624,-438.1,273.971571,-32.5447183,8.73173631,0.062544644,-7.43418893,0.533439939,0.00944513215,-1.13113331,0.53352355,1.25064382,2.41672377,-110.227395,-52.7188999,-2.65803166,-8.30837099,-2.79523181,True,True
NGC 6624,-438.2,273.974611,-32.4625866,8.73076386,0.137182607,-7.3984933,0.533172239,0.0207235075,-1.12561295,0.533574831,1.24567517,2.81805307,-110.328741,-55.2376021,-2.60686568,-8.33876452,-2.56479452,True,True
NGC 6624,-438.3,273.975957,-32.3796191,8.7297351,0.211890456,-7.36113395,0.532863591,0.0320116251,-1.11983464,0.53382427,1.24056357,3.21749623,-110.417878,-57.7634333,-2.55554554,-8.36902751,-2.34097505,True,True
NGC 6624,-438.4,273.975603,-32.2958187,8.72865065,0.286660682,-7.32210458,0.532514188,0.0433082257,-1.11379763,0.534272368,1.23531054,3.61506296,-110.494602,-60.2965285,-2.50406543,-8.39915958,-2.12389408,True,True
NGC 6624,-438.5,273.973543,-32.2111886,8.72751116,0.361485627,-7.28139875,0.532124221,0.0546120293,-1.10750119,0.534919303,1.2299177,4.01076227,-110.558699,-62.837019,-2.45241952,-8.42916009,-1.9136743,True,True
NGC 6624,-438.6,273.96977,-32.1257317,8.72631728,0.436357481,-7.23900986,0.531693881,0.0659217332,-1.10094454,0.535764927,1.22438676,4.40460254,-110.60995,-65.3850318,-2.40060197,-8.45902816,-1.71044036,True,True
NGC 6624,-438.7,273.96428,-32.039451,8.72506968,0.511268274,-7.19493119,0.531223356,0.0772360118,-1.09412691,0.53680877,1.21871956,4.79659148,-110.648123,-67.9406893,-2.34860689,-8.4887626,-1.51431891,True,True
NGC 6624,-438.8,273.957065,-31.9523497,8.72376905,0.586209867,-7.14915588,0.530712837,0.0885535156,-1.08704752,0.538050036,1.21291803,5.18673619,-110.672978,-70.5041089,-2.29642842,-8.51836198,-1.32543859,True,True
NGC 6624,-438.9,273.948119,-31.8644308,8.72241608,0.66117395,-7.10167694,0.530162512,0.0998728696,-1.07970556,0.539487608,1.20698425,5.57504313,-110.684266,-73.0754024,-2.24406069,-8.54782455,-1.14393007,True,True
NGC 6624,-439,273.937436,-31.7756975,8.72101151,0.736152035,-7.05248727,0.529572567,0.111192673,-1.07210023,0.541120055,1.2009204,5.9615182,-110.681726,-75.6546753,-2.19149783,-8.57714826,-0.969926004,True,True
NGC 6624,-439.1,273.92501,-31.6861529,8.71955606,0.811135443,-7.00157964,0.52894319,0.122511499,-1.0642307,0.542945638,1.19472881,6.34616672,-110.665089,-78.2420264,-2.13873399,-8.60633073,-0.803561048,True,True
NGC 6624,-439.2,273.910832,-31.5958002,8.7180505,0.886115304,-6.94894671,0.528274569,0.13382789,-1.05609614,0.544962314,1.18841195,6.72899343,-110.634073,-80.837547,-2.08576338,-8.63536926,-0.644971852,True,True
NGC 6624,-439.3,273.894897,-31.5046427,8.71649559,0.961082546,-6.89458104,0.527566888,0.145140361,-1.04769571,0.547167749,1.18197244,7.11000259,-110.588387,-83.4413201,-2.03258021,-8.66426077,-0.494297042,True,True
NGC 6624,-439.4,273.877197,-31.4126839,8.71489213,1.03602789,-6.83847508,0.526820333,0.156447397,-1.03902856,0.549559325,1.17541303,7.48919792,-110.527729,-86.0534199,-1.97917877,-8.69300185,-0.351677197,True,True
NGC 6624,-439.5,273.857725,-31.319927,8.71324092,1.11094183,-6.7806212,0.526035091,0.167747451,-1.03009384,0.552134154,1.16873669,7.8665827,-110.451784,-88.6739105,-1.92555342,-8.72158868,-0.21725483,True,True
NGC 6624,-439.6,273.836473,-31.2263757,8.7115428,1.18581465,-6.72101167,0.525211345,0.179038942,-1.0208907,0.554889087,1.16194652,8.24215972,-110.360226,-91.3028454,-1.87169861,-8.75001705,-0.0911743478,True,True
NGC 6624,-439.7,273.813435,-31.1320335,8.7097986,1.26063639,-6.65963869,0.524349281,0.190320256,-1.01141825,0.557820731,1.15504582,8.61593141,-110.252718,-93.9402661,-1.81760889,-8.77828231,0.0264179847,True,True
NGC 6624,-439.8,273.788602,-31.0369042,8.7080092,1.33539686,-6.5964944,0.523449083,0.201589745,-1.00167563,0.560925456,1.14803809,8.98789976,-110.128907,-96.5862011,-1.76327892,-8.8063794,0.135374095,True,True
NGC 6624,-439.9,273.761967,-30.9409918,8.70617548,1.41008561,-6.53157088,0.522510935,0.212845723,-0.991661981,0.564199414,1.14092702,9.35806647,-109.988432,-99.2406648,-1.70870355,-8.83430276,0.235544162,True,True
NGC 6624,-440,273.733521,-30.8443001,8.70429834,1.48469192,-6.46486017,0.521535022,0.224086465,-0.981376416,0.56763855,1.13371654,9.7264329,-109.830916,-101.903656,-1.65387776,-8.86204638,0.326776684,True,True
NGC 6624,-440.1,273.703257,-30.7468333,8.70237871,1.55920484,-6.39635426,0.520521528,0.235310211,-0.970818069,0.571238616,1.1264108,10.0930002,-109.65597,-104.575156,-1.59879676,-8.88960372,0.408918558,True,True
NGC 6624,-440.2,273.671167,-30.6485958,8.70041755,1.6336131,-6.32604513,0.519470637,0.246515156,-0.95998607,0.574995187,1.11901417,10.4577691,-109.46319,-107.255129,-1.54345598,-8.9169677,0.481815177,True,True
NGC 6624,-440.3,273.637243,-30.5495921,8.6984158,1.70790516,-6.25392478,0.518382532,0.257699456,-0.948879557,0.57890367,1.11153132,10.8207406,-109.252161,-109.943517,-1.4878511,-8.9441307,0.54531053,True,True
NGC 6624,-440.4,273.601475,-30.4498269,8.69637447,1.7820692,-6.17998517,0.517257398,0.268861222,-0.937497672,0.582959323,1.10396715,11.1819151,-109.022451,-112.640241,-1.43197813,-8.97108449,0.599247329,True,True
NGC 6624,-440.5,273.563857,-30.3493051,8.69429456,1.85609307,-6.10421833,0.516095417,0.279998522,-0.925839568,0.587157263,1.09632685,11.5412933,-108.773615,-115.345197,-1.37583339,-8.99782023,0.643467149,True,True
NGC 6624,-440.6,273.524379,-30.2480318,8.69217711,1.92996432,-6.02661632,0.514896775,0.291109375,-0.913904409,0.591492482,1.08861592,11.8988757,-108.505194,-118.058255,-1.31941362,-9.02432842,0.677810577,True,True
NGC 6624,-440.7,273.483033,-30.1460126,8.69002315,2.00367015,-5.94717126,0.513661653,0.302191754,-0.901691374,0.595959857,1.08084018,12.2546631,-108.216715,-120.779256,-1.26271596,-9.05059888,0.702117394,True,True
NGC 6624,-440.8,273.43981,-30.0432529,8.68783378,2.07719747,-5.86587538,0.512390237,0.313243584,-0.889199662,0.600554159,1.07300575,12.6086563,-107.907688,-123.508007,-1.20573808,-9.07662071,0.716226776,True,True
NGC 6624,-440.9,273.394701,-29.9397589,8.68561008,2.15053279,-5.782721,0.511082709,0.324262738,-0.876428489,0.605270071,1.06511913,12.9608564,-107.577611,-126.244285,-1.14847816,-9.10238225,0.719977517,True,True
NGC 6624,-441,273.347699,-29.8355367,8.68335318,2.2236623,-5.6977006,0.509739253,0.335247036,-0.863377101,0.610102189,1.05718716,13.3112648,-107.225966,-128.987825,-1.09093504,-9.12787104,0.713208281,True,True
NGC 6624,-441.1,273.298795,-29.730593,8.68106422,2.29657181,-5.61080681,0.508360052,0.346194245,-0.850044769,0.615045037,1.04921709,13.6598836,-106.852221,-131.738322,-1.03310822,-9.15307378,0.695757887,True,True
NGC 6624,-441.2,273.24798,-29.6249348,8.67874436,2.36924676,-5.52203247,0.506945288,0.357102077,-0.836430799,0.620093072,1.04121655,14.0067151,-106.455828,-134.495425,-0.974998006,-9.17797629,0.667465618,True,True
NGC 6624,-441.3,273.195246,-29.5185693,8.67639479,2.44167219,-5.43137066,0.505495145,0.367968188,-0.822534536,0.625240697,1.03319359,14.3517625,-106.036228,-137.258735,-0.916605541,-9.20256344,0.628171578,True,True
NGC 6624,-441.4,273.140583,-29.4115044,8.67401673,2.51383276,-5.33881472,0.504009805,0.378790174,-0.808355367,0.630482259,1.02515671,14.6950299,-105.592844,-140.027798,-0.857932955,-9.22681913,0.577717076,True,True
NGC 6624,-441.5,273.083985,-29.3037482,8.67161141,2.58571272,-5.2443583,0.502489448,0.389565574,-0.79389273,0.635812065,1.01711487,15.036522,-105.125091,-142.8021,-0.798983452,-9.25072622,0.515945072,True,True
NGC 6624,-441.6,273.025443,-29.1953094,8.66918008,2.6572959,-5.14799543,0.500934258,0.400291864,-0.779146119,0.641224382,1.00907749,15.376245,-104.632367,-145.581062,-0.739761436,-9.27426648,0.442700653,True,True
NGC 6624,-441.7,272.96495,-29.0861971,8.66672403,2.72856571,-5.04972053,0.499344414,0.410966461,-0.764115089,0.646713442,1.00105452,15.7142062,-104.114059,-148.364037,-0.680272653,-9.29742053,0.357831576,True,True
NGC 6624,-441.8,272.902496,-28.9764211,8.66424456,2.79950512,-4.94952847,0.497720096,0.421586714,-0.748799266,0.652273448,0.993056389,16.0504145,-103.569547,-151.150296,-0.620524336,-9.32016776,0.261188865,True,True
NGC 6624,-441.9,272.838076,-28.8659915,8.661743,2.87009668,-4.84741463,0.496061482,0.432149913,-0.733198355,0.65789858,0.985094092,16.3848801,-102.998195,-153.939028,-0.560525376,-9.3424863,0.15262747,True,True
NGC 6624,-442,272.771682,-28.7549193,8.65922069,2.94032248,-4.74337501,0.494368752,0.442653279,-0.717312149,0.663582992,0.977179158,16.7176157,-102.399365,-156.729327,-0.500286509,-9.36435288,0.0320070057,True,True
NGC 6624,-442.1,272.703308,-28.6432159,8.65667901,3.01016417,-4.63740623,0.492642079,0.453093969,-0.701140538,0.669320822,0.969323691,17.0486355,-101.772408,-159.520186,-0.43982052,-9.38574285,-0.100807436,True,True
NGC 6624,-442.2,272.632947,-28.5308935,8.65411936,3.07960292,-4.52950563,0.49088164,0.463469074,-0.684683521,0.675106189,0.961540374,17.3779564,-101.116675,-162.310485,-0.379142474,-9.40663,-0.245944384,True,True
NGC 6624,-442.3,272.560594,-28.4179651,8.65154315,3.14861949,-4.41967137,0.489087607,0.473775617,-0.667941218,0.680933199,0.953842488,17.7055981,-100.43151,-165.098981,-0.318269969,-9.42698653,-0.403524992,True,True
NGC 6624,-442.4,272.486244,-28.3044442,8.64895181,3.21719413,-4.30790251,0.48726015,0.484010554,-0.650913882,0.686795945,0.946243918,18.0315827,-99.7162611,-167.884296,-0.257223419,-9.44678293,-0.573661934,True,True
NGC 6624,-442.5,272.409892,-28.1903454,8.64634681,3.28530668,-4.19419912,0.485399439,0.494170776,-0.633601916,0.692688509,0.938759159,18.3559361,-98.9702797,-170.664903,-0.196026368,-9.4659879,-0.756458182,True,True
NGC 6624,-442.6,272.331536,-28.0756841,8.64372962,3.35293648,-4.07856235,0.483505637,0.504253106,-0.616005885,0.698604964,0.931403321,18.6786875,-98.1929237,-173.439111,-0.134705841,-9.48456819,-0.952005655,True,True
NGC 6624,-442.7,272.251173,-27.9604766,8.64110174,3.42006247,-3.96099461,0.481578908,0.514254304,-0.598126539,0.704539377,0.924192129,18.9998698,-97.3835632,-176.205051,-0.0732927328,-9.50248854,-1.16038373,True,True
NGC 6624,-442.8,272.168801,-27.8447401,8.63846468,3.48666311,-3.84149966,0.47961941,0.524171065,-0.579964827,0.710485808,0.917141911,19.3195205,-96.5415839,-178.960654,-0.0118222409,-9.51971148,-1.38165759,True,True
NGC 6624,-442.9,272.08442,-27.7284931,8.63581996,3.55271647,-3.72008278,0.477627297,0.534000022,-0.561521922,0.716438315,0.910269591,19.6376814,-95.6663931,-181.703634,0.049665648,-9.53619722,-1.61587642,True,True
NGC 6624,-443,271.998031,-27.6117549,8.63316914,3.61820017,-3.5967509,0.47560272,0.54373775,-0.542799241,0.722390952,0.903592665,19.9543995,-94.7574252,-184.431462,0.111125621,-9.55190347,-1.86307136,True,True
NGC 6624,-443.1,271.909637,-27.4945463,8.63051377,3.68309148,-3.47151281,0.473545823,0.553380767,-0.523798474,0.728337779,0.897129177,20.2697269,-93.8141482,-187.141343,0.172506432,-9.56678525,-2.12325334,True,True
NGC 6624,-443.2,271.819243,-27.3768892,8.62785541,3.74736727,-3.34437934,0.471456746,0.562925538,-0.504521612,0.734272854,0.890897683,20.5837212,-92.8360712,-189.830187,0.233750232,-9.5807947,-2.39641056,True,True
NGC 6624,-443.3,271.726853,-27.258807,8.62519566,3.8110041,-3.2153636,0.469335622,0.572368481,-0.484970979,0.740190249,0.884917202,20.8964462,-91.8227521,-192.494579,0.294791813,-9.5938808,-2.68250585,True,True
NGC 6624,-443.4,271.632478,-27.1403242,8.62253607,3.87397821,-3.08448116,0.467182577,0.581705972,-0.465149265,0.746084043,0.879207164,21.2079716,-90.7738069,-195.13074,0.355557768,-9.60598914,-2.98147362,True,True
NGC 6624,-443.5,271.536127,-27.0214673,8.61987826,3.93626559,-2.95175038,0.46499773,0.590934351,-0.445059567,0.751948334,0.873787339,21.5183733,-89.6889187,-197.734489,0.415965553,-9.61706158,-3.29321659,True,True
NGC 6624,-443.6,271.437815,-26.9022643,8.61722379,3.99784203,-2.81719268,0.462781192,0.600049929,-0.424705432,0.757777242,0.868677761,21.8277336,-88.5678486,-200.301201,0.475922433,-9.6270359,-3.61760209,True,True
NGC 6624,-443.7,271.337557,-26.7827449,8.61457426,4.05868316,-2.68083286,0.460533065,0.609048996,-0.404090908,0.763564917,0.863898631,22.1361407,-87.410447,-202.825751,0.535324323,-9.63584542,-3.95445801,True,True
NGC 6624,-443.8,271.235374,-26.6629407,8.61193123,4.1187645,-2.54269947,0.458253441,0.617927834,-0.38322059,0.769305547,0.859470212,22.4436889,-86.216665,-205.302468,0.594054492,-9.64341848,-4.30356825,True,True
NGC 6624,-443.9,271.131289,-26.5428856,8.60929628,4.1780616,-2.40282521,0.455942404,0.626682724,-0.362099686,0.774993363,0.855412705,22.7504772,-84.9865677,-207.725062,0.651982144,-9.64967796,-4.6646677,True,True
NGC 6624,-444,271.02533,-26.4226154,8.60667094,4.23655002,-2.26124738,0.453600026,0.635309961,-0.340734082,0.780622656,0.851746115,23.0566092,-83.7203473,-210.08657,0.708960875,-9.65454064,-5.03743657,True,True
NGC 6624,-444.1,270.917531,-26.3021687,8.60405674,4.29420551,-2.11800837,0.451226368,0.643805867,-0.319130413,0.786187783,0.8484901,23.3621912,-82.4183364,-212.379274,0.76482703,-9.65791657,-5.42149396,True,True
NGC 6624,-444.2,270.80793,-26.1815864,8.60145517,4.35100407,-1.97315621,0.448821481,0.652166805,-0.297296144,0.791683184,0.845663799,23.6673306,-81.0810221,-214.594631,0.819397996,-9.65970838,-5.81639071,False,False
NGC 6624,-444.3,270.696569,-26.0609123,8.59886768,4.40692204,-1.82674516,0.446385406,0.660389195,-0.275239662,0.797103394,0.843285653,23.9721334,-79.7090597,-216.7232,0.872470518,-9.65981055,-6.22160119,False,False
NGC 6624,-444.4,270.5835,-25.9401935,8.59629569,4.46193628,-1.67883637,0.443918171,0.668469537,-0.252970366,0.80244306,0.841373205,24.2767014,-78.3032861,-218.754573,0.923819176,-9.65810876,-6.636514,False,False
NGC 6624,-444.5,270.46878,-25.8194801,8.59374054,4.51602421,-1.52949854,0.441419795,0.676404422,-0.230498771,0.807696959,0.839942892,24.5811285,-76.8647318,-220.677327,0.973195261,-9.65447948,-7.0604214,False,False
NGC 6624,-444.6,270.352475,-25.698826,8.59120352,4.56916403,-1.37880866,0.438890289,0.68419056,-0.207836615,0.812860018,0.839009814,24.8854965,-75.3946319,-222.479006,1.02032637,-9.64878985,-7.49250745,False,False
NGC 6624,-444.7,270.234659,-25.578289,8.58868584,4.6213348,-1.22685268,0.436329655,0.691824797,-0.184996959,0.817927331,0.838587499,25.1898703,-73.8944345,-224.146166,1.06491721,-9.64089821,-7.931835,False,False
NGC 6624,-444.8,270.115416,-25.4579309,8.58618863,4.67251662,-1.07372619,0.43373789,0.699304138,-0.161994286,0.822894182,0.838687656,25.4942929,-72.3658064,-225.664493,1.10665232,-9.63065564,-8.37733188,False,False
NGC 6624,-444.9,269.994838,-25.3378178,8.58371288,4.72269074,-0.919534933,0.431114988,0.70662577,-0.138844577,0.827756071,0.839319921,25.79878,-70.8106343,-227.019057,1.14520129,-9.61790891,-8.82777741,False,False
NGC 6624,-445,269.873029,-25.2180202,8.58125949,4.77183976,-0.764395091,0.428460943,0.713787084,-0.115565355,0.832508728,0.840491602,26.1033159,-69.2310205,-228.194713,1.18022756,-9.6025053,-9.28179081,False,False
NGC 6624,-445.1,269.750102,-25.0986127,8.5788292,4.81994773,-0.60843328,0.425775752,0.720785697,-0.0921756792,0.837148142,0.842207438,26.4078491,-67.6292729,-229.17669,1.21140105,-9.58429958,-9.73782431,False,False
NGC 6624,-445.2,269.626181,-24.9796739,8.57642262,4.86700028,-0.451786023,0.42305942,0.727619471,-0.0686960667,0.841670581,0.84446937,26.7122911,-66.0078859,-229.951367,1.23841481,-9.56316323,-10.1941644,False,False
NGC 6624,-445.3,269.501396,-24.8612859,8.57404015,4.91298478,-0.294598676,0.420311963,0.734286531,-0.0451483312,0.846072607,0.847276359,27.0165166,-64.369514,-230.507183,1.26100461,-9.53899522,-10.6489453,False,False
NGC 6624,-445.4,269.375887,-24.7435329,8.57168203,4.95789039,-0.137023698,0.417533409,0.740785283,-0.0215553239,0.850351094,0.850624251,27.320367,-62.7169354,-230.835579,1.27896934,-9.51173329,-11.1001769,False,False
NGC 6624,-445.5,269.249795,-24.6265005,8.56934827,5.00170812,0.0207817146,0.414723808,0.747114419,0.00205942051,0.854503243,0.854505724,27.6236563,-61.0530088,-230.931832,1.29218889,-9.48136366,-11.5457895,False,False
NGC 6624,-445.6,269.123268,-24.5102741,8.5670387,5.04443094,0.178658445,0.411883225,0.753272926,0.025672104,0.858526582,0.858910327,27.92618,-59.380623,-230.795597,1.30063607,-9.44792723,-11.9836912,False,False
NGC 6624,-445.7,268.996448,-24.394937,8.56475294,5.08605371,0.336448542,0.409011752,0.759260086,0.0492591253,0.862418977,0.863824607,28.2277239,-57.702645,-230.431048,1.30437972,-9.41152078,-12.4118333,False,False
NGC 6624,-445.8,268.869476,-24.2805696,8.56249038,5.12657317,0.493998238,0.406109499,0.76507547,0.0727975293,0.866178619,0.869232351,28.5280746,-56.0218686,-229.846557,1.30357835,-9.37229253,-12.8282739,False,False
NGC 6624,-445.9,268.742486,-24.1672476,8.56025027,5.16598788,0.651160624,0.403176598,0.770718931,0.0962654034,0.869804024,0.875114888,28.8270272,-54.3409684,-229.054003,1.29846557,-9.33043304,-13.2312324,False,False
NGC 6624,-446,268.615605,-24.0550409,8.55803164,5.20429815,0.807797755,0.400213203,0.776190586,0.11964219,0.873294013,0.881451466,29.1243923,-52.6624614,-228.067842,1.28933044,-9.28616314,-13.6191286,False,False
NGC 6624,-446.1,268.488948,-23.9440134,8.55583341,5.24150588,0.963782092,0.397219484,0.7814908,0.1429089,0.8766477,0.888219648,29.4199997,-50.9886782,-226.904104,1.27649648,-9.23972116,-13.9906041,False,False
NGC 6624,-446.2,268.362623,-23.8342221,8.55365435,5.27761446,1.11899728,0.394195629,0.786620168,0.166048223,0.879864468,0.89539572,29.7137,-49.3217447,-225.579473,1.26030219,-9.19135113,-14.3445276,False,False
NGC 6624,-446.3,268.236724,-23.7257176,8.55149314,5.31262862,1.27333834,0.391141841,0.791579489,0.189044556,0.882943954,0.902955077,30.005365,-47.6635725,-224.11054,1.24108522,-9.14129318,-14.6799869,False,False
NGC 6624,-446.4,268.111337,-23.618544,8.54934836,5.3465543,1.42671142,0.388058332,0.796369748,0.211883963,0.885886022,0.910872581,30.2948859,-46.0158574,-222.513249,1.21917078,-9.08977656,-14.9962732,False,False
NGC 6624,-446.5,267.986538,-23.5127393,8.54721854,5.37939848,1.57903327,0.384945327,0.800992092,0.234554092,0.888690742,0.919122874,30.5821714,-44.3800842,-220.802546,1.19486405,-9.03701509,-15.2928597,False,False
NGC 6624,-446.6,267.862394,-23.4083359,8.54510216,5.41116905,1.73023043,0.381803059,0.805447809,0.257044057,0.891358373,0.927680654,30.8671457,-42.7575361,-218.992173,1.16844603,-8.98320472,-15.569379,False,False
NGC 6624,-446.7,267.738963,-23.3053612,8.54299765,5.44187471,1.88023843,0.378631767,0.80973831,0.279344313,0.893889337,0.936520898,31.1497456,-41.1493071,-217.0946,1.14017185,-8.92852262,-15.8256004,False,False
NGC 6624,-446.8,267.616297,-23.2038379,8.54090345,5.47152478,2.02900094,0.375431697,0.813865108,0.301446525,0.896284203,0.945619046,31.429919,-39.5563162,-215.121025,1.1102708,-8.87312735,-16.0614093,False,False
NGC 6624,-446.9,267.49444,-23.1037847,8.53881795,5.50012917,2.17646887,0.372203099,0.817829801,0.323343441,0.898543672,0.954951157,31.7076227,-37.9793227,-213.081427,1.07894748,-8.81715972,-16.2767882,False,False
NGC 6624,-447,267.373432,-23.0052165,8.53673956,5.52769822,2.32259961,0.368946228,0.821634058,0.345028771,0.900668554,0.964494011,31.982821,-36.4189416,-210.984662,1.04638357,-8.76074405,-16.4717999,False,False
NGC 6624,-447.1,267.253306,-22.9081454,8.53466671,5.55424263,2.46735626,0.365661342,0.825279603,0.366497076,0.902659759,0.974225203,32.2554845,-34.8756586,-208.838552,1.0127398,-8.70398958,-16.6465737,False,False
NGC 6624,-447.2,267.134091,-22.8125803,8.53259781,5.57977335,2.61070702,0.3623487,0.828768205,0.387743671,0.90451828,0.9841232,32.5255892,-33.3498447,-206.649993,0.978158094,-8.64699193,-16.8012925,False,False
NGC 6624,-447.3,267.015812,-22.7185279,8.5305313,5.60430157,2.75262452,0.359008566,0.832101666,0.408764529,0.906245184,0.994167377,32.7931155,-31.8417696,-204.425053,0.942763572,-8.58983458,-16.936183,False,False
NGC 6624,-447.4,266.898491,-22.6259927,8.52846564,5.62783858,2.89308534,0.355641205,0.835281809,0.429556211,0.907841598,1.00433804,33.058048,-30.3516141,-202.169068,0.906666463,-8.53259022,-17.0515066,False,False
NGC 6624,-447.5,266.782147,-22.5349775,8.52639932,5.65039578,3.03206951,0.352246882,0.838310474,0.450115784,0.909308702,1.01461645,33.3203744,-28.8794818,-199.886725,0.869963847,-8.47532197,-17.1475522,False,False
NGC 6624,-447.6,266.666794,-22.4454833,8.52433084,5.67198458,3.16956009,0.348825864,0.841189505,0.47044077,0.910647718,1.02498477,33.5800857,-27.4254091,-197.58214,0.832741216,-8.41808451,-17.22463,False,False
NGC 6624,-447.7,266.552447,-22.3575098,8.52225873,5.69261639,3.30554283,0.345378419,0.843920749,0.490529081,0.911859903,1.03542613,33.8371757,-25.989375,-195.258928,0.795073868,-8.36092514,-17.2830666,False,False
NGC 6624,-447.8,266.439117,-22.2710557,8.52018157,5.71230259,3.44000581,0.341904815,0.846506047,0.51037898,0.912946543,1.04592452,34.0916406,-24.5713088,-192.920261,0.757028134,-8.30388462,-17.3232003,False,False
NGC 6624,-447.9,266.326812,-22.1861184,8.51809793,5.73105445,3.57293919,0.338405321,0.848947233,0.52998903,0.913908948,1.05646483,34.3434788,-23.1710981,-190.568928,0.718662463,-8.24699801,-17.3453778,False,False
NGC 6624,-448,266.215542,-22.1026946,8.51600645,5.74888318,3.70433493,0.334880206,0.851246124,0.549358064,0.914748444,1.0670328,34.5926908,-21.7885949,-188.207371,0.680028363,-8.19029534,-17.3499518,False,False
NGC 6624,-448.1,266.105312,-22.0207802,8.51390578,5.76579984,3.83418656,0.331329737,0.853404522,0.568485148,0.91546637,1.07761498,34.839279,-20.4236214,-185.837739,0.641171234,-8.13380227,-17.3372775,False,False
NGC 6624,-448.2,265.996128,-21.9403705,8.5117946,5.78181536,3.96248906,0.327754184,0.855424212,0.587369556,0.916064074,1.08819869,35.0832475,-19.0759753,-183.461914,0.602131095,-8.07754057,-17.3077116,False,False
NGC 6624,-448.3,265.887993,-21.8614602,8.50967162,5.79694051,4.08923857,0.324153814,0.857306952,0.60601074,0.916542909,1.09877201,35.324602,-17.7454338,-181.081548,0.562943211,-8.02152864,-17.2616104,False,False
NGC 6624,-448.4,265.780911,-21.7840437,8.5075356,5.81118589,4.21443236,0.320528893,0.859054481,0.624408311,0.916904233,1.10932372,35.5633497,-16.4317578,-178.698087,0.523638652,-7.96578193,-17.1993284,False,False
NGC 6624,-448.5,265.674884,-21.7081149,8.5053853,5.82456194,4.33806861,0.316879688,0.86066851,0.642562019,0.917149399,1.11984328,35.7994988,-15.134695,-176.312801,0.484244772,-7.91031326,-17.121217,False,False
NGC 6624,-448.6,265.569913,-21.6336674,8.50321954,5.8370789,4.46014633,0.313206465,0.862150725,0.660471736,0.917279763,1.13032078,36.0330589,-13.853983,-173.926796,0.444785639,-7.85513318,-17.0276245,False,False
NGC 6624,-448.7,265.466,-21.5606946,8.50103715,5.84874682,4.58066524,0.309509487,0.863502786,0.678137438,0.917296671,1.14074693,36.2640406,-12.5893515,-171.541041,0.405282402,-7.80025025,-16.9188944,False,False
NGC 6624,-448.8,265.363144,-21.4891898,8.498837,5.85957556,4.69962569,0.305789017,0.864726321,0.695559195,0.917201468,1.15111299,36.4924554,-11.3405247,-169.15638,0.365753617,-7.74567123,-16.7953657,False,False
NGC 6624,-448.9,265.261345,-21.419146,8.49661798,5.8695748,4.81702858,0.302045318,0.865822933,0.712737158,0.916995489,1.16141077,36.7183157,-10.1072233,-166.773546,0.326215535,-7.69140138,-16.657372,False,False
NGC 6624,-449,265.160603,-21.3505561,8.49437903,5.87875399,4.93287526,0.29827865,0.866794197,0.729671546,0.91668006,1.17163258,36.9416344,-8.88916541,-164.393176,0.286682355,-7.63744458,-16.5052414,False,False
NGC 6624,-449.1,265.060918,-21.283413,8.49211908,5.8871224,5.04716752,0.294489273,0.867641655,0.746362641,0.9162565,1.1817712,37.1624253,-7.68606875,-162.015819,0.247166441,-7.58380352,-16.3392964,False,False
NGC 6624,-449.2,264.962286,-21.2177095,8.48983713,5.89468911,5.15990745,0.290677443,0.868366824,0.762810775,0.915726115,1.19181987,37.3807025,-6.49765124,-159.641947,0.207678523,-7.53047985,-16.1598535,False,False
NGC 6624,-449.3,264.864708,-21.1534385,8.48753219,5.90146297,5.27109747,0.286843418,0.868971191,0.779016326,0.915090202,1.20177224,37.5964806,-5.32363219,-157.271966,0.168227866,-7.47747429,-15.9672234,False,False
NGC 6624,-449.4,264.768181,-21.0905927,8.48520328,5.90745267,5.38074024,0.282987452,0.869456214,0.79497971,0.914350046,1.21162236,37.8097748,-4.16373305,-154.906219,0.128822426,-7.42478677,-15.7617106,False,False
NGC 6624,-449.5,264.672704,-21.0291651,8.48284947,5.91266669,5.48883863,0.279109799,0.869823323,0.810701375,0.91350692,1.22136465,38.0206002,-3.01767816,-152.544994,0.0894689831,-7.37241651,-15.5436139,False,False
NGC 6624,-449.6,264.578273,-20.9691484,8.48046985,5.91711331,5.59539567,0.27521071,0.87007392,0.826181797,0.912562086,1.23099388,38.2289725,-1.88519526,-150.188534,0.0501732631,-7.3203621,-15.3132259,False,False
NGC 6624,-449.7,264.484888,-20.9105357,8.47806353,5.92080063,5.70041454,0.271290435,0.870209379,0.841421472,0.911516793,1.24050512,38.4349074,-0.766016041,-147.837036,0.0109400443,-7.26862159,-15.0708336,False,False
NGC 6624,-449.8,264.392545,-20.8533199,8.47562965,5.92373657,5.80389852,0.267349223,0.870231047,0.856420918,0.910372277,1.24989378,38.6384206,0.340123552,-145.490659,-0.0282267485,-7.21719257,-14.8167181,False,False
NGC 6624,-449.9,264.301242,-20.7974941,8.47316736,5.92592885,5.90585099,0.26338732,0.870140245,0.871180665,0.909129763,1.25915554,38.839528,1.43348295,-143.149529,-0.0673239584,-7.1660722,-14.5511546,False,False
NGC 6624,-450,264.210977,-20.7430516,8.47067587,5.92738504,6.00627536,0.259404973,0.869938266,0.885701253,0.907790464,1.26828634,39.0382455,2.51431673,-140.813741,-0.106349121,-7.11525727,-14.274413,False,False
NGC 6624,-450.1,264.121747,-20.6899856,8.46815436,5.92811249,6.1051751,0.255402423,0.869626379,0.899983234,0.90635558,1.27728237,39.2345889,3.58287443,-138.483361,-0.145300399,-7.06474427,-13.9867578,False,False
NGC 6624,-450.2,264.033549,-20.6382895,8.46560209,5.92811842,6.20255369,0.251379915,0.869205827,0.914027163,0.904826299,1.28614007,39.4285739,4.63940038,-136.158432,-0.184176518,-7.01452942,-13.6884479,False,False
NGC 6624,-450.3,263.946382,-20.5879569,8.46301829,5.92740987,6.29841461,0.247337687,0.868677827,0.927833598,0.903203797,1.29485609,39.6202161,5.68413362,-133.838975,-0.222976716,-6.96460868,-13.3797374,False,False
NGC 6624,-450.4,263.860242,-20.5389814,8.46040225,5.9259937,6.39276133,0.243275979,0.868043574,0.941403099,0.901489239,1.30342727,39.8095308,6.71730785,-131.524991,-0.261700694,-6.91497782,-13.0608751,False,False
NGC 6624,-450.5,263.775126,-20.4913568,8.45775327,5.92387662,6.48559728,0.239195027,0.867304239,0.954736225,0.89968378,1.31185066,39.9965334,7.73915134,-129.216462,-0.300348573,-6.86563242,-12.732105,False,False
NGC 6624,-450.6,263.691033,-20.445077,8.45507066,5.92106518,6.57692587,0.235095069,0.866460968,0.967833533,0.897788561,1.3201235,40.1812388,8.74988695,-126.913358,-0.338920855,-6.81656793,-12.3936664,False,False
NGC 6624,-450.7,263.60796,-20.4001361,8.45235377,5.9175658,6.66675043,0.230976337,0.865514887,0.980695576,0.895804715,1.32824316,40.3636617,9.74973214,-124.615631,-0.377418386,-6.76777965,-12.0457941,False,False
NGC 6624,-450.8,263.525905,-20.3565282,8.44960195,5.91338472,6.75507425,0.226839064,0.864467098,0.993322899,0.893733363,1.33620721,40.5438166,10.738899,-122.323223,-0.415842329,-6.71926277,-11.6887185,False,False
NGC 6624,-450.9,263.444864,-20.3142476,8.44681459,5.90852805,6.84190052,0.222683483,0.863318683,1.00571604,0.891575618,1.34401333,40.7217176,11.7175942,-120.036063,-0.454194132,-6.6710124,-11.3226654,False,False
NGC 6624,-451,263.364837,-20.2732889,8.44399108,5.90300175,6.92723238,0.218509822,0.862070703,1.01787554,0.889332581,1.35165937,40.8973784,12.6860193,-117.75407,-0.492475505,-6.62302357,-10.947857,False,False
NGC 6624,-451.1,263.28582,-20.2336466,8.44113084,5.89681166,7.01107286,0.214318309,0.860724197,1.02980192,0.887005345,1.35914329,41.0708124,13.6443704,-115.477155,-0.530688396,-6.57529123,-10.5645111,False,False
NGC 6624,-451.2,263.207811,-20.1953155,8.43823332,5.88996346,7.0934249,0.210109173,0.859280187,1.04149569,0.884594995,1.36646316,41.2420328,14.5928387,-113.205221,-0.568834968,-6.5278103,-10.172842,False,False
NGC 6624,-451.3,263.130809,-20.1582905,8.43529797,5.88246273,7.17429134,0.205882639,0.857739673,1.05295736,0.882102606,1.3736172,41.4110522,15.5316101,-110.938162,-0.606917587,-6.48057565,-9.77306004,False,False
NGC 6624,-451.4,263.054811,-20.1225667,8.43232426,5.87431491,7.25367491,0.20163893,0.856103638,1.06418742,0.879529248,1.38060369,41.5778827,16.4608658,-108.675868,-0.644938797,-6.43358212,-9.3653723,False,False
NGC 6624,-451.5,262.979816,-20.0881393,8.42931169,5.86552529,7.33157822,0.197378272,0.854373046,1.07518634,0.87687598,1.38742105,41.7425363,17.3807818,-106.41822,-0.682901311,-6.38682452,-8.94998231,False,False
NGC 6624,-451.6,262.905822,-20.0550036,8.42625977,5.8560991,7.40800377,0.193100884,0.852548843,1.08595461,0.874143856,1.39406775,41.9050242,18.2915296,-104.165096,-0.720807996,-6.34029766,-8.52709042,False,False
NGC 6624,-451.7,262.832827,-20.0231552,8.42316803,5.84604139,7.48295394,0.188806989,0.850631959,1.09649268,0.871333925,1.40054239,42.0653574,19.1932756,-101.916369,-0.758661858,-6.29399632,-8.09689383,False,False
NGC 6624,-451.8,262.760829,-19.9925896,8.42003601,5.83535714,7.55643098,0.184496807,0.848623305,1.10680098,0.868447227,1.40684363,42.2235463,20.0861821,-99.6719083,-0.796466034,-6.2479153,-7.65958681,False,False
NGC 6624,-451.9,262.689828,-19.9633028,8.41686328,5.82405121,7.62843701,0.180170555,0.846523778,1.11687995,0.865484799,1.41297019,42.3796008,20.9704064,-97.4315784,-0.83422378,-6.20204938,-7.21536076,False,False
NGC 6624,-452,262.619821,-19.9352907,8.41364942,5.81212834,7.69897401,0.175828453,0.844334258,1.12673001,0.86244767,1.41892089,42.5335305,21.8461018,-95.195241,-0.871938465,-6.15639336,-6.76440438,False,False
NGC 6624,-452.1,262.550808,-19.9085493,8.41039402,5.79959319,7.76804383,0.171470716,0.842055609,1.13635155,0.85933687,1.4246946,42.6853443,22.713417,-92.962755,-0.909613557,-6.11094204,-6.3069038,False,False
NGC 6624,-452.2,262.482787,-19.8830749,8.40709671,5.78645029,7.83564819,0.16709756,0.839688681,1.14574496,0.856153419,1.43029025,42.8350507,23.5724966,-90.7339763,-0.947252623,-6.06569025,-5.84304265,False,False
NGC 6624,-452.3,262.415758,-19.8588639,8.4037571,5.77270411,7.90178865,0.162709202,0.837234309,1.15491062,0.852898337,1.43570683,42.9826575,24.423481,-88.5087589,-0.984859317,-6.02063281,-5.37300228,False,False
NGC 6624,-452.4,262.34972,-19.8359129,8.40037485,5.75835898,7.96646664,0.158305854,0.834693314,1.16384888,0.849572641,1.4409434,43.1281721,25.2665067,-86.2869543,-1.02243738,-5.97576457,-4.8969618,False,False
NGC 6624,-452.5,262.284672,-19.8142185,8.39694962,5.74341918,8.02968344,0.153887732,0.832066503,1.17256007,0.846177346,1.44599904,43.2716014,26.1017062,-84.0684123,-1.05999061,-5.93108041,-4.41509823,False,False
NGC 6624,-452.6,262.220613,-19.7937777,8.39348107,5.72788889,8.09144018,0.149455047,0.82935467,1.18104454,0.842713463,1.4508729,43.4129517,26.929208,-81.852981,-1.09752292,-5.88657522,-3.92758661,False,False
NGC 6624,-452.7,262.157543,-19.7745873,8.38996892,5.71177218,8.15173784,0.145008012,0.826558596,1.18930258,0.839182004,1.45556418,43.5522286,27.7491371,-79.6405071,-1.13503825,-5.84224392,-3.43460014,False,False
NGC 6624,-452.8,262.095461,-19.7566445,8.38641286,5.69507306,8.21057724,0.140546838,0.823679048,1.1973345,0.835583981,1.46007208,43.6894374,28.5616146,-77.4308359,-1.17254062,-5.79808145,-2.93631026,False,False
NGC 6624,-452.9,262.034368,-19.7399465,8.38281263,5.67779546,8.26795907,0.136071738,0.820716784,1.20514056,0.831920403,1.46439589,43.8245826,29.3667582,-75.2238116,-1.21003411,-5.75408278,-2.43288678,False,False
NGC 6624,-453,261.974264,-19.7244909,8.37916795,5.65994322,8.32388384,0.131582922,0.817672546,1.21272104,0.828192283,1.46853491,43.9576681,30.1646819,-73.019277,-1.24752288,-5.7102429,-1.92449798,False,False
NGC 6624,-453.1,261.915147,-19.7102751,8.37547859,5.64152011,8.37835193,0.1270806,0.814547069,1.22007618,0.824400634,1.47248847,44.0886974,30.9554963,-70.8170745,-1.2850111,-5.66655684,-1.41131074,False,False
NGC 6624,-453.2,261.85702,-19.6972968,8.37174431,5.62252984,8.43136352,0.122564982,0.811341072,1.22720621,0.820546471,1.47625594,44.2176732,31.7393089,-68.6170452,-1.32250304,-5.62301964,-0.89349064,False,False
NGC 6624,-453.3,261.799881,-19.6855539,8.36796491,5.60297602,8.48291868,0.118036279,0.808055268,1.23411135,0.81663081,1.47983672,44.3445976,32.5162236,-66.4190296,-1.360003,-5.57962639,-0.371202043,False,False
NGC 6624,-453.4,261.743733,-19.6750444,8.36414017,5.58286221,8.53301729,0.1134947,0.804690357,1.24079179,0.812654673,1.48323022,44.4694721,33.2863412,-64.2228675,-1.39751532,-5.5363722,0.155391765,False,False
NGC 6624,-453.5,261.688574,-19.6657663,8.36026992,5.56219191,8.58165907,0.108940455,0.801247028,1.24724771,0.808619083,1.4864359,44.5922977,34.0497593,-62.0283981,-1.43504441,-5.4932522,0.686128489,False,False
NGC 6624,-453.6,261.634406,-19.6577179,8.35635398,5.54096853,8.62884358,0.104373753,0.797725961,1.25347928,0.804525071,1.48945322,44.7130744,34.8065726,-59.8354597,-1.47259471,-5.45026157,1.22084672,False,False
NGC 6624,-453.7,261.581231,-19.6508976,8.3523922,5.51919545,8.67457023,0.0997948039,0.794127829,1.25948665,0.80037367,1.49228168,44.8318019,35.5568726,-57.6438905,-1.51017072,-5.40739549,1.75938582,False,False
NGC 6624,-453.8,261.529049,-19.6453039,8.34838444,5.49687597,8.71883824,0.0952038171,0.790453291,1.26526994,0.79616592,1.4949208,44.948479,36.3007479,-55.4535278,-1.54777698,-5.3646492,2.30158584,False,False
NGC 6624,-453.9,261.477861,-19.6409355,8.34433057,5.47401334,8.7616467,0.0906010026,0.786703001,1.27082928,0.791902869,1.4973701,45.063104,37.0382841,-53.2642087,-1.58541807,-5.32201795,2.84728739,False,False
NGC 6624,-454,261.427669,-19.6377911,8.34023047,5.45061075,8.80299448,0.0859865702,0.782877604,1.27616476,0.787585572,1.49962913,45.1756742,37.7695643,-51.0757697,-1.62309862,-5.27949703,3.39633159,False,False
NGC 6624,-454.1,261.378474,-19.6358697,8.33608406,5.42667134,8.84288034,0.0813607304,0.778977733,1.28127647,0.78321509,1.50169746,45.2861865,38.4946684,-48.8880467,-1.6608233,-5.23708176,3.94855988,False,False
NGC 6624,-454.2,261.330278,-19.6351704,8.33189126,5.4021982,8.88130283,0.0767236937,0.775004018,1.28616446,0.778792497,1.50357467,45.394637,39.2136737,-46.7008754,-1.69859683,-5.19476747,4.50381401,False,False
NGC 6624,-454.3,261.283084,-19.6356922,8.32765198,5.37719437,8.91826035,0.0720756714,0.770957079,1.29082879,0.774318874,1.50526034,45.5010208,39.9266549,-44.514091,-1.73642397,-5.15254954,5.0619359,False,False
NGC 6624,-454.4,261.236893,-19.6374346,8.32336619,5.35166284,8.95375112,0.0674168749,0.766837526,1.29526949,0.769795315,1.50675409,45.6053326,40.633684,-42.327528,-1.77430953,-5.11042339,5.6227675,False,False
NGC 6624,-454.5,261.191706,-19.640397,8.31903385,5.32560655,8.98777319,0.0627475165,0.762645966,1.29948657,0.765222922,1.50805552,45.7075661,41.3348304,-40.1410207,-1.81225834,-5.06838443,6.18615079,False,False
NGC 6624,-454.6,261.147528,-19.6445789,8.31465492,5.29902842,9.02032444,0.0580678092,0.758382998,1.30348003,0.760602815,1.50916428,45.8077143,42.0301607,-37.954403,-1.85027532,-5.02642813,6.75192756,False,False
NGC 6624,-454.7,261.10436,-19.64998,8.31022941,5.27193129,9.05140258,0.0533779666,0.754049211,1.30724985,0.755936122,1.51007999,45.9057694,42.7197395,-35.7675081,-1.88836539,-4.98454998,7.31993939,False,False
NGC 6624,-454.8,261.062205,-19.6566003,8.30575732,5.24431799,9.08100513,0.0486782031,0.749645192,1.31079599,0.751223989,1.5108023,46.0017228,43.4036283,-33.5801688,-1.92653354,-4.94274549,7.89002753,False,False
NGC 6624,-454.9,261.021065,-19.6644395,8.30123867,5.21619132,9.10912944,0.0439687343,0.745171519,1.31411839,0.746467577,1.51133087,46.095565,44.0818865,-31.3922174,-1.96478479,-4.90101023,8.46203278,False,False
NGC 6624,-455,260.980945,-19.6734979,8.2966735,5.187554,9.1357727,0.0392497765,0.740628766,1.317217,0.741668062,1.51166535,46.1872856,44.754571,-29.2034857,-2.00312424,-4.85933975,9.03579539,False,False
NGC 6624,-455.1,260.941847,-19.6837755,8.29206187,5.15840877,9.1609319,0.0345215472,0.736017499,1.32009171,0.736826639,1.51180542,46.2768735,45.4217363,-27.0138048,-2.04155701,-4.81772967,9.61115498,False,False
NGC 6624,-455.2,260.903774,-19.6952728,8.28740383,5.1287583,9.18460387,0.0297842653,0.73133828,1.32274243,0.731944521,1.51175075,46.3643164,46.0834345,-24.8230054,-2.08008826,-4.77617562,10.1879504,False,False
NGC 6624,-455.3,260.86673,-19.7079901,8.28269948,5.09860524,9.20678524,0.0250381507,0.726591666,1.32516903,0.727022941,1.51150101,46.4496015,46.7397153,-22.6309174,-2.11872323,-4.73467326,10.7660196,False,False
NGC 6624,-455.4,260.83072,-19.7219281,8.27794891,5.06795222,9.22747248,0.0202834248,0.721778208,1.32737136,0.722063154,1.5110559,46.5327145,47.3906261,-20.4373702,-2.15746719,-4.69321827,11.3451997,False,False
NGC 6624,-455.5,260.795746,-19.7370874,8.27315224,5.03680183,9.24666185,0.0155203105,0.716898453,1.32934928,0.717066435,1.5104151,46.6136406,48.0362119,-18.2421924,-2.19632546,-4.65180638,11.9253266,False,False
NGC 6624,-455.6,260.761813,-19.7534689,8.26830959,5.00515665,9.26434945,0.0107490324,0.711952944,1.33110261,0.712034084,1.50957831,46.6923639,48.6765156,-16.0452121,-2.23530344,-4.61043334,12.506235,False,False
NGC 6624,-455.7,260.728926,-19.7710734,8.26342112,4.97301921,9.2805312,0.0059698165,0.706942219,1.33263114,0.706967425,1.50854523,46.7688672,49.3115776,-13.8462563,-2.27440655,-4.56909492,13.0877584,False,False
NGC 6624,-455.8,260.697088,-19.789902,8.25848698,4.94039206,9.29520281,0.0011828908,0.701866811,1.33393468,0.701867808,1.50731554,46.8431326,49.9414361,-11.6451514,-2.31364028,-4.52778692,13.6697288,False,False
NGC 6624,-455.9,260.666305,-19.8099558,8.25350736,4.90727769,9.30835983,-0.00361151486,0.696727252,1.33501299,0.696736612,1.50588897,46.9151409,50.5661271,-9.44172317,-2.35301019,-4.48650519,14.2519768,False,False
NGC 6624,-456,260.636582,-19.8312363,8.24848245,4.87367859,9.31999759,-0.00841316862,0.691524068,1.33586583,0.691575244,1.50426521,46.9848718,51.1856841,-7.23579613,-2.39252187,-4.44524559,14.8343312,False,False
NGC 6624,-456.1,260.607923,-19.8537446,8.24341246,4.83959724,9.33011127,-0.0132218365,0.686257782,1.33649293,0.68638514,1.50244398,47.052304,51.8001385,-5.02719412,-2.432181,-4.40400401,15.416619,False,False
NGC 6624,-456.2,260.580334,-19.8774824,8.23829762,4.8050361,9.33869583,-0.0180372822,0.680928914,1.336894,0.681167769,1.50042498,47.1174147,52.4095195,-2.81573998,-2.4719933,-4.36277638,15.9986655,False,False
NGC 6624,-456.3,260.55382,-19.9024513,8.23313817,4.76999761,9.34574605,-0.0228592673,0.675537983,1.33706876,0.675924636,1.49820792,47.1801803,53.0138539,-0.601255552,-2.51196457,-4.32155867,16.5802938,False,False
NGC 6624,-456.4,260.528388,-19.9286529,8.22793439,4.73448421,9.35125651,-0.0276875504,0.670085503,1.33701688,0.670657276,1.49579254,47.2405756,53.6131664,1.61643836,-2.55210064,-4.28034686,17.161325,False,False
NGC 6624,-456.5,260.504042,-19.9560892,8.22268654,4.69849832,9.35522161,-0.0325218879,0.664571986,1.33673802,0.665367266,1.49317853,47.2985742,54.207479,3.83752202,-2.59240746,-4.23913698,17.7415777,False,False
NGC 6624,-456.6,260.48079,-19.9847621,8.21739494,4.66204236,9.35763555,-0.0373620333,0.658997943,1.33623182,0.660056218,1.49036562,47.3541484,54.796812,6.06217684,-2.63289099,-4.19792509,18.3208683,False,False
NGC 6624,-456.7,260.458637,-20.0146736,8.21205989,4.62511875,9.35849231,-0.0422077371,0.653363882,1.33549791,0.654725787,1.48735353,47.407269,55.381183,8.29058536,-2.6735573,-4.15670729,18.8990106,False,False
NGC 6624,-456.8,260.437591,-20.045826,8.20668173,4.5877299,9.35778571,-0.0470587468,0.64767031,1.33453591,0.649377668,1.48414199,47.4579055,55.9606073,10.5229314,-2.71441252,-4.11547971,19.4758156,False,False
NGC 6624,-456.9,260.417657,-20.0782214,8.20126081,4.54987821,9.35550935,-0.0519148067,0.641917732,1.33334539,0.644013604,1.48073071,47.5060259,56.535098,12.7593999,-2.75546285,-4.07423852,20.0510914,False,False
NGC 6624,-457,260.398843,-20.1118624,8.19579752,4.51156611,9.35165662,-0.0567756579,0.636106651,1.33192592,0.638635379,1.47711943,47.5515965,57.1046657,15.0001773,-2.79671455,-4.03297992,20.6246435,False,False
NGC 6624,-457.1,260.381157,-20.1467513,8.19029223,4.47279599,9.34622072,-0.0616410377,0.630237572,1.33027706,0.63324483,1.47330787,47.5945821,57.6693189,17.2454511,-2.83817398,-3.99170018,21.1962738,False,False
NGC 6624,-457.2,260.364605,-20.1828908,8.18474537,4.43357028,9.33919466,-0.0665106799,0.624310996,1.32839834,0.627843842,1.46929576,47.634946,58.2290634,19.4954106,-2.87984757,-3.95039558,21.7657812,False,False
NGC 6624,-457.3,260.349195,-20.2202835,8.17915736,4.3938914,9.33057121,-0.0713843145,0.618327424,1.32628926,0.622434353,1.46508284,47.6726496,58.7839026,21.750246,-2.92174182,-3.90906247,22.3329609,False,False
NGC 6624,-457.4,260.334936,-20.2589323,8.17352866,4.35376179,9.32034297,-0.0762616673,0.61228736,1.32394932,0.617018357,1.46066883,47.7076525,59.3338375,24.0101495,-2.96386332,-3.86769722,22.8976048,False,False
NGC 6624,-457.5,260.321836,-20.2988401,8.16785973,4.31318388,9.30850232,-0.0811424601,0.606191304,1.32137798,0.611597904,1.45605349,47.7399127,59.8788666,26.2753143,-3.00621873,-3.82629627,23.4595005,False,False
NGC 6624,-457.6,260.309902,-20.3400098,8.16215109,4.27216013,9.29504141,-0.0860264101,0.600039758,1.31857471,0.606175102,1.45123655,47.7693861,60.4189858,28.5459356,-3.04881482,-3.7848561,24.0184321,False,False
NGC 6624,-457.7,260.299145,-20.3824444,8.15640323,4.23069302,9.2799522,-0.09091323,0.593833225,1.31553894,0.600752124,1.44621776,47.7960265,60.9541884,30.8222098,-3.09165843,-3.74337325,24.5741794,False,False
NGC 6624,-457.8,260.289572,-20.4261473,8.15061671,4.18878502,9.26322644,-0.0958026276,0.587572208,1.31227006,0.595331205,1.44099686,47.819786,61.484465,33.1043352,-3.13475647,-3.70184432,25.1265176,False,False
NGC 6624,-457.9,260.281193,-20.4711217,8.14479208,4.14643864,9.24485566,-0.100694306,0.581257212,1.30876749,0.589914646,1.43557362,47.8406142,62.0098037,35.3925114,-3.17811597,-3.66026596,25.6752176,False,False
NGC 6624,-458,260.274018,-20.5173709,8.13892992,4.10365642,9.22483118,-0.105587962,0.574888741,1.30503058,0.584504818,1.4299478,47.8584587,62.5301896,37.6869402,-3.22174405,-3.61863489,26.2200454,False,False
NGC 6624,-458.1,260.268056,-20.5648983,8.13303084,4.0604409,9.20314408,-0.110483288,0.568467304,1.30105869,0.579104164,1.42411915,47.8732646,63.0456051,39.9878245,-3.26564789,-3.57694788,26.7607623,False,False
NGC 6624,-458.2,260.263318,-20.6137076,8.12709548,4.01679467,9.17978526,-0.11537997,0.56199341,1.29685115,0.5737152,1.41808745,47.8849748,63.5560298,42.2953693,-3.30983479,-3.5352018,27.297124,False,False
NGC 6624,-458.3,260.259813,-20.6638023,8.12112449,3.97272032,9.15474538,-0.12027769,0.55546757,1.29240726,0.568340518,1.41185249,47.8935295,64.0614401,44.6097813,-3.35431215,-3.49339356,27.8288812,False,False
NGC 6624,-458.4,260.257552,-20.7151862,8.11511855,3.9282205,9.12801487,-0.12517612,0.548890299,1.28772631,0.56298279,1.40541406,47.8988664,64.5618096,46.9312687,-3.39908745,-3.45152018,28.3557786,False,False
NGC 6624,-458.5,260.256547,-20.767863,8.10907837,3.88329788,9.09958397,-0.130074928,0.542262113,1.28280757,0.557644767,1.39877195,47.9009204,65.0571088,49.2600418,-3.44416828,-3.40957874,28.8775552,False,False
NGC 6624,-458.6,260.256809,-20.8218366,8.10300468,3.83795517,9.06944265,-0.134973776,0.535583534,1.27765029,0.552329288,1.39192597,47.8996236,65.5473049,51.5963124,-3.48956232,-3.36756641,29.393944,False,False
NGC 6624,-458.7,260.258349,-20.8771108,8.09689824,3.79219512,9.03758071,-0.139872317,0.528855083,1.27225368,0.547039271,1.38487594,47.8949051,66.0323618,53.9402942,-3.53527735,-3.32548047,29.9046713,False,False
NGC 6624,-458.8,260.261178,-20.9336898,8.09075985,3.74602053,9.00398769,-0.144770198,0.52207729,1.26661694,0.541777729,1.37762171,47.886691,66.5122402,56.2922024,-3.58132127,-3.28331828,30.4094569,False,False
NGC 6624,-458.9,260.26531,-20.9915776,8.08459031,3.69943421,8.9686529,-0.149667056,0.515250686,1.26073925,0.536547759,1.37016312,47.8749039,66.986897,58.6522543,-3.62770205,-3.24107733,30.9080137,False,False
NGC 6624,-459,260.270756,-21.0507783,8.07839048,3.65243908,8.93156545,-0.154562522,0.508375807,1.25461978,0.531352552,1.36250003,47.8594634,67.4562859,61.0206684,-3.67442779,-3.19875519,31.4000472,False,False
NGC 6624,-459.1,260.27753,-21.1112961,8.07216123,3.60503805,8.8927142,-0.159456219,0.501453195,1.24825765,0.526195394,1.35463233,47.8402852,67.9203566,63.3976653,-3.72150667,-3.15634958,31.8852555,False,False
NGC 6624,-459.2,260.285644,-21.1731353,8.06590346,3.55723412,8.85208778,-0.16434776,0.494483395,1.24165197,0.521079662,1.34655992,47.8172815,68.379055,65.783467,-3.76894699,-3.11385833,32.3633288,False,False
NGC 6624,-459.3,260.295112,-21.2363002,8.05961812,3.50903034,8.80967461,-0.169236749,0.487466962,1.23480183,0.516008833,1.33828273,47.7903608,68.8323233,68.1782968,-3.81675714,-3.0712794,32.833949,False,False
NGC 6624,-459.4,260.305948,-21.3007951,8.05330616,3.46042982,8.76546287,-0.17412278,0.480404452,1.2277063,0.510986477,1.32980071,47.7594271,69.2800993,70.5823798,-3.86494562,-3.02861091,33.2967895,False,False
NGC 6624,-459.5,260.318166,-21.3666244,8.04696861,3.41143575,8.71944049,-0.179005438,0.473296431,1.22036441,0.506016263,1.32111383,47.7243806,69.7223168,72.9959423,-3.91352102,-2.98585114,33.751515,False,False
NGC 6624,-459.6,260.331781,-21.4337926,8.04060649,3.36205135,8.6715952,-0.183884297,0.466143471,1.2127752,0.501101956,1.3122221,47.6851169,70.1589049,75.4192117,-3.96249203,-2.9429985,34.1977808,False,False
NGC 6624,-459.7,260.346807,-21.5023041,8.03422087,3.31227997,8.62191449,-0.18875892,0.458946152,1.20493764,0.496247418,1.30312556,47.641527,70.5897885,77.8524166,-4.01186745,-2.90005162,34.6352324,False,False
NGC 6624,-459.8,260.36326,-21.5721635,8.02781286,3.26212498,8.5703856,-0.193628859,0.451705061,1.19685073,0.491456607,1.29382428,47.5934969,71.0148875,80.2957865,-4.06165615,-2.85700928,35.0635055,False,False
NGC 6624,-459.9,260.381155,-21.6433753,8.02138362,3.21158987,8.51699558,-0.198493655,0.444420794,1.18851339,0.486733575,1.28431836,47.5409078,71.434117,82.7495517,-4.11186712,-2.81387048,35.4822252,False,False
NGC 6624,-460,260.400509,-21.715944,8.01493431,3.16067821,8.46173121,-0.203352833,0.437093956,1.17992457,0.482082463,1.27460798,47.4836352,71.847387,85.2139427,-4.16250941,-2.77063443,35.8910056,False,False
NGC 6624,-460.1,260.421337,-21.7898741,8.00846617,3.10939363,8.40457907,-0.208205909,0.429725161,1.17108316,0.477507502,1.26469331,47.4215493,72.2546021,87.6891907,-4.21359215,-2.72730058,36.2894497,False,False
NGC 6624,-460.2,260.443657,-21.8651703,8.00198046,3.05773991,8.3455255,-0.213052383,0.422315034,1.16198803,0.473013008,1.25457463,47.3545142,72.6556615,90.1755266,-4.26512459,-2.68386859,36.6771484,False,False
NGC 6624,-460.3,260.467486,-21.941837,7.99547847,3.00572087,8.28455661,-0.217891743,0.414864209,1.15263805,0.468603376,1.24425222,47.2823878,73.0504585,92.673181,-4.31711599,-2.64033843,37.0536803,False,False
NGC 6624,-460.4,260.492842,-22.0198789,7.98896156,2.95334047,8.22165829,-0.222723459,0.407373333,1.14303204,0.464283073,1.23372648,47.2050218,73.4388804,95.1823838,-4.36957572,-2.5967103,37.4186112,False,False
NGC 6624,-460.5,260.519742,-22.0993004,7.98243113,2.90060279,8.15681624,-0.227546989,0.399843063,1.13316881,0.460056635,1.22299782,47.1222608,73.8208084,97.7033637,-4.42251318,-2.55298475,37.7714935,False,False
NGC 6624,-460.6,260.548205,-22.180106,7.97588859,2.84751199,8.09001589,-0.232361772,0.392274071,1.12304715,0.455928656,1.21206676,47.0339423,74.1961171,100.236348,-4.47593782,-2.5091626,38.1118656,False,False
NGC 6624,-460.7,260.578251,-22.2623002,7.96933545,2.79407238,8.02124251,-0.237167231,0.384667039,1.11266581,0.45190378,1.2009339,46.9398964,74.5646741,102.781561,-4.52985912,-2.46524506,38.4392513,False,False
NGC 6624,-460.8,260.609897,-22.3458873,7.96277322,2.74028838,7.95048111,-0.241962771,0.377022666,1.10202353,0.447986688,1.18959991,46.8399451,74.9263402,105.339226,-4.58428659,-2.42123369,38.7531594,False,False
NGC 6624,-460.9,260.643165,-22.4308717,7.9562035,2.68616457,7.87771655,-0.246747779,0.369341663,1.09111904,0.444182092,1.17806557,46.7339023,75.2809685,107.90956,-4.63922972,-2.37713043,39.0530827,False,False
NGC 6624,-461,260.678074,-22.5172577,7.94962791,2.63170564,7.80293344,-0.251521623,0.361624758,1.07995101,0.440494714,1.16633176,46.6215728,75.6284044,110.492779,-4.69469801,-2.33293768,39.3384975,False,False
NGC 6624,-461.1,260.714645,-22.6050494,7.94304815,2.57691645,7.72611623,-0.256283648,0.353872696,1.06851813,0.436929277,1.15439949,46.5027526,75.9684854,113.089092,-4.75070091,-2.28865828,39.6088633,False,False
NGC 6624,-461.2,260.752899,-22.6942509,7.93646595,2.52180201,7.64724919,-0.26103318,0.346086236,1.05681904,0.433490489,1.14226988,46.3772277,76.3010402,115.6987,-4.80724782,-2.24429555,39.8636213,False,False
NGC 6624,-461.3,260.792858,-22.7848661,7.92988311,2.46636748,7.56631639,-0.265769523,0.338266158,1.04485237,0.430183023,1.12994421,46.244774,76.6258888,118.321802,-4.86434805,-2.19985335,40.1021942,False,False
NGC 6624,-461.4,260.834543,-22.8768989,7.92330148,2.41061821,7.48330175,-0.270491955,0.33041326,1.03261674,0.427011498,1.11742389,46.1051567,76.9428418,120.958583,-4.92201081,-2.15533611,40.3239854,False,False
NGC 6624,-461.5,260.877978,-22.970353,7.91672299,2.35455971,7.39818904,-0.275199731,0.322528358,1.02011074,0.423980464,1.10471053,45.9581296,77.2517002,123.60922,-4.98024514,-2.11074886,40.5283781,False,False
NGC 6624,-461.6,260.923186,-23.0652317,7.91014962,2.2981977,7.31096189,-0.279892081,0.314612292,1.00733293,0.421094373,1.09180589,45.8034347,77.5522547,126.273881,-5.03905992,-2.06609731,40.7147341,False,False
NGC 6624,-461.7,260.970188,-23.1615385,7.9035834,2.24153808,7.22160379,-0.284568207,0.306665922,0.994281888,0.418357564,1.07871197,45.6408015,77.8442855,128.952716,-5.09846379,-2.02138785,40.8823938,False,False
NGC 6624,-461.8,261.019011,-23.2592764,7.89702646,2.18458696,7.13009813,-0.289227281,0.298690131,0.980956144,0.415774235,1.06543098,45.4699461,78.1275614,131.645863,-5.15846513,-1.97662765,41.0306745,False,False
NGC 6624,-461.9,261.069677,-23.3584483,7.89048096,2.12735066,7.0364282,-0.29386845,0.290685827,0.967354231,0.413348419,1.05196536,45.290571,78.4018399,134.35344,-5.21907196,-1.93182471,41.1588697,False,False
NGC 6624,-462,261.122213,-23.4590569,7.88394916,2.06983575,6.94057722,-0.298490824,0.282653943,0.953474669,0.411083962,1.03831785,45.1023639,78.6668659,137.075548,-5.28029194,-1.88698792,41.2662485,False,False
NGC 6624,-462.1,261.176642,-23.5611044,7.87743339,2.01204901,6.84252837,-0.303093485,0.274595439,0.939315967,0.408984493,1.02449148,44.9049972,78.9223718,139.812261,-5.34213223,-1.84212711,41.3520542,False,False
NGC 6624,-462.2,261.232991,-23.6645928,7.87093605,1.95399748,6.7422648,-0.307675477,0.266511303,0.924876629,0.407053405,1.01048961,44.6981273,79.1680765,142.563629,-5.40459948,-1.79725319,41.4155035,False,False
NGC 6624,-462.3,261.291286,-23.7695237,7.86445962,1.89568848,6.63976967,-0.312235812,0.258402553,0.910155155,0.405293821,0.996315958,44.4813935,79.4036851,145.329672,-5.4676997,-1.75237815,41.4557857,False,False
NGC 6624,-462.4,261.351553,-23.8758986,7.85800667,1.83712956,6.53502616,-0.316773461,0.250270235,0.895150045,0.403708578,0.981974653,44.2544173,79.628888,148.110373,-5.53143814,-1.70751524,41.4720612,False,False
NGC 6624,-462.5,261.41382,-23.9837182,7.85157983,1.7783286,6.42801755,-0.321287356,0.242115432,0.879859801,0.402300195,0.967470267,44.0168016,79.8433605,150.905679,-5.59581923,-1.66267901,41.4634611,False,False
NGC 6624,-462.6,261.478114,-24.0929829,7.84518186,1.71929375,6.31872722,-0.325776387,0.233939257,0.864282935,0.401070855,0.952807862,43.7681295,80.0467617,153.715491,-5.66084639,-1.61788545,41.4290859,False,False
NGC 6624,-462.7,261.544462,-24.2036926,7.83881557,1.6600335,6.20713872,-0.330239403,0.225742862,0.848417971,0.400022379,0.937993047,43.507964,80.2387347,156.539661,-5.72652193,-1.57315209,41.3680044,False,False
NGC 6624,-462.8,261.612893,-24.3158468,7.83248388,1.60055666,6.0932358,-0.334675205,0.217527434,0.832263449,0.399156206,0.923032029,43.2358464,80.418905,159.377984,-5.79284686,-1.52849817,41.2792531,False,False
NGC 6624,-462.9,261.683434,-24.429444,7.82618982,1.54087236,5.9770025,-0.339082545,0.209294199,0.815817937,0.398473379,0.907931682,42.9512958,80.5868805,162.23019,-5.85982069,-1.48394476,41.1618353,False,False
NGC 6624,-463,261.756115,-24.5444824,7.8199365,1.48099013,5.85842317,-0.343460126,0.201044427,0.79908003,0.397974522,0.892699622,42.653808,80.7422506,165.095935,-5.92744123,-1.43951492,41.0147202,False,False
NGC 6624,-463.1,261.830964,-24.6609595,7.81372715,1.42091986,5.73748257,-0.3478066,0.192779427,0.782048366,0.397659827,0.877344279,42.3428546,80.8845855,167.974793,-5.99570436,-1.39523389,40.8368423,False,False
NGC 6624,-463.2,261.90801,-24.7788717,7.80756508,1.36067182,5.61416597,-0.352120559,0.184500556,0.764721628,0.397529047,0.861874998,42.0178824,81.0134359,170.866245,-6.06460371,-1.35112927,40.6271007,False,False
NGC 6624,-463.3,261.987282,-24.8982149,7.80145375,1.30025671,5.4884592,-0.356400542,0.176209218,0.74709856,0.397581482,0.846302129,41.6783125,81.1283322,173.769666,-6.13413039,-1.30723128,40.3843595,False,False
NGC 6624,-463.4,262.06881,-25.0189838,7.7953967,1.23968566,5.36034876,-0.360645024,0.167906862,0.729177975,0.397815972,0.830637145,41.3235394,81.2287843,176.684307,-6.20427261,-1.26357292,40.1074468,False,False
NGC 6624,-463.5,262.152621,-25.1411723,7.78939761,1.17897024,5.22982196,-0.364852419,0.159594994,0.710958769,0.3982309,0.814892767,40.9529309,81.314281,179.609288,-6.27501527,-1.22019029,39.7951556,False,False
NGC 6624,-463.6,262.238744,-25.2647731,7.78346026,1.1181225,5.09686703,-0.369021074,0.151275169,0.692439937,0.398824184,0.799083097,40.5658276,81.38429,182.543571,-6.34633952,-1.17712288,39.4462444,False,False
NGC 6624,-463.7,262.327209,-25.3897775,7.77758858,1.05715495,4.96147327,-0.373149267,0.142949,0.673620587,0.399593283,0.783223778,40.1615424,81.4382579,185.485945,-6.41822225,-1.13441382,39.059438,False,False
NGC 6624,-463.8,262.418043,-25.5161759,7.7717866,0.996080645,4.82363119,-0.377235204,0.134618157,0.654499962,0.400535201,0.767332162,39.7393614,81.4756102,188.435,-6.49063543,-1.09211033,38.6334296,False,False
NGC 6624,-463.9,262.511273,-25.6439569,7.76605849,0.934913126,4.68333275,-0.381277017,0.126284367,0.635077461,0.401646493,0.751427499,39.2985442,81.4957517,191.389101,-6.56354553,-1.05026401,38.166883,False,False
NGC 6624,-464,262.606926,-25.7731076,7.76040857,0.873666499,4.54057148,-0.385272762,0.117949425,0.615352662,0.402923278,0.735531146,38.8383247,81.4980676,194.346363,-6.6369127,-1.00893132,37.6584363,False,False
NGC 6624,-464.1,262.705027,-25.9036136,7.75484127,0.812355426,4.39534278,-0.389220414,0.109615184,0.59532535,0.404361249,0.719666792,38.3579134,81.4819243,197.304609,-6.71068991,-0.968174045,37.1067058,False,False
NGC 6624,-464.2,262.805601,-26.0354583,7.74936116,0.750995145,4.24764417,-0.393117867,0.101283565,0.574995548,0.405955685,0.70386071,37.8564991,81.4466712,200.261338,-6.78482198,-0.928059771,36.5102923,False,False
NGC 6624,-464.3,262.908671,-26.1686232,7.74397296,0.68960149,4.09747554,-0.39696293,0.0929565575,0.554363557,0.407701471,0.688142023,37.333253,81.391643,203.21368,-6.85924448,-0.888662493,35.867788,False,False
NGC 6624,-464.4,263.014257,-26.3030876,7.73868152,0.6281909,3.94483953,-0.400753328,0.0846362176,0.533429989,0.409593115,0.67254299,36.7873327,81.3161625,206.158349,-6.93388243,-0.850063213,35.1777857,False,False
NGC 6624,-464.5,263.122379,-26.4388284,7.73349182,0.566780433,3.78974186,-0.404486699,0.0763246724,0.512195816,0.411624763,0.657099307,36.2178881,81.2195444,209.091583,-7.00864894,-0.812350623,34.4388902,False,False
NGC 6624,-464.6,263.233052,-26.5758195,7.72840899,0.505387773,3.63219179,-0.408160592,0.0680241186,0.490662423,0.413790224,0.641850421,35.6240688,81.1011001,212.009089,-7.08344356,-0.77562185,33.6497323,False,False
NGC 6624,-464.7,263.34629,-26.7140323,7.72343827,0.444031233,3.47220253,-0.411772473,0.0597368236,0.468831663,0.416082994,0.626839841,35.0050328,80.9601433,214.90597,-7.15815053,-0.739983258,32.8089856,False,False
NGC 6624,-464.8,263.462103,-26.8534346,7.71858504,0.382729752,3.30979182,-0.415319719,0.0514651244,0.446705926,0.41849627,0.61211544,34.3599586,80.7959975,217.776648,-7.23263672,-0.705551324,31.9153868,False,False
NGC 6624,-464.9,263.580495,-26.993991,7.71385478,0.321502894,3.14498246,-0.418799628,0.0432114266,0.424288207,0.421022987,0.597729737,33.6880582,80.608004,220.614776,-7.30674943,-0.672453578,30.9677603,False,False
NGC 6624,-465,263.701468,-27.1356621,7.7092531,0.260370825,2.97780304,-0.422209417,0.0349782016,0.401582197,0.423655835,0.583740119,32.9885933,80.3955328,223.413148,-7.38031391,-0.640829592,29.9650475,False,False
NGC 6624,-465.1,263.825016,-27.2784043,7.70478569,0.199354293,2.80828861,-0.425546232,0.0267679834,0.378592371,0.42638729,0.570209,32.2608955,80.157994,226.163589,-7.45313062,-0.610832059,28.9063399,False,False
NGC 6624,-465.2,263.951128,-27.4221694,7.7004583,0.138474593,2.63648154,-0.428807157,0.0185833634,0.355324093,0.429209645,0.55720385,31.5043876,79.894852,228.856846,-7.52497234,-0.58262784,27.7909197,False,False
NGC 6624,-465.3,264.079785,-27.5669044,7.69627675,0.07775352,2.46243241,-0.431989218,0.0104269847,0.331783738,0.432115039,0.544797077,30.7186096,79.6056413,231.482473,-7.5955811,-0.556399045,26.6183042,False,False
NGC 6624,-465.4,264.210959,-27.7125507,7.69224687,0.0172133096,2.28620102,-0.435089407,0.00230153358,0.307978811,0.435095494,0.533065697,29.9032472,79.289984,234.028699,-7.66466488,-0.532344078,25.3882976,False,False
NGC 6624,-465.5,264.344613,-27.8590436,7.6883745,-0.0431234385,2.10785743,-0.438104688,-0.0057902705,0.283918096,0.438142951,0.52209073,29.0581628,78.9476095,236.482317,-7.73189452,-0.510678511,24.1010479,False,False
NGC 6624,-465.6,264.480698,-28.0063124,7.68466542,-0.103233852,1.92748321,-0.441032024,-0.0138456867,0.259611802,0.441249305,0.511956284,28.1834281,78.5783755,238.828578,-7.79690097,-0.491635601,22.7571093,False,False
NGC 6624,-465.7,264.619154,-28.1542792,7.68112533,-0.163094896,1.74517259,-0.443868395,-0.021861967,0.235071732,0.444406455,0.502748264,27.279357,78.1822891,241.051118,-7.85927322,-0.475466295,21.3575085,False,False
NGC 6624,-465.8,264.759907,-28.3028587,7.67775976,-0.2226835,1.56103385,-0.446610829,-0.0298363728,0.210311448,0.447606347,0.494552674,26.3465387,77.7595292,243.131938,-7.91855749,-0.46243839,19.9038134,False,False
NGC 6624,-465.9,264.902865,-28.4519578,7.67457406,-0.281976706,1.37519041,-0.44925643,-0.0377661934,0.18534643,0.45084102,0.48745351,25.3858651,77.3104663,245.05149,-7.97425908,-0.452834121,18.398199,False,False
NGC 6624,-466,265.047923,-28.6014753,7.67157331,-0.340951831,1.18778204,-0.451802407,-0.0456487666,0.160194228,0.454102659,0.481530285,24.3985539,76.8356805,246.7889,-8.02584738,-0.44694575,16.8435095,False,False
NGC 6624,-466.1,265.194956,-28.7513014,7.66876225,-0.399586642,0.998965701,-0.454246114,-0.0534815007,0.134874579,0.45738365,0.476855277,23.3861615,76.335975,248.322409,-8.07276622,-0.445068119,15.2433067,False,False
NGC 6624,-466.2,265.34382,-28.9013181,7.6661452,-0.457859542,0.808915913,-0.456585079,-0.0612618981,0.109409458,0.460676627,0.473490638,22.3505847,75.8123837,249.630083,-8.11445081,-0.447487428,13.601897,False,False
NGC 6624,-466.3,265.494354,-29.0513993,7.66372599,-0.515749767,0.61782451,-0.458817042,-0.0689875786,0.0838230541,0.463974529,0.471485597,21.2940457,75.2661706,250.690844,-8.15035229,-0.454465763,11.9243285,False,False
NGC 6624,-466.4,265.646379,-29.2014123,7.66150788,-0.573237567,0.425899418,-0.460939986,-0.0766563029,0.0581416088,0.467270649,0.470873981,20.2190618,74.6988198,251.485801,-8.17996967,-0.466221762,10.2163435,False,False
NGC 6624,-466.5,265.799697,-29.3512185,7.65949352,-0.63030439,0.233362345,-0.462952163,-0.0842659936,0.0323931213,0.470558671,0.47167232,19.128397,74.1120161,251.99976,-8.20288648,-0.482909194,8.48428155,False,False
NGC 6624,-466.6,265.954101,-29.5006763,7.65768484,-0.68693304,0.040445285,-0.46485212,-0.0918147549,0.00660689289,0.473832716,0.473878776,18.0249976,73.5076145,252.222699,-8.2188067,-0.504596811,6.73492681,False,False
NGC 6624,-466.7,266.109374,-29.6496431,7.65608309,-0.743107811,-0.152614039,-0.46663871,-0.0993008876,-0.0191870675,0.477087363,0.477473031,16.9119162,72.8876012,252.150904,-8.22758311,-0.531253808,4.97530907,False,False
NGC 6624,-466.8,266.265295,-29.7979783,7.65468876,-0.798814588,-0.345577338,-0.4683111,-0.106722901,-0.0449587171,0.480317669,0.482417195,15.7922293,72.2540479,251.787477,-8.22923094,-0.562744847,3.21247689,False,False
NGC 6624,-466.9,266.421645,-29.9455465,7.65350163,-0.854040904,-0.538211073,-0.469868769,-0.114079517,-0.0706786715,0.483519179,0.488657621,14.6689565,71.6090621,251.142078,-8.22392346,-0.598836492,1.45326982,False,False
NGC 6624,-467,266.578209,-30.0922195,7.65252079,-0.908775969,-0.730291276,-0.4713115,-0.121369674,-0.0963188315,0.486687916,0.496127449,13.5449868,70.9547384,250.22996,-8.21197062,-0.639213893,-0.295881799,False,False
NGC 6624,-467.1,266.734787,-30.2378787,7.65174468,-0.963010649,-0.921607413,-0.472639362,-0.128592523,-0.121852882,0.489820379,0.50474957,12.4230188,70.2931129,249.070523,-8.19378623,-0.683504012,-2.02910881,False,False
NGC 6624,-467.2,266.891186,-30.3824163,7.65117117,-1.01673742,-1.11196508,-0.473852687,-0.135747416,-0.147256639,0.492913512,0.514439742,11.3055171,69.6261248,247.685729,-8.16985096,-0.731300641,-3.74119837,False,False
NGC 6624,-467.3,267.047233,-30.5257357,7.65079765,-1.06995028,-1.30118748,-0.474952048,-0.142833899,-0.172508227,0.495964686,0.525109568,10.1946856,68.955586,246.098612,-8.14067777,-0.782187213,-5.4276347,False,False
NGC 6624,-467.4,267.202767,-30.6677517,7.65062104,-1.12264467,-1.48911585,-0.475938227,-0.149851695,-0.197588133,0.498971669,0.536669168,9.09245568,68.2831594,244.332094,-8.10678365,-0.835754962,-7.08459593,False,False
NGC 6624,-467.5,267.357643,-30.8083902,7.65063792,-1.17481732,-1.67560909,-0.476812191,-0.156800689,-0.222479142,0.501932587,0.549029407,8.00048743,67.6103469,242.408129,-8.06866923,-0.891615714,-8.70891992,False,False
NGC 6624,-467.6,267.511732,-30.9475875,7.65084458,-1.22646616,-1.86054288,-0.477575064,-0.163680912,-0.247166213,0.5048459,0.562103655,6.92018024,66.9384838,240.347171,-8.02680561,-0.94940973,-10.2980511,False,False
NGC 6624,-467.7,267.664917,-31.0852892,7.65123705,-1.2775902,-2.04380841,-0.478228098,-0.170492522,-0.271636306,0.507710365,0.57580908,5.85268994,66.26874,238.167896,-7.98162731,-1.00880961,-11.8499778,True,True
NGC 6624,-467.8,267.817095,-31.2214499,7.6518112,-1.32818935,-2.22531102,-0.478772656,-0.177235789,-0.295878195,0.510525005,0.590067528,4.79894985,65.6021264,235.887109,-7.93352935,-1.06952135,-13.3631675,True,True
NGC 6624,-467.9,267.968173,-31.3560315,7.65256276,-1.37826436,-2.40496882,-0.479210181,-0.183911077,-0.319882281,0.513289082,0.604806048,3.75969385,64.9395035,233.519773,-7.8828673,-1.13128358,-14.8365029,True,True
NGC 6624,-468,268.118069,-31.4890029,7.65348735,-1.42781668,-2.58271128,-0.479542186,-0.190518833,-0.3436404,0.516002068,0.619957142,2.73547968,64.2815939,231.079106,-7.82995901,-1.19386566,-16.2692229,True,True
NGC 6624,-468.1,268.26671,-31.6203393,7.65458053,-1.47684836,-2.75847794,-0.47977023,-0.197059572,-0.367145661,0.518663617,0.635458798,1.72671171,63.6289941,228.576723,-7.77508734,-1.25706519,-17.6608686,True,True
NGC 6624,-468.2,268.414032,-31.7500207,7.65583784,-1.52536195,-2.93221729,-0.479895908,-0.20353386,-0.390392283,0.52127355,0.651254366,0.733662229,62.9821883,226.022782,-7.71850326,-1.32070535,-19.0112354,True,True
NGC 6624,-468.3,268.559976,-31.8780321,7.65725479,-1.57336043,-3.10388565,-0.479920836,-0.209942312,-0.413375457,0.523831828,0.667292328,-0.243508945,62.3415608,223.42615,-7.66042903,-1.3846322,-20.3203308,True,True
NGC 6624,-468.4,268.704493,-32.0043625,7.65882693,-1.62084712,-3.27344626,-0.479846643,-0.216285576,-0.43609122,0.526338533,0.683526008,-1.20473686,61.7074085,220.794538,-7.60106133,-1.44871206,-21.5883379,True,True
NGC 6624,-468.5,268.847536,-32.1290042,7.66054979,-1.66782563,-3.44086843,-0.479674959,-0.222564324,-0.458536346,0.528793859,0.699913227,-2.1500358,61.0799526,218.13465,-7.54057417,-1.51282916,-22.8155836,True,True
NGC 6624,-468.6,268.989065,-32.2519529,7.662419,-1.71429978,-3.60612678,-0.47940741,-0.228779251,-0.480708247,0.53119809,0.716415961,-3.07948552,60.4593486,215.452301,-7.47912149,-1.57688347,-24.002512,True,True
NGC 6624,-468.7,269.129044,-32.3732066,7.66443018,-1.76027357,-3.76920062,-0.47904561,-0.234931063,-0.50260489,0.533551592,0.732999984,-3.99321941,59.8456963,212.752529,-7.4168396,-1.64078873,-25.1496614,True,True
NGC 6624,-468.8,269.267441,-32.4927659,7.66657906,-1.80575114,-3.93007334,-0.478591157,-0.241020475,-0.524224722,0.535854798,0.749634527,-4.89141419,59.2390479,210.039697,-7.35384925,-1.7044707,-26.2576447,True,True
NGC 6624,-468.9,269.404227,-32.6106331,7.6688614,-1.85073671,-4.08873193,-0.478045631,-0.247048202,-0.545566605,0.538108204,0.766291954,-5.7742812,58.6394157,207.317575,-7.29025752,-1.76786571,-27.3271334,True,True
NGC 6624,-469,269.539378,-32.7268125,7.67127306,-1.89523458,-4.24516654,-0.477410586,-0.253014962,-0.566629759,0.540312353,0.782947458,-6.64205888,58.0467783,204.589421,-7.22615949,-1.83091925,-28.3588439,True,True
NGC 6624,-469.1,269.67287,-32.8413097,7.67380997,-1.93924906,-4.39937007,-0.476687553,-0.258921468,-0.587413713,0.542467833,0.799578777,-7.49500655,57.4610868,201.858044,-7.16163966,-1.89358483,-29.3535258,True,True
NGC 6624,-469.2,269.804684,-32.9541315,7.67646812,-1.9827845,-4.55133786,-0.475878035,-0.264768427,-0.607918267,0.54457527,0.816165941,-8.33339906,56.8822691,199.125865,-7.09677321,-1.95582295,-30.3119526,True,True
NGC 6624,-469.3,269.934801,-33.065286,7.67924361,-2.02584524,-4.70106736,-0.474983506,-0.270556537,-0.628143446,0.546635318,0.832691035,-9.15752244,56.3102346,196.394963,-7.03162714,-2.0176002,-31.2349137,True,True
NGC 6624,-469.4,270.063206,-33.1747821,7.6821326,-2.0684356,-4.84855792,-0.47400541,-0.276286487,-0.648089475,0.548648659,0.849137986,-9.96767015,55.7448775,193.667124,-6.96626121,-2.07888851,-32.1232082,True,True
NGC 6624,-469.5,270.189885,-33.2826296,7.68513134,-2.11055985,-4.99381049,-0.472945161,-0.281958953,-0.667756748,0.550615997,0.865492375,-10.7641401,55.1860802,190.943873,-6.90072878,-2.13966444,-32.9776389,True,True
NGC 6624,-469.6,270.314824,-33.3888387,7.68823618,-2.15222225,-5.13682749,-0.471804142,-0.287574601,-0.687145801,0.552538053,0.881741261,-11.5472319,54.6337157,188.226514,-6.83507759,-2.19990863,-33.7990086,True,True
NGC 6624,-469.7,270.438013,-33.4934206,7.69144353,-2.19342698,-5.27761259,-0.470583708,-0.293134081,-0.706257296,0.554415562,0.897873033,-12.3172455,54.0876497,185.516154,-6.76935036,-2.25960525,-34.5881161,True,True
NGC 6624,-469.8,270.559443,-33.5963865,7.6947499,-2.23417817,-5.41617054,-0.469285179,-0.29863803,-0.725091997,0.556249272,0.913877265,-13.0744784,53.547743,182.813727,-6.70358538,-2.31874159,-35.3457533,True,True
NGC 6624,-469.9,270.679103,-33.6977485,7.69815187,-2.27447991,-5.55250709,-0.467909848,-0.304087072,-0.743650758,0.558039938,0.9297446,-13.8192253,53.0138523,180.12002,-6.637817,-2.37730764,-36.0727034,True,True
NGC 6624,-470,270.796987,-33.7975185,7.70164611,-2.31433619,-5.68662881,-0.466458977,-0.309481813,-0.761934504,0.559788326,0.945466635,-14.5517767,52.4858323,177.43569,-6.57207605,-2.43529578,-36.7697382,True,True
NGC 6624,-470.1,270.913088,-33.895709,7.70522937,-2.35375095,-5.81854301,-0.464933798,-0.314822847,-0.779944223,0.561495202,0.961035823,-15.2724179,51.9635361,174.761277,-6.50639025,-2.49270046,-37.4376174,True,True
NGC 6624,-470.2,271.0274,-33.9923327,7.70889847,-2.39272804,-5.94825764,-0.463335516,-0.320110751,-0.797680954,0.563161338,0.976445389,-15.9814283,51.4468168,172.097226,-6.44078453,-2.54951796,-38.0770872,True,True
NGC 6624,-470.3,271.139919,-34.0874023,7.71265032,-2.43127126,-6.07578121,-0.461665305,-0.325346089,-0.815145774,0.56478751,0.991689248,-16.6790814,50.9355276,169.443892,-6.3752813,-2.60574616,-38.6888794,True,True
NGC 6624,-470.4,271.250639,-34.1809306,7.7164819,-2.46938431,-6.20112269,-0.459924314,-0.330529408,-0.832339795,0.566374491,1.00676194,-17.3656438,50.4295229,166.801554,-6.30990078,-2.66138434,-39.2737111,True,True
NGC 6624,-470.5,271.359556,-34.2729307,7.72039025,-2.50707082,-6.3242915,-0.458113663,-0.335661242,-0.849264152,0.567923056,1.02165855,-18.0413754,49.9286585,164.170424,-6.24466114,-2.71643301,-39.8322839,True,True
NGC 6624,-470.6,271.466669,-34.3634156,7.72437251,-2.54433437,-6.44529738,-0.456234448,-0.340742108,-0.86592,0.569433978,1.03637469,-18.7065289,49.4327921,161.550658,-6.17957877,-2.77089376,-40.3652839,True,True
NGC 6624,-470.7,271.571974,-34.4523982,7.72842588,-2.58117842,-6.56415037,-0.454287736,-0.345772511,-0.882308508,0.570908028,1.05090641,-19.3613501,48.9417838,158.942359,-6.11466842,-2.82476913,-40.8733814,True,True
NGC 6624,-470.8,271.675469,-34.5398917,7.73254761,-2.61760639,-6.68086078,-0.452274574,-0.35075294,-0.89843085,0.572345975,1.06525016,-20.0060773,48.455496,156.345587,-6.0499434,-2.87806248,-41.357231,True,True
NGC 6624,-470.9,271.777153,-34.6259088,7.73673505,-2.65362162,-6.79543912,-0.450195981,-0.355683872,-0.914288208,0.573748584,1.07940278,-20.640942,47.9737939,153.760361,-5.98541567,-2.93077789,-41.8174719,True,True
NGC 6624,-471,271.877024,-34.7104627,7.74098559,-2.68922736,-6.90789608,-0.448052954,-0.360565769,-0.929881762,0.575116617,1.09336143,-21.2661684,47.4965453,151.186668,-5.92109602,-2.98292009,-42.2547274,True,True
NGC 6624,-471.1,271.975081,-34.793566,7.74529671,-2.7244268,-7.01824248,-0.445846468,-0.365399078,-0.945212689,0.57645083,1.10712356,-21.8819736,47.0236213,148.624464,-5.85699413,-3.03449437,-42.6696057,True,True
NGC 6624,-471.2,272.071324,-34.8752317,7.74966593,-2.75922308,-7.12648926,-0.443577476,-0.370184238,-0.96028216,0.577751977,1.12068692,-22.488568,46.5548956,146.073679,-5.79311871,-3.08550647,-43.0626997,True,True
NGC 6624,-471.3,272.165753,-34.9554722,7.75409084,-2.79361922,-7.23264741,-0.441246909,-0.374921669,-0.975091341,0.579020805,1.13404948,-23.0861551,46.0902451,143.534223,-5.72947757,-3.1359626,-43.4345876,True,True
NGC 6624,-471.4,272.258367,-35.0343002,7.75856909,-2.82761823,-7.33672802,-0.438855678,-0.379611783,-0.989641382,0.580258056,1.14720943,-23.6749317,45.6295499,141.005983,-5.66607771,-3.18586931,-43.7858331,True,True
NGC 6624,-471.5,272.349168,-35.1117281,7.76309839,-2.86122301,-7.43874219,-0.436404675,-0.384254979,-1.00393343,0.581464469,1.16016518,-24.2550882,45.1726928,138.488831,-5.60292536,-3.23523348,-44.1169856,True,True
NGC 6624,-471.6,272.438155,-35.1877682,7.76767651,-2.89443641,-7.53870104,-0.433894771,-0.388851643,-1.0179686,0.582640775,1.17291532,-24.8268087,44.7195597,135.982623,-5.54002612,-3.28406225,-44.4285804,True,True
NGC 6624,-471.7,272.525329,-35.2624326,7.77230126,-2.92726123,-7.63661568,-0.43132682,-0.39340215,-1.03174801,0.583787699,1.18545857,-25.3902711,44.2700398,133.487204,-5.47738491,-3.33236301,-44.7211396,True,True
NGC 6624,-471.8,272.610693,-35.3357333,7.77697053,-2.95970019,-7.73249721,-0.428701659,-0.397906864,-1.04527276,0.584905962,1.19779386,-25.9456472,43.8240247,131.002407,-5.41500614,-3.38014336,-44.9951717,True,True
NGC 6624,-471.9,272.694245,-35.4076821,7.78168224,-2.99175595,-7.8263567,-0.426020104,-0.402366138,-1.05854392,0.585996279,1.20992019,-26.4931033,43.3814093,128.528055,-5.35289364,-3.42741107,-45.2511728,True,True
NGC 6624,-472,272.775989,-35.4782908,7.78643437,-3.02343113,-7.91820517,-0.423282959,-0.406780315,-1.07156255,0.587059357,1.22183673,-27.0327996,42.9420912,126.063965,-5.29105079,-3.47417405,-45.4896259,True,True
NGC 6624,-472.1,272.855926,-35.5475708,7.79122495,-3.05472827,-8.00805357,-0.420491009,-0.411149727,-1.08432969,0.588095899,1.23354273,-27.5648913,42.5059705,123.609944,-5.22948054,-3.52044033,-45.7110023,True,True
NGC 6624,-472.2,272.934057,-35.6155334,7.79605207,-3.08564986,-8.0959128,-0.417645024,-0.415474696,-1.09684636,0.589106602,1.24503756,-28.0895278,42.0729504,121.165797,-5.16818541,-3.56621806,-45.9157613,True,True
NGC 6624,-472.3,273.010384,-35.6821899,7.80091384,-3.11619836,-8.18179368,-0.414745758,-0.419755533,-1.10911357,0.590092155,1.25632068,-28.6068539,41.6429363,118.731321,-5.10716754,-3.61151547,-46.1043507,True,True
NGC 6624,-472.4,273.084909,-35.7475511,7.80580845,-3.14637614,-8.26570694,-0.411793953,-0.423992542,-1.12113228,0.591053242,1.26739162,-29.117009,41.2158365,116.306311,-5.04642874,-3.65634083,-46.2772071,True,True
NGC 6624,-472.5,273.157635,-35.811628,7.81073412,-3.17618555,-8.34766321,-0.408790334,-0.428186017,-1.13290346,0.591990542,1.27824999,-29.6201277,40.7915615,113.890559,-4.9859705,-3.7007025,-46.4347565,True,True
NGC 6624,-472.6,273.228563,-35.8744311,7.8156891,-3.20562886,-8.42767302,-0.405735615,-0.432336241,-1.14442804,0.592904726,1.28889548,-30.1163402,40.3700241,111.483852,-4.925794,-3.74460884,-46.5774142,True,True
NGC 6624,-472.7,273.297696,-35.9359709,7.8206717,-3.23470832,-8.5057468,-0.402630496,-0.43644349,-1.15570694,0.59379646,1.29932781,-30.605772,39.9511398,109.085978,-4.86590015,-3.78806827,-46.7055854,True,True
NGC 6624,-472.8,273.365036,-35.9962576,7.82568028,-3.2634261,-8.58189487,-0.399475663,-0.440508032,-1.16674104,0.594666404,1.30954679,-31.0885441,39.5348259,106.696721,-4.8062896,-3.83108922,-46.8196654,True,True
NGC 6624,-472.9,273.430586,-36.0553013,7.83071322,-3.29178437,-8.65612742,-0.396271792,-0.444530125,-1.17753123,0.59551521,1.31955226,-31.5647734,39.1210021,104.315865,-4.74696277,-3.8736801,-46.92004,True,True
NGC 6624,-473,273.494348,-36.1131119,7.83576896,-3.3197852,-8.72845453,-0.393019547,-0.448510019,-1.18807834,0.596343526,1.32934411,-32.0345728,38.70959,101.943194,-4.68791986,-3.91584934,-47.0070857,True,True
NGC 6624,-473.1,273.556325,-36.1696991,7.84084597,-3.34743067,-8.79888613,-0.389719578,-0.452447958,-1.19838321,0.597151994,1.33892226,-32.4980509,38.3005135,99.5784911,-4.62916086,-3.95760537,-47.0811699,True,True
NGC 6624,-473.2,273.61652,-36.2250722,7.84594275,-3.37472277,-8.86743204,-0.386372528,-0.456344176,-1.20844664,0.597941249,1.34828669,-32.9553128,37.8936979,97.221538,-4.57068555,-3.99895658,-47.1426515,True,True
NGC 6624,-473.3,273.674935,-36.2792408,7.85105785,-3.40166347,-8.93410196,-0.382979027,-0.460198902,-1.2182694,0.598711921,1.3574374,-33.4064596,37.489071,94.8721179,-4.51249356,-4.03991136,-47.1918808,True,True
NGC 6624,-473.4,273.731573,-36.3322138,7.85618986,-3.42825471,-8.9989054,-0.379539695,-0.464012354,-1.22785226,0.599464632,1.36637441,-33.8515889,37.0865619,92.5300141,-4.45458434,-4.08047806,-47.2291999,True,True
NGC 6624,-473.5,273.786437,-36.3840002,7.86133739,-3.45449837,-9.06185179,-0.376055142,-0.467784747,-1.23719595,0.6002,1.37509777,-34.2907947,36.6861016,90.1950104,-4.39695718,-4.12066501,-47.2549431,True,True
NGC 6624,-473.6,273.83953,-36.4346087,7.86649909,-3.4803963,-9.12295038,-0.372525971,-0.471516286,-1.2463012,0.600918636,1.38360756,-34.7241676,36.2876228,87.8668912,-4.33961122,-4.16048048,-47.269437,True,True
NGC 6624,-473.7,273.890854,-36.4840479,7.87167366,-3.50595031,-9.18221029,-0.368952773,-0.475207171,-1.25516869,0.601621146,1.39190389,-35.1517951,35.8910596,85.5454419,-4.28254548,-4.19993275,-47.2730005,True,True
NGC 6624,-473.8,273.940414,-36.5323261,7.87685982,-3.53116217,-9.23964048,-0.36533613,-0.478857594,-1.26379909,0.60230813,1.39998687,-35.5737611,35.496348,83.2304486,-4.22575883,-4.23903,-47.2659457,True,True
NGC 6624,-473.9,273.988211,-36.5794515,7.88205632,-3.55603363,-9.29524978,-0.361676619,-0.482467742,-1.27219306,0.602980181,1.40785663,-35.9901466,35.1034251,80.9216985,-4.16925003,-4.27778042,-47.2485773,True,True
NGC 6624,-474,274.03425,-36.6254321,7.88726194,-3.58056639,-9.34904686,-0.357974806,-0.486037793,-1.28035122,0.603637886,1.41551332,-36.4010296,34.7122296,78.6189801,-4.11301773,-4.31619211,-47.2211935,True,True
NGC 6624,-474.1,274.078532,-36.6702755,7.8924755,-3.6047621,-9.40104023,-0.354231249,-0.489567922,-1.28827418,0.604281829,1.42295709,-36.8064851,34.3227015,76.3220828,-4.05706047,-4.35427315,-47.1840857,True,True
NGC 6624,-474.2,274.121061,-36.7139895,7.89769586,-3.62862241,-9.45123827,-0.3504465,-0.493058297,-1.29596252,0.604912583,1.43018813,-37.2065852,33.934782,74.0307974,-4.00137667,-4.39203157,-47.1375392,True,True
NGC 6624,-474.3,274.16184,-36.7565814,7.90292188,-3.65214892,-9.49964918,-0.346621104,-0.496509078,-1.3034168,0.605530721,1.4372066,-37.6013992,33.5484138,71.7449157,-3.94596469,-4.42947532,-47.0818328,True,True
NGC 6624,-474.4,274.200873,-36.7980584,7.90815247,-3.6753432,-9.54628101,-0.342755597,-0.499920422,-1.31063757,0.606136806,1.4440127,-37.9909935,33.1635406,69.464231,-3.89082278,-4.46661232,-47.0172396,True,True
NGC 6624,-474.5,274.238162,-36.8384276,7.91338658,-3.69820678,-9.59114168,-0.338850509,-0.503292478,-1.31762535,0.606731396,1.45060662,-38.3754322,32.7801073,67.1885378,-3.8359491,-4.50345045,-46.9440267,True,True
NGC 6624,-474.6,274.273711,-36.8776957,7.91862316,-3.72074116,-9.63423893,-0.334906366,-0.506625392,-1.32438064,0.607315043,1.45698856,-38.7547766,32.3980598,64.9176317,-3.78134175,-4.53999751,-46.8624555,True,True
NGC 6624,-474.7,274.307522,-36.9158695,7.9238612,-3.74294783,-9.67558034,-0.330923685,-0.509919302,-1.33090392,0.607888295,1.46315871,-39.1290853,32.0173453,62.65131,-3.72699875,-4.57626126,-46.7727823,True,True
NGC 6624,-474.8,274.3396,-36.9529554,7.92909972,-3.76482822,-9.71517334,-0.326902977,-0.513174341,-1.33719564,0.608451692,1.4691173,-39.4984148,31.6379117,60.3893707,-3.67291803,-4.6122494,-46.6752578,True,True
NGC 6624,-474.9,274.369946,-36.9889597,7.93433777,-3.78638376,-9.75302521,-0.322844751,-0.516390639,-1.34325625,0.609005768,1.47486453,-39.8628187,31.259708,58.1316136,-3.61909747,-4.64796958,-46.5701276,True,True
NGC 6624,-475,274.398564,-37.0238884,7.93957442,-3.80761582,-9.78914305,-0.318749506,-0.519568318,-1.34908616,0.609551052,1.48040061,-40.2223487,30.8826842,55.8778392,-3.56553488,-4.68342938,-46.4576323,True,True
NGC 6624,-475.1,274.425458,-37.0577476,7.94480875,-3.82852578,-9.82353382,-0.314617738,-0.522707497,-1.35468577,0.610088066,1.48572574,-40.5770538,30.506791,53.6278497,-3.51222803,-4.71863635,-46.3380077,True,True
NGC 6624,-475.2,274.450631,-37.0905429,7.9500399,-3.84911495,-9.85620431,-0.310449939,-0.525808289,-1.36005545,0.610617328,1.49084015,-40.926981,30.1319801,51.3814482,-3.45917459,-4.75359797,-46.211485,True,True
NGC 6624,-475.3,274.474085,-37.1222798,7.955267,-3.86938464,-9.88716116,-0.306246595,-0.528870801,-1.36519557,0.611139347,1.49574405,-41.2721748,29.7582038,49.1384389,-3.40637223,-4.78832166,-46.0782908,True,True
NGC 6624,-475.4,274.495823,-37.1529638,7.96048922,-3.88933613,-9.91641084,-0.302008188,-0.531895138,-1.37010646,0.611654627,1.50043763,-41.6126777,29.3854152,46.8986272,-3.35381853,-4.82281481,-45.9386472,True,True
NGC 6624,-475.5,274.51585,-37.1826,7.96570575,-3.90897066,-9.94395966,-0.297735195,-0.534881397,-1.37478843,0.612163667,1.50492113,-41.9485299,29.0135684,44.6618195,-3.30151103,-4.85708472,-45.7927721,True,True
NGC 6624,-475.6,274.534168,-37.2111935,7.97091581,-3.92828947,-9.96981377,-0.293428091,-0.537829674,-1.37924179,0.612666959,1.50919473,-42.2797695,28.6426177,42.4278234,-3.24944722,-4.89113867,-45.6408793,True,True
NGC 6624,-475.7,274.55078,-37.238749,7.97611864,-3.94729375,-9.99397917,-0.289087344,-0.540740057,-1.38346681,0.613164988,1.51325864,-42.6064325,28.2725185,40.1964471,-3.19762456,-4.92498388,-45.4831783,True,True
NGC 6624,-475.8,274.56569,-37.2652713,7.98131348,-3.96598466,-10.0164617,-0.284713422,-0.543612631,-1.38746375,0.613658232,1.51711308,-42.928553,27.9032265,37.9675001,-3.14604047,-4.9586275,-45.3198749,True,True
NGC 6624,-475.9,274.578899,-37.2907647,7.98649963,-3.98436336,-10.037267,-0.280306788,-0.546447477,-1.39123285,0.614147165,1.52075823,-43.2461628,27.534698,35.7407926,-3.0946923,-4.99207665,-45.1511712,True,True
NGC 6624,-476,274.590412,-37.3152337,7.99167638,-4.00243097,-10.0564006,-0.2758679,-0.54924467,-1.39477433,0.614632252,1.52419429,-43.5592918,27.16689,33.5161356,-3.0435774,-5.0253384,-44.9772654,True,True
NGC 6624,-476.1,274.600232,-37.3386822,7.99684306,-4.02018859,-10.0738679,-0.271397216,-0.552004282,-1.39808839,0.615113954,1.52742146,-43.8679678,26.79976,31.293341,-2.99269306,-5.05841976,-44.7983521,True,True
NGC 6624,-476.2,274.608361,-37.3611143,8.001999,-4.03763729,-10.089674,-0.26689519,-0.55472638,-1.40117521,0.615592721,1.53043992,-44.1722168,26.4332657,29.0722212,-2.94203655,-5.09132769,-44.6146227,True,True
NGC 6624,-476.3,274.614803,-37.3825338,8.00714357,-4.05477812,-10.103824,-0.262362273,-0.557411027,-1.40403494,0.616069002,1.53324986,-44.4720626,26.0673656,26.8525894,-2.89160508,-5.12406911,-44.4262648,True,True
NGC 6624,-476.4,274.61956,-37.4029442,8.01227616,-4.0716121,-10.1163227,-0.257798915,-0.560058281,-1.40666774,0.616543234,1.53585146,-44.7675274,25.7020184,24.6342596,-2.84139586,-5.1566509,-44.2334631,True,True
NGC 6624,-476.5,274.622636,-37.4223489,8.01739616,-4.08814025,-10.1271748,-0.253205563,-0.562668197,-1.40907373,0.617015849,1.53824489,-45.058631,25.3371833,22.417046,-2.79140607,-5.18907989,-44.0363989,True,True
NGC 6624,-476.6,274.624033,-37.4407512,8.02250299,-4.10436353,-10.1363849,-0.248582661,-0.565240826,-1.41125301,0.617487272,1.54043033,-45.3453917,24.9728197,20.2007635,-2.74163282,-5.22136286,-43.8352504,True,True
NGC 6624,-476.7,274.623755,-37.4581542,8.0275961,-4.12028291,-10.1439574,-0.243930654,-0.567776213,-1.41320567,0.617957921,1.54240794,-45.6278256,24.6088874,17.9852274,-2.69207324,-5.25350655,-43.630193,True,True
NGC 6624,-476.8,274.621803,-37.4745609,8.03267493,-4.13589931,-10.1498965,-0.239249982,-0.570274401,-1.41493177,0.618428207,1.5441779,-45.905947,24.2453466,15.7702534,-2.64272442,-5.28551766,-43.4213988,True,True
NGC 6624,-476.9,274.618182,-37.4899738,8.03773898,-4.15121366,-10.1542063,-0.234541086,-0.572735428,-1.41643137,0.618898531,1.54574035,-46.1797683,23.8821576,13.5556575,-2.59358341,-5.31740286,-43.2090374,True,True
NGC 6624,-477,274.612894,-37.5043957,8.04278772,-4.16622683,-10.1568906,-0.229804406,-0.575159327,-1.41770449,0.619369289,1.54709545,-46.4492999,23.5192811,11.341256,-2.54464724,-5.34916876,-42.9932755,True,True
NGC 6624,-477.1,274.605941,-37.5178289,8.04782067,-4.18093969,-10.1579532,-0.225040379,-0.577546128,-1.41875114,0.619840869,1.54824336,-46.7145503,23.1566779,9.12686546,-2.49591293,-5.38082194,-42.774277,True,True
NGC 6624,-477.2,274.597327,-37.5302756,8.05283737,-4.19535308,-10.1573978,-0.220249444,-0.579895858,-1.41957131,0.620313649,1.54918422,-46.9755262,22.7943091,6.91230245,-2.44737746,-5.41236896,-42.5522034,True,True
NGC 6624,-477.3,274.587055,-37.5417379,8.05783734,-4.20946783,-10.1552276,-0.215432036,-0.582208538,-1.42016499,0.620788003,1.54991817,-47.2322322,22.4321356,4.69738374,-2.39903782,-5.44381633,-42.3272134,True,True
NGC 6624,-477.4,274.575126,-37.5522178,8.06282017,-4.22328474,-10.1514459,-0.210588594,-0.584484187,-1.42053211,0.621264292,1.55044535,-47.4846712,22.070119,2.48192611,-2.35089093,-5.47517052,-42.0994635,True,True
NGC 6624,-477.5,274.561544,-37.5617168,8.06778541,-4.23680457,-10.146056,-0.205719552,-0.586722818,-1.42067262,0.621742872,1.55076591,-47.7328439,21.7082205,0.265746344,-2.30293373,-5.50643799,-41.8691075,True,True
NGC 6624,-477.6,274.546311,-37.5702366,8.07273267,-4.25002809,-10.1390606,-0.200825347,-0.588924442,-1.42058644,0.62222409,1.55087996,-47.9767492,21.3464016,-1.95133888,-2.25516313,-5.53762513,-41.6362971,True,True
NGC 6624,-477.7,274.529431,-37.5777786,8.07766156,-4.26295602,-10.1304626,-0.195906416,-0.591089064,-1.42027345,0.622708283,1.55078763,-48.216384,20.9846239,-4.16951301,-2.20757601,-5.56873835,-41.4011815,True,True
NGC 6624,-477.8,274.510904,-37.584344,8.0825717,-4.27558908,-10.1202646,-0.190963196,-0.593216687,-1.41973355,0.62319578,1.55048906,-48.4517431,20.6228489,-6.38895969,-2.16016925,-5.599784,-41.1639079,True,True
NGC 6624,-477.9,274.490735,-37.5899338,8.08746273,-4.28792796,-10.1084691,-0.185996125,-0.59530731,-1.41896659,0.623686902,1.54998437,-48.6828196,20.261038,-8.60986279,-2.1129397,-5.6307684,-40.9246209,True,True
NGC 6624,-478,274.468926,-37.594549,8.09233431,-4.29997331,-10.0950782,-0.18100564,-0.597360927,-1.41797241,0.62418196,1.54927366,-48.9096042,19.8991529,-10.8324065,-2.06588419,-5.66169787,-40.6834635,True,True
NGC 6624,-478.1,274.445478,-37.5981903,8.0971861,-4.31172579,-10.0800943,-0.175992182,-0.599377528,-1.41675084,0.624681254,1.54835707,-49.1320857,19.5371548,-13.0567754,-2.01899955,-5.69257867,-40.4405763,True,True
NGC 6624,-478.2,274.420396,-37.6008581,8.1020178,-4.32318602,-10.0635192,-0.170956191,-0.601357099,-1.41530168,0.625185076,1.5472347,-49.3502509,19.1750051,-15.2831544,-1.97228258,-5.72341708,-40.1960979,True,True
NGC 6624,-478.3,274.39368,-37.602553,8.10682911,-4.33435459,-10.0453547,-0.165898109,-0.603299623,-1.41362471,0.62569371,1.54590667,-49.5640843,18.8126651,-17.5117291,-1.92573008,-5.75421933,-39.950165,True,True
NGC 6624,-478.4,274.365333,-37.6032752,8.11161973,-4.34523208,-10.0256025,-0.160818381,-0.60520508,-1.41171971,0.626207426,1.5443731,-49.7735684,18.4500957,-19.7426852,-1.87933881,-5.78499164,-39.7029123,True,True
NGC 6624,-478.5,274.335358,-37.6030247,8.11638939,-4.35581905,-10.0042641,-0.155717452,-0.607073442,-1.40958641,0.626726486,1.54263409,-49.9786833,18.0872579,-21.9762094,-1.83310554,-5.81574021,-39.4544725,True,True
NGC 6624,-478.6,274.303757,-37.6018013,8.12113784,-4.36611603,-9.98134074,-0.150595769,-0.608904681,-1.40722454,0.627251143,1.54068975,-50.1794072,17.7241122,-24.2124889,-1.78702702,-5.84647122,-39.2049766,True,True
NGC 6624,-478.7,274.270532,-37.599605,8.12586483,-4.37612352,-9.95683367,-0.145453784,-0.610698763,-1.40463383,0.627781636,1.53854021,-50.3757157,17.3606192,-26.4517115,-1.74109998,-5.87719084,-38.9545538,True,True
NGC 6624,-478.8,274.235686,-37.5964351,8.13057013,-4.38584202,-9.93074384,-0.140291949,-0.612455651,-1.40181394,0.628318196,1.53618556,-50.5675823,16.9967389,-28.6940657,-1.69532115,-5.90790523,-38.7033313,True,True
NGC 6624,-478.9,274.19922,-37.5922911,8.13525352,-4.39527199,-9.90307209,-0.13511072,-0.614175303,-1.39876456,0.628861041,1.53362593,-50.7549781,16.6324312,-30.939741,-1.64968723,-5.93862053,-38.4514347,True,True
NGC 6624,-479,274.161137,-37.5871723,8.13991479,-4.40441387,-9.87381909,-0.129910556,-0.615857673,-1.39548533,0.62941038,1.53086144,-50.9378717,16.2676556,-33.1889274,-1.60419493,-5.96934288,-38.1989877,True,True
NGC 6624,-479.1,274.121439,-37.5810777,8.14455375,-4.41326807,-9.84298534,-0.124691919,-0.617502711,-1.39197589,0.629966406,1.52789219,-51.1162292,15.9023713,-35.441816,-1.55884093,-6.0000784,-37.9461126,True,True
NGC 6624,-479.2,274.080128,-37.5740062,8.14917023,-4.421835,-9.81057119,-0.119455274,-0.619110364,-1.38823584,0.630529306,1.52471832,-51.2900143,15.536537,-37.6985988,-1.51362192,-6.03083321,-37.6929297,True,True
NGC 6624,-479.3,274.037206,-37.5659566,8.15376405,-4.43011501,-9.7765768,-0.114201092,-0.620680573,-1.38426479,0.631099249,1.52133996,-51.459188,15.1701109,-39.9594687,-1.46853457,-6.06161342,-37.4395576,True,True
NGC 6624,-479.4,273.992675,-37.5569274,8.15833506,-4.43810846,-9.7410022,-0.108929845,-0.622213274,-1.38006229,0.631676396,1.51775722,-51.6237086,14.803051,-42.2246195,-1.42357552,-6.09242515,-37.1861136,True,True
NGC 6624,-479.5,273.946536,-37.546917,8.16288312,-4.44581567,-9.70384723,-0.103642013,-0.623708402,-1.37562791,0.632260893,1.51397027,-51.7835319,14.4353146,-44.4942461,-1.37874145,-6.1232745,-36.932713,True,True
NGC 6624,-479.6,273.898793,-37.5359236,8.16740808,-4.45323692,-9.66511156,-0.0983380775,-0.625165884,-1.37096117,0.632852874,1.50997923,-51.9386105,14.0668584,-46.7685445,-1.33402899,-6.15416757,-36.6794695,True,True
NGC 6624,-479.7,273.849446,-37.5239454,8.17190984,-4.46037251,-9.62479473,-0.0930185268,-0.626585646,-1.36606159,0.633452459,1.50578428,-52.0888944,13.6976386,-49.0477116,-1.28943478,-6.18511048,-36.4264954,True,True
NGC 6624,-479.8,273.798497,-37.5109803,8.17638828,-4.46722266,-9.58289607,-0.0876838537,-0.627967605,-1.36092866,0.634059754,1.50138556,-52.2343305,13.3276108,-51.3319458,-1.24495546,-6.21610932,-36.1739013,True,True
NGC 6624,-479.9,273.745949,-37.4970259,8.18084331,-4.47378761,-9.53941477,-0.082334557,-0.629311678,-1.35556185,0.634674852,1.49678325,-52.3748626,12.95673,-53.6214461,-1.20058766,-6.24717021,-35.9217959,True,True
NGC 6624,-480,273.691803,-37.4820798,8.18527484,-4.48006754,-9.49434984,-0.0769711411,-0.630617776,-1.34996061,0.635297832,1.49197754,-52.5104315,12.5849503,-55.916413,-1.156328,-6.27829927,-35.6702867,True,True
NGC 6624,-480.1,273.636061,-37.4661395,8.18968279,-4.48606262,-9.44770014,-0.0715941169,-0.631885802,-1.34412438,0.635928758,1.48696864,-52.6409745,12.2122252,-58.2170481,-1.1121731,-6.30950263,-35.4194792,True,True
NGC 6624,-480.2,273.578724,-37.4492021,8.19406711,-4.491773,-9.39946434,-0.0662040016,-0.63311566,-1.33805255,0.636567678,1.48175674,-52.7664256,11.8385074,-60.5235541,-1.06811959,-6.3407864,-35.1694776,True,True
NGC 6624,-480.3,273.519794,-37.4312647,8.19842772,-4.49719878,-9.34964096,-0.0608013195,-0.634307243,-1.33174453,0.637214626,1.4763421,-52.8867156,11.4637486,-62.8361349,-1.0241641,-6.37215674,-34.9203841,True,True
NGC 6624,-480.4,273.459272,-37.4123242,8.2027646,-4.50234006,-9.29822834,-0.0553866021,-0.635460445,-1.32519968,0.63786962,1.47072494,-53.0017712,11.0878998,-65.1549954,-0.980303243,-6.40361979,-34.6722995,True,True
NGC 6624,-480.5,273.397161,-37.3923773,8.20707771,-4.50719689,-9.24522467,-0.0499603888,-0.63657515,-1.31841735,0.638532663,1.46490555,-53.1115157,10.710911,-67.4803418,-0.936533655,-6.43518172,-34.4253227,True,True
NGC 6624,-480.6,273.333461,-37.3714206,8.21136702,-4.51176929,-9.19062794,-0.0445232268,-0.637651239,-1.31139686,0.639203739,1.45888421,-53.2158684,10.332731,-69.8123814,-0.892851973,-6.46684871,-34.179551,True,True
NGC 6624,-480.7,273.268175,-37.3494503,8.21563252,-4.51605728,-9.134436,-0.0390756719,-0.638688589,-1.30413752,0.639882818,1.45266124,-53.3147448,9.95330802,-72.1513225,-0.849254838,-6.49862693,-33.93508,True,True
NGC 6624,-480.8,273.201303,-37.3264628,8.2198742,-4.52006081,-9.07664651,-0.0336182886,-0.639687068,-1.29663861,0.640569852,1.44623699,-53.4080561,9.57258868,-74.4973743,-0.805738908,-6.5305226,-33.6920034,True,True
NGC 6624,-480.9,273.132847,-37.3024541,8.22409207,-4.52377983,-9.01725698,-0.028151651,-0.640646543,-1.2888994,0.641264773,1.43961181,-53.495709,9.19051868,-76.8507472,-0.762300849,-6.56254194,-33.450413,True,True
NGC 6624,-481,273.062809,-37.2774199,8.22828615,-4.52721424,-8.95626473,-0.0226763425,-0.641566872,-1.28091912,0.641967497,1.43278611,-53.5776061,8.80704244,-79.2116522,-0.718937348,-6.59469119,-33.2103987,True,True
NGC 6624,-481.1,272.991189,-37.251356,8.23245645,-4.53036391,-8.89366692,-0.0171929571,-0.642447908,-1.27269699,0.642677923,1.42576034,-53.6536452,8.42210309,-81.5803015,-0.675645107,-6.62697659,-32.9720487,True,True
NGC 6624,-481.2,272.917989,-37.2242578,8.23660301,-4.53322868,-8.82946054,-0.0117020993,-0.643289498,-1.26423221,0.643395926,1.41853495,-53.7237192,8.03564236,-83.9569075,-0.632420854,-6.65940443,-32.735449,True,True
NGC 6624,-481.3,272.843211,-37.1961207,8.24072587,-4.53580837,-8.7636424,-0.00620438446,-0.644091485,-1.25552396,0.644121367,1.41111047,-53.7877161,7.64760057,-86.3416836,-0.589261342,-6.69198099,-32.5006835,True,True
NGC 6624,-481.4,272.766855,-37.1669398,8.24482507,-4.53810273,-8.69620915,-0.000700440227,-0.644853702,-1.24657139,0.644854082,1.40348745,-53.8455186,7.25791653,-88.7348435,-0.546163358,-6.72471259,-32.2678341,True,True
NGC 6624,-481.5,272.688923,-37.13671,8.24890068,-4.5401115,-8.62715728,0.00480909358,-0.645575978,-1.23737363,0.64559389,1.39566649,-53.8970042,6.86652746,-91.1366009,-0.503123724,-6.75760555,-32.0369803,True,True
NGC 6624,-481.6,272.609415,-37.1054263,8.25295275,-4.5418344,-8.55648308,0.0103235644,-0.646258137,-1.22792979,0.646340588,1.38764827,-53.9420445,6.4733689,-93.5471699,-0.460139305,-6.79066622,-31.8081994,True,True
NGC 6624,-481.7,272.528334,-37.0730831,8.25698135,-4.54327107,-8.48418271,0.0158423063,-0.646899994,-1.21823895,0.647093951,1.37943348,-53.9805054,6.07837466,-95.9667641,-0.417207016,-6.82390097,-31.5815664,True,True
NGC 6624,-481.8,272.44568,-37.0396748,8.26098657,-4.54442114,-8.41025214,0.0213646393,-0.647501358,-1.2083002,0.647853731,1.37102291,-54.0122466,5.6814767,-98.3955971,-0.374323824,-6.85731616,-31.3571535,True,True
NGC 6624,-481.9,272.361454,-37.0051959,8.2649685,-4.5452842,-8.33468717,0.0268898686,-0.64806203,-1.19811256,0.648619657,1.3624174,-54.0371215,5.28260502,-100.833881,-0.33148676,-6.89091821,-31.1350305,True,True
NGC 6624,-482,272.275658,-36.9696401,8.26892721,-4.54585978,-8.25748343,0.0324172843,-0.648581805,-1.18767506,0.649391437,1.35361785,-54.0549769,4.88168761,-103.281828,-0.288692927,-6.92471351,-30.9152643,True,True
NGC 6624,-482.1,272.188292,-36.9330016,8.27286282,-4.5461474,-8.17863641,0.0379461603,-0.64906047,-1.1769867,0.650168751,1.34462527,-54.0656525,4.47865033,-105.739649,-0.245939506,-6.95870849,-30.6979191,True,True
NGC 6624,-482.2,272.099358,-36.895274,8.27677542,-4.5461465,-8.09814142,0.0434757539,-0.649497804,-1.16604647,0.650951257,1.33544072,-54.068981,4.0734168,-108.20755,-0.203223771,-6.99290958,-30.4830558,True,True
NGC 6624,-482.3,272.008857,-36.8564507,8.28066512,-4.5458565,-8.0159936,0.0490053048,-0.649893579,-1.15485332,0.651738586,1.32606537,-54.0647873,3.66590827,-110.68574,-0.160543096,-7.02732321,-30.2707322,True,True
NGC 6624,-482.4,271.916789,-36.8165251,8.28453204,-4.54527676,-7.93218794,0.0545340344,-0.650247558,-1.14340618,0.652530342,1.31650049,-54.0528888,3.25604354,-113.174419,-0.117894971,-7.06195582,-30.0610029,True,True
NGC 6624,-482.5,271.823157,-36.7754904,8.28837631,-4.54440661,-7.84671928,0.060061145,-0.650559495,-1.13170398,0.653326104,1.30674745,-54.0330943,2.84373882,-115.673789,-0.0752770154,-7.09681384,-29.8539188,True,True
NGC 6624,-482.6,271.72796,-36.7333395,8.29219804,-4.54324531,-7.7595823,0.065585819,-0.650829137,-1.11974561,0.65412542,1.29680774,-54.0052043,2.42890762,-118.184045,-0.0326869911,-7.13190368,-29.649527,True,True
NGC 6624,-482.7,271.6312,-36.6900653,8.29599736,-4.54179208,-7.67077153,0.0711072179,-0.651056221,-1.10752995,0.654927812,1.28668296,-53.9690104,2.01146059,-120.705377,0.00987717578,-7.16723177,-29.4478708,True,True
NGC 6624,-482.8,271.532878,-36.6456602,8.2997744,-4.5400461,-7.58028135,0.0766244812,-0.651240474,-1.09505586,0.65573277,1.27637487,-53.9242946,1.59130539,-123.237969,0.0524173783,-7.20280447,-29.2489892,True,True
NGC 6624,-482.9,271.432996,-36.6001168,8.30352931,-4.53800646,-7.48810601,0.082136726,-0.651381614,-1.08232217,0.656539755,1.26588535,-53.8708295,1.16834657,-125.782001,0.0949353062,-7.23862814,-29.0529169,True,True
NGC 6624,-483,271.331554,-36.5534273,8.30726221,-4.53567224,-7.3942396,0.0876430454,-0.651479351,-1.06932771,0.657348194,1.25521647,-53.8083772,0.742485381,-128.337641,0.137432422,-7.27470908,-28.8596839,True,True
NGC 6624,-483.1,271.228554,-36.5055836,8.31097325,-4.53304242,-7.29867611,0.0931425076,-0.651533382,-1.05607127,0.658157484,1.24437045,-53.7366893,0.313619666,-130.905051,0.179909935,-7.31105355,-28.6693153,True,True
NGC 6624,-483.2,271.123997,-36.4565778,8.31466256,-4.53011594,-7.20140938,0.0986341549,-0.651543394,-1.04255166,0.658966987,1.23334969,-53.6555065,-0.118356339,-133.48438,0.222368767,-7.34766772,-28.4818308,True,True
NGC 6624,-483.3,271.017884,-36.4064016,8.3183303,-4.52689168,-7.10243316,0.104117002,-0.651509063,-1.02876764,0.65977603,1.22215681,-53.5645577,-0.553552154,-136.075768,0.264809525,-7.38455769,-28.2972448,True,True
NGC 6624,-483.4,270.910217,-36.3550464,8.32197661,-4.52336846,-7.00174108,0.109590037,-0.651430055,-1.01471798,0.660583903,1.21079464,-53.4635598,-0.992081236,-138.679337,0.30723246,-7.42172943,-28.1155657,True,True
NGC 6624,-483.5,270.800998,-36.3025036,8.32560162,-4.51954501,-6.89932668,0.115052216,-0.651306023,-1.00040141,0.661389861,1.19926625,-53.3522172,-1.43406115,-141.295197,0.349637427,-7.45918883,-27.9367959,True,True
NGC 6624,-483.6,270.690227,-36.2487645,8.32920548,-4.51542001,-6.7951834,0.120502466,-0.651136607,-0.985816692,0.662193118,1.18757496,-53.2302211,-1.87961378,-143.923438,0.392023836,-7.49694158,-27.7609312,True,True
NGC 6624,-483.7,270.577907,-36.19382,8.33278833,-4.51099206,-6.68930462,0.125939681,-0.650921436,-0.97096254,0.66299285,1.17572436,-53.097249,-2.32886545,-146.564129,0.434390603,-7.53499322,-27.5879602,True,True
NGC 6624,-483.8,270.464039,-36.1376611,8.3363503,-4.50625969,-6.58168368,0.131362721,-0.650660125,-0.955837682,0.663788191,1.16371837,-52.9529645,-2.7819472,-149.217317,0.476736091,-7.57334906,-27.4178646,True,True
NGC 6624,-483.9,270.348626,-36.0802785,8.33989154,-4.50122134,-6.47231385,0.136770412,-0.650352275,-0.94044084,0.664578232,1.1515612,-52.797016,-3.23899494,-151.883021,0.519058043,-7.61201418,-27.2506181,True,True
NGC 6624,-484,270.23167,-36.0216628,8.34341216,-4.4958754,-6.36118841,0.142161541,-0.649997473,-0.924770733,0.665362021,1.13925745,-52.6290368,-3.70014962,-154.56123,0.561353509,-7.65099336,-27.0861864,True,True
NGC 6624,-484.1,270.113173,-35.9618045,8.3469123,-4.49022013,-6.24830063,0.14753486,-0.649595292,-0.908826085,0.666138558,1.12681207,-52.4486444,-4.16555748,-157.251901,0.603618767,-7.69029104,-26.9245266,True,True
NGC 6624,-484.2,269.993138,-35.900694,8.35039208,-4.48425374,-6.13364379,0.152889078,-0.649145289,-0.892605625,0.666906798,1.11423044,-52.2554396,-4.63537021,-159.954948,0.645849227,-7.72991127,-26.7655866,True,True
NGC 6624,-484.3,269.871567,-35.8383213,8.35385161,-4.47797434,-6.01721125,0.158222864,-0.648647007,-0.876108093,0.667665645,1.10151841,-52.0490063,-5.10974517,-162.670246,0.688039331,-7.76985765,-26.6093051,True,True
NGC 6624,-484.4,269.748465,-35.7746768,8.35729099,-4.47137994,-5.89899644,0.163534842,-0.648099969,-0.859332246,0.668413954,1.08868229,-51.8289109,-5.58884553,-165.397617,0.730182435,-7.81013324,-26.4556104,True,True
NGC 6624,-484.5,269.623835,-35.7097505,8.36071031,-4.46446845,-5.77899291,0.168823594,-0.647503684,-0.842276858,0.669150526,1.07572893,-51.5947017,-6.07284048,-168.136829,0.772270676,-7.8507405,-26.3044207,True,True
NGC 6624,-484.6,269.49768,-35.6435324,8.36410967,-4.45723768,-5.65719439,0.174087651,-0.646857642,-0.824940736,0.669874107,1.06266577,-51.3459086,-6.56190537,-170.887584,0.814294829,-7.89168119,-26.1556432,True,True
NGC 6624,-484.7,269.370005,-35.5760124,8.36748914,-4.44968535,-5.5335948,0.179325497,-0.646161316,-0.807322715,0.670583389,1.04950086,-51.0820426,-7.05622187,-173.649515,0.856244139,-7.93295624,-26.0091737,True,True
NGC 6624,-484.8,269.240815,-35.5071805,8.37084878,-4.44180906,-5.40818832,0.184535565,-0.64541416,-0.789421676,0.671277001,1.03624292,-50.8025956,-7.55597805,-176.422173,0.898106134,-7.97456569,-25.864896,True,True
NGC 6624,-484.9,269.110115,-35.4370267,8.37418863,-4.43360628,-5.28096943,0.189716235,-0.644615606,-0.771236547,0.671953517,1.02290143,-50.5070399,-8.06136845,-179.205015,0.939866412,-8.01650846,-25.722682,True,True
NGC 6624,-485,268.977912,-35.365541,8.37750873,-4.42507439,-5.15193302,0.19486583,-0.643765069,-0.75276632,0.672611445,1.00948665,-50.1948286,-8.57259417,-181.997398,0.981508408,-8.05878228,-25.5823909,True,True
NGC 6624,-485.1,268.844212,-35.2927135,8.3808091,-4.41621064,-5.02107443,0.19998262,-0.642861941,-0.734010057,0.673249228,0.996009682,-49.8653956,-9.08986276,-184.798559,1.02301312,-8.10138346,-25.4438688,True,True
NGC 6624,-485.2,268.709023,-35.2185345,8.38408973,-4.40701213,-4.8883895,0.205064813,-0.641905593,-0.714966905,0.673865245,0.982482592,-49.5181554,-9.61338819,-187.607602,1.06435879,-8.14430667,-25.3069489,True,True
NGC 6624,-485.3,268.572352,-35.1429943,8.3873506,-4.39747587,-4.75387476,0.210110556,-0.640895374,-0.695636109,0.674457802,0.968918429,-49.1525044,-10.1433906,-190.423483,1.10552061,-8.18754474,-25.1714511,True,True
NGC 6624,-485.4,268.43421,-35.0660836,8.39059167,-4.3875987,-4.61752743,0.215117937,-0.639830611,-0.67601703,0.675025138,0.955331337,-48.7678211,-10.6800963,-193.244985,1.14647025,-8.23108836,-25.037182,True,True
NGC 6624,-485.5,268.294608,-34.9877934,8.39381288,-4.37737734,-4.47934562,0.220084975,-0.638710605,-0.656109166,0.675565417,0.941736625,-48.3634677,-11.2237367,-196.070699,1.18717549,-8.27492579,-24.9039351,True,True
NGC 6624,-485.6,268.153555,-34.9081149,8.39701413,-4.36680836,-4.33932843,0.225009625,-0.637534636,-0.635912164,0.676076729,0.928150863,-47.9387918,-11.7745485,-198.898998,1.22759968,-8.31904248,-24.7714909,True,True
NGC 6624,-485.7,268.011067,-34.82704,8.40019532,-4.3558882,-4.19747612,0.229889776,-0.636301958,-0.615425856,0.676557086,0.914591972,-47.4931284,-12.3327725,-201.728007,1.26770118,-8.36342066,-24.639618,True,True
NGC 6624,-485.8,267.867157,-34.7445609,8.40335631,-4.34461313,-4.05379027,0.234723247,-0.6350118,-0.594650276,0.677004423,0.901079319,-47.0258026,-12.8986529,-204.555569,1.30743271,-8.40803888,-24.5080732,True,True
NGC 6624,-485.9,267.721842,-34.6606707,8.40649693,-4.33297927,-3.90827402,0.239507787,-0.633663366,-0.573585695,0.677416594,0.887633816,-46.5361334,-13.4724357,-207.379211,1.34674063,-8.4528715,-24.3766032,True,True
NGC 6624,-486,267.575141,-34.5753631,8.40961699,-4.32098261,-3.76093224,0.244241076,-0.632255837,-0.552232657,0.677791374,0.874278019,-46.0234381,-14.0543674,-210.196098,1.38556411,-8.497888,-24.2449456,True,True
NGC 6624,-486.1,267.427074,-34.488633,8.41271627,-4.30861896,-3.61177185,0.248920724,-0.630788366,-0.530592014,0.678126455,0.861036222,-45.4870373,-14.6446933,-213.002985,1.42383417,-8.54305238,-24.1128311,True,True
NGC 6624,-486.2,267.277664,-34.400476,8.41579451,-4.29588397,-3.46080207,0.253544274,-0.629260082,-0.508664975,0.678419449,0.847934553,-44.926262,-15.2436548,-215.796163,1.46147265,-8.58832226,-23.9799855,True,True
NGC 6624,-486.3,267.126937,-34.3108895,8.41885142,-4.28277317,-3.30803476,0.258109198,-0.627670089,-0.486453153,0.678667886,0.83500106,-44.3404608,-15.8514866,-218.571397,1.49839099,-8.63364805,-23.8461329,True,True
NGC 6624,-486.4,266.974923,-34.2198719,8.42188671,-4.26928191,-3.15348484,0.262612905,-0.62601747,-0.463958626,0.678869215,0.822265782,-43.7290095,-16.4684137,-221.323856,1.53448887,-8.67897182,-23.7109981,True,True
NGC 6624,-486.5,266.821655,-34.1274239,8.42490002,-4.25540541,-2.99717065,0.267052742,-0.624301282,-0.441183997,0.679020808,0.809760815,-43.0913219,-17.0946468,-224.048031,1.56965274,-8.72422622,-23.5743113,True,True
NGC 6624,-486.6,266.667169,-34.0335477,8.42789098,-4.24113873,-2.83911451,0.271425996,-0.622520565,-0.418132473,0.679119964,0.797520339,-42.4268623,-17.7303778,-226.737653,1.60375404,-8.76933307,-23.4358112,True,True
NGC 6624,-486.7,266.511507,-33.9382483,8.4308592,-4.22647682,-2.6793432,0.275729907,-0.620674338,-0.394807946,0.679163909,0.785580632,-41.7351604,-18.375774,-229.385587,1.63664739,-8.81420189,-23.2952501,True,True
NGC 6624,-486.8,266.354715,-33.8415333,8.43380424,-4.21141452,-2.51788865,0.279961666,-0.618761606,-0.371215083,0.679149806,0.773980036,-41.0158271,-19.0309716,-231.983728,1.66816847,-8.85872825,-23.1523982,True,True
NGC 6624,-486.9,266.196846,-33.7434135,8.43672566,-4.19594656,-2.3547886,0.284118432,-0.61678136,-0.347359439,0.679074759,0.76275888,-40.2685738,-19.6960677,-234.522881,1.69813177,-8.90279188,-23.0070478,True,True
NGC 6624,-487,266.037959,-33.6439031,8.43962299,-4.1800676,-2.19008737,0.28819734,-0.614732585,-0.323247567,0.678935827,0.751959339,-39.4932319,-20.3711119,-236.992634,1.72632824,-8.94625476,-22.8590171,True,True
NGC 6624,-487.1,265.87812,-33.5430208,8.44249573,-4.16377225,-2.02383679,0.292195515,-0.612614264,-0.298887154,0.678730031,0.741625233,-38.6897752,-21.0560963,-239.381229,1.75252285,-8.98895898,-22.7081528,True,True
NGC 6624,-487.2,265.717403,-33.44079,8.44534337,-4.14705511,-1.8560971,0.296110087,-0.610425383,-0.274287164,0.67845437,0.731801736,-37.8583429,-21.7509442,-241.675435,1.77645225,-9.03072472,-22.5543307,False,False
NGC 6624,-487.3,265.555892,-33.3372391,8.4481654,-4.12991081,-1.68693803,0.29993821,-0.608164942,-0.249457994,0.678105837,0.722534993,-36.9992636,-22.4554981,-243.860438,1.79782291,-9.07134829,-22.3974532,False,False
NGC 6624,-487.4,265.39368,-33.2324032,8.45096128,-4.11233404,-1.5164399,0.303677082,-0.605831959,-0.224411639,0.677681439,0.713871638,-36.1130785,-23.1695069,-245.919772,1.81630996,-9.11060074,-22.2374434,False,False
NGC 6624,-487.5,265.230872,-33.1263237,8.45373048,-4.09431965,-1.34469474,0.307323969,-0.603425484,-0.199161865,0.677178216,0.705858191,-35.2005637,-23.8926125,-247.835311,1.8315576,-9.14822727,-22.0742338,False,False
NGC 6624,-487.6,265.067584,-33.0190498,8.45647246,-4.07586266,-1.17180743,0.310876228,-0.600944612,-0.173724373,0.676593272,0.698540345,-34.262749,-24.6243369,-249.587387,1.84318195,-9.18394829,-21.9077495,False,False
NGC 6624,-487.7,264.903947,-32.9106388,8.45918665,-4.05695837,-0.997896607,0.314331336,-0.598388489,-0.148116939,0.675923792,0.691962138,-33.3009322,-25.3640705,-251.155081,1.85077749,-9.21746281,-21.7378865,False,False
NGC 6624,-487.8,264.740102,-32.8011566,8.46187248,-4.03760244,-0.823095396,0.317686917,-0.595756335,-0.122359524,0.675167082,0.686165025,-32.3166863,-26.1110631,-252.516762,1.85392876,-9.24845526,-21.5644852,False,False
NGC 6624,-487.9,264.576205,-32.6906783,8.46452938,-4.01779094,-0.647551584,0.320940768,-0.593047452,-0.0964743034,0.674320589,0.681186867,-31.3118581,-26.8644198,-253.650932,1.85222823,-9.27660667,-21.3873038,False,False
NGC 6624,-488,264.412424,-32.5792876,8.46715671,-3.99752049,-0.471427139,0.32409089,-0.59026124,-0.0704855926,0.673381939,0.677060895,-30.2885551,-27.6231031,-254.537412,1.84530094,-9.30161049,-21.2059974,False,False
NGC 6624,-488.1,264.24894,-32.4670767,8.46975383,-3.97678829,-0.294896797,0.327135513,-0.587397213,-0.0444196445,0.672348964,0.673814689,-29.2491204,-28.3859431,-255.158787,1.83283442,-9.32319252,-21.0201096,False,False
NGC 6624,-488.2,264.085938,-32.3541447,8.47232002,-3.95559224,-0.118145603,0.330073113,-0.584455012,-0.0183042838,0.671219726,0.67146926,-28.1960946,-29.1516584,-255.501962,1.8146103,-9.34113263,-20.829084,False,False
NGC 6624,-488.3,263.923612,-32.2405961,8.47485451,-3.93393096,0.0586345523,0.332902438,-0.581434411,0.00783160471,0.669992543,0.670038313,-27.1321651,-29.9188849,-255.559529,1.79053161,-9.35528444,-20.632299,False,False
NGC 6624,-488.4,263.762154,-32.1265384,8.47735649,-3.91180387,0.235249216,0.335622515,-0.578335327,0.0339587109,0.668666002,0.669527757,-26.0601069,-30.6862123,-255.330642,1.76063933,-9.36558867,-20.4291231,False,False
NGC 6624,-488.5,263.60175,-32.0120797,8.47982505,-3.88921118,0.41150597,0.338232654,-0.575157823,0.0600479826,0.667238975,0.669935527,-24.9827181,-31.4522247,-254.821152,1.72511338,-9.37207682,-20.2189798,False,False
NGC 6624,-488.6,263.442582,-31.8973261,8.48225926,-3.8661539,0.587218859,0.340732453,-0.571902104,0.0860712839,0.665710614,0.671251732,-23.9027563,-32.2155391,-254.042975,1.68425757,-9.37486428,-20.0014082,False,False
NGC 6624,-488.7,263.284816,-31.7823796,8.48465815,-3.8426338,0.762212155,0.343121785,-0.568568515,0.112001958,0.664080354,0.673459096,-22.8228789,-32.9748397,-253.012847,1.63847209,-9.37413502,-19.7761067,False,False
NGC 6624,-488.8,263.128604,-31.6673367,8.48702072,-3.81865339,0.93632311,0.345400789,-0.565157529,0.137815238,0.662347898,0.676533649,-21.7455949,-33.7289042,-251.750779,1.58822015,-9.37012169,-19.5429519,False,False
NGC 6624,-488.9,262.974083,-31.552287,8.48934598,-3.79421581,1.10940365,0.34756985,-0.561669739,0.163488509,0.660513207,0.680445582,-20.6732258,-34.4766214,-250.278517,1.5339952,-9.36308535,-19.3019944,False,False
NGC 6624,-489,262.821372,-31.4373128,8.49163296,-3.7693248,1.28132106,0.349629581,-0.558105847,0.189001406,0.65857648,0.685160209,-19.6078802,-35.2170008,-248.618226,1.47629331,-9.35329789,-19.0534361,False,False
NGC 6624,-489.1,262.670575,-31.3224889,8.49388071,-3.74398465,1.45195786,0.351580798,-0.554466648,0.214335813,0.656538134,0.690638952,-18.5514396,-35.9491747,-246.791505,1.41559282,-9.34102851,-18.7975977,False,False
NGC 6624,-489.2,262.521779,-31.2078829,8.49608833,-3.71820007,1.62121117,0.353424497,-0.550753021,0.239475764,0.654398782,0.696840302,-17.5055529,-36.6723965,-244.818738,1.35234108,-9.32653462,-18.5348832,False,False
NGC 6624,-489.3,262.375058,-31.0935557,8.49825496,-3.69197617,1.78899163,0.355161834,-0.546965914,0.264407297,0.652159213,0.703720725,-16.4716407,-37.3860344,-242.71872,1.28694729,-9.31005636,-18.2657465,False,False
NGC 6624,-489.4,262.230472,-30.9795617,8.50037981,-3.66531836,1.9552223,0.356794096,-0.543106335,0.289118286,0.649820374,0.711235476,-15.4509041,-38.0895638,-240.508498,1.21977968,-9.29181393,-17.990663,False,False
NGC 6624,-489.5,262.088071,-30.8659494,8.50246211,-3.63823235,2.11983733,0.358322683,-0.539175341,0.313598257,0.647383344,0.719339322,-14.4443385,-38.7825581,-238.203353,1.15116567,-9.27200687,-17.7101077,False,False
NGC 6624,-489.6,261.947894,-30.7527624,8.50450118,-3.61072402,2.28278079,0.359749087,-0.535174027,0.337838209,0.64484932,0.727987157,-13.4527498,-39.4646794,-235.816866,1.08139387,-9.25081454,-17.4245389,False,False
NGC 6624,-489.7,261.809972,-30.6400393,8.50649635,-3.58279943,2.4440055,0.361074874,-0.531103519,0.36183045,0.642219598,0.737134511,-12.4767727,-40.1356693,-233.361038,1.01071697,-9.22839725,-17.1343874,False,False
NGC 6624,-489.8,261.674326,-30.5278148,8.50844703,-3.55446476,2.60347199,0.362301665,-0.526964966,0.38556844,0.63949556,0.746737969,-11.5168881,-40.7953394,-230.846424,0.939355146,-9.20489782,-16.8400498,False,False
NGC 6624,-489.9,261.540972,-30.4161197,8.51035266,-3.52572628,2.76114753,0.363431127,-0.522759531,0.409046652,0.636678656,0.756755492,-10.5734416,-41.4435632,-228.282285,0.867499426,-9.18044321,-16.5418856,False,False
NGC 6624,-490,261.409922,-30.3049816,8.51221271,-3.49659028,2.91700525,0.364464951,-0.518488391,0.432260444,0.633770394,0.767146664,-9.64666048,-42.0802678,-225.676727,0.795315031,-9.15514614,-16.240216,False,False
NGC 6624,-490.1,261.281179,-30.194425,8.51402669,-3.46706311,3.07102344,0.36540485,-0.514152725,0.455205949,0.630772327,0.777872859,-8.7366698,-42.7054269,-223.036833,0.722944431,-9.12910666,-15.9353252,False,False
NGC 6624,-490.2,261.154745,-30.0844719,8.51579415,-3.4371511,3.22318486,0.366252545,-0.509753712,0.477879981,0.627686047,0.788897363,-7.84350702,-43.3190539,-220.368784,0.650510137,-9.10241356,-15.6274627,False,False
NGC 6624,-490.3,261.030616,-29.975142,8.51751466,-3.40686055,3.37347611,0.367009753,-0.505292532,0.500279942,0.624513171,0.800185429,-6.96713538,-43.9211963,-217.677973,0.578117211,-9.07514568,-15.3168453,False,False
NGC 6624,-490.4,260.908788,-29.8664528,8.5191878,-3.37619775,3.52188719,0.367678188,-0.500770353,0.522403748,0.621255339,0.811704301,-6.10745581,-44.51193,-214.969098,0.505855483,-9.04737306,-15.003661,False,False
NGC 6624,-490.5,260.789252,-29.7584202,8.5208132,-3.3451689,3.668411,0.368259551,-0.496188339,0.544249768,0.617914205,0.823423205,-5.26431748,-45.0913547,-212.246247,0.433801514,-9.01915799,-14.6880716,False,False
NGC 6624,-490.6,260.671996,-29.6510581,8.52239047,-3.31378017,3.81304295,0.368755522,-0.491547639,0.565816757,0.614491429,0.835313306,-4.43752706,-45.6595898,-209.512982,0.362020313,-8.99055591,-14.3702163,False,False
NGC 6624,-490.7,260.557009,-29.5443793,8.52391929,-3.28203762,3.95578067,0.369167763,-0.486849392,0.587103814,0.61098868,0.847347659,-3.62685675,-46.2167708,-206.772395,0.290566837,-8.96161618,-14.0502146,False,False
NGC 6624,-490.8,260.444275,-29.438395,8.5253993,-3.24994725,4.09662363,0.369497909,-0.48209472,0.608110329,0.607407626,0.859501132,-2.8320513,-46.763046,-204.027174,0.21948731,-8.93238284,-13.728169,False,False
NGC 6624,-490.9,260.333781,-29.3331155,8.52683018,-3.21751498,4.23557294,0.369747569,-0.477284731,0.62883595,0.603749931,0.871750327,-2.05283401,-47.2985738,-201.279651,0.148820359,-8.9028952,-13.4041675,False,False
NGC 6624,-491,260.225508,-29.2285499,8.52821162,-3.1847466,4.37263108,0.369918322,-0.472420516,0.649280549,0.600017257,0.884073492,-1.28891182,-47.8235202,-198.531845,0.0785980084,-8.87318837,-13.0782863,False,False
NGC 6624,-491.1,260.119441,-29.1247063,8.52954331,-3.15164783,4.50780176,0.370011717,-0.467503147,0.669444187,0.596211257,0.896450435,-0.539979723,-48.3380569,-195.785503,0.00884655069,-8.84329374,-12.7505913,False,False
NGC 6624,-491.2,260.01556,-29.0215921,8.53082497,-3.11822429,4.64108967,0.370029271,-0.462533681,0.689327094,0.592333578,0.908862426,0.194275581,-48.8423595,-193.042133,-0.060412707,-8.81323943,-12.4211403,False,False
NGC 6624,-491.3,259.913847,-28.9192138,8.5320563,-3.0844815,4.77250039,0.369972469,-0.457513155,0.708929641,0.588385855,0.921292109,0.914172547,-49.336606,-190.303035,-0.129162786,-8.7830506,-12.0899844,False,False
NGC 6624,-491.4,259.814284,-28.8175775,8.53323703,-3.05042485,4.90204021,0.369842763,-0.452442588,0.728252323,0.584369716,0.933723412,1.6200322,-49.8209755,-187.569321,-0.197390467,-8.75274982,-11.7571694,False,False
NGC 6624,-491.5,259.71685,-28.7166883,8.53436689,-3.01605966,5.02971604,0.369641571,-0.447322982,0.747295742,0.580286775,0.946141463,2.31217595,-50.2956472,-184.841947,-0.265085794,-8.72235732,-11.4227367,False,False
NGC 6624,-491.6,259.621527,-28.6165511,8.5354456,-2.98139115,5.15553532,0.369370281,-0.442155318,0.766060589,0.576138638,0.958532501,2.99092384,-50.7607994,-182.121723,-0.332241647,-8.69189127,-11.0867249,False,False
NGC 6624,-491.7,259.528295,-28.5171701,8.53647292,-2.94642441,5.2795059,0.369030246,-0.436940563,0.78454763,0.571926899,0.970883804,3.65659303,-51.2166091,-179.409337,-0.39885336,-8.66136794,-10.74917,False,False
NGC 6624,-491.8,259.437134,-28.418549,8.53744858,-2.91116446,5.40163596,0.368622788,-0.431679661,0.802757698,0.567653142,0.98318361,4.30949665,-51.6632509,-176.705366,-0.464918399,-8.63080198,-10.4101064,False,False
NGC 6624,-491.9,259.348024,-28.3206914,8.53837234,-2.87561621,5.52193398,0.368149196,-0.426373542,0.820691679,0.56331894,0.995421047,4.94994282,-52.1008967,-174.010293,-0.530436075,-8.6002065,-10.0695675,False,False
NGC 6624,-492,259.260947,-28.2236003,8.53924396,-2.83978448,5.64040863,0.367610729,-0.421023118,0.838350504,0.558925857,1.00758607,5.57823389,-52.5297155,-171.324513,-0.595407292,-8.56959331,-9.72758622,False,False
NGC 6624,-492.1,259.175882,-28.1272783,8.5400632,-2.80367398,5.75706877,0.367008615,-0.415629282,0.85573514,0.554475449,1.01966938,6.19466584,-52.9498728,-168.64835,-0.659834336,-8.53897298,-9.38419525,False,False
NGC 6624,-492.2,259.092811,-28.0317279,8.54082983,-2.76728935,5.87192334,0.366344051,-0.410192912,0.872846584,0.549969262,1.03166242,6.79952785,-53.3615305,-165.982059,-0.72372068,-8.50835499,-9.0394275,False,False
NGC 6624,-492.3,259.011713,-27.9369513,8.54154362,-2.73063514,5.98498138,0.365618208,-0.404714869,0.889685857,0.545408836,1.04355724,7.39310196,-53.7648467,-163.32584,-0.78707082,-8.47774783,-8.69331635,False,False
NGC 6624,-492.4,258.932571,-27.8429504,8.54220436,-2.69371579,6.09625197,0.364832224,-0.399195998,0.906253997,0.540795707,1.05534653,7.97566282,-54.1599754,-160.67984,-0.849890128,-8.44715913,-8.34589584,False,False
NGC 6624,-492.5,258.855366,-27.7497269,8.54281183,-2.65653569,6.20574417,0.363987213,-0.39363713,0.922552054,0.536131403,1.06702351,8.54747758,-54.5470667,-158.044162,-0.912184728,-8.41659566,-7.9972009,False,False
NGC 6624,-492.6,258.78008,-27.6572823,8.54336581,-2.61909912,6.31346705,0.363084259,-0.388039078,0.938581088,0.531417449,1.07858192,9.10880576,-54.9262665,-155.41887,-0.973961386,-8.3860635,-7.64726743,False,False
NGC 6624,-492.7,258.706693,-27.5656178,8.54386611,-2.58141029,6.41942961,0.362124424,-0.382402642,0.954342163,0.52665537,1.09001598,9.65989926,-55.2977163,-152.803993,-1.03522741,-8.35556805,-7.29613239,False,False
NGC 6624,-492.8,258.63519,-27.4747349,8.54431252,-2.54347336,6.52364079,0.361108741,-0.376728608,0.969836344,0.521846689,1.10132034,10.2010024,-55.6615537,-150.199529,-1.09599055,-8.32511409,-6.94383396,False,False
NGC 6624,-492.9,258.565551,-27.3846343,8.54470486,-2.50529237,6.62610947,0.360038219,-0.371017747,0.985064694,0.516992928,1.11249006,10.7323519,-56.017912,-147.605449,-1.15625898,-8.29470588,-6.59041149,False,False
NGC 6624,-493,258.497761,-27.2953172,8.54504293,-2.46687133,6.72684439,0.358913844,-0.365270818,1.00002827,0.512095614,1.12352057,11.254177,-56.3669203,-145.021701,-1.21604114,-8.26434713,-6.23590561,False,False
NGC 6624,-493.1,258.431802,-27.2067841,8.54532655,-2.42821415,6.8258542,0.357736579,-0.359488566,1.01472814,0.507156277,1.13440763,11.7666998,-56.7087037,-142.448212,-1.27534577,-8.23404113,-5.8803582,False,False
NGC 6624,-493.2,258.367658,-27.119036,8.54555556,-2.3893247,6.9231474,0.356507364,-0.353671724,1.02916532,0.502176452,1.14514735,12.2701351,-57.0433832,-139.884891,-1.33418181,-8.20379073,-5.52381244,False,False
NGC 6624,-493.3,258.305313,-27.0320734,8.54572977,-2.35020678,7.01873239,0.355227119,-0.347821012,1.04334087,0.497157684,1.1557361,12.7646904,-57.3710757,-137.33163,-1.39255835,-8.1735984,-5.16631278,False,False
NGC 6624,-493.4,258.244751,-26.9458968,8.54584903,-2.31086411,7.11261738,0.353896739,-0.341937139,1.05725581,0.492101523,1.16617055,13.2505667,-57.6918944,-134.788307,-1.45048464,-8.14346624,-4.80790495,False,False
NGC 6624,-493.5,258.185956,-26.8605066,8.54591318,-2.27130039,7.20481045,0.352517105,-0.336020802,1.07091114,0.487009537,1.1764476,13.7279581,-58.0059483,-132.254791,-1.50797,-8.11339604,-4.44863592,False,False
NGC 6624,-493.6,258.128913,-26.7759034,8.54592207,-2.23151922,7.2953195,0.351089072,-0.330072688,1.08430786,0.481883302,1.18656439,14.1970522,-58.313343,-129.730937,-1.56502383,-8.08338929,-4.08855392,False,False
NGC 6624,-493.7,258.073609,-26.6920875,8.54587555,-2.19152418,7.38415228,0.349613482,-0.324093473,1.09744694,0.476724413,1.19651827,14.6580302,-58.61418,-127.216592,-1.62165557,-8.05344719,-3.72770838,False,False
NGC 6624,-493.8,258.020028,-26.6090592,8.54577349,-2.15131879,7.47131635,0.348091154,-0.318083822,1.11032937,0.471534483,1.20630679,15.1110672,-58.9085575,-124.711594,-1.67787468,-8.0235707,-3.36614993,False,False
NGC 6624,-493.9,257.968155,-26.5268188,8.54561575,-2.1109065,7.55681911,0.346522892,-0.31204439,1.12295607,0.466315147,1.21592769,15.5563323,-59.1965699,-122.215777,-1.73369061,-7.99376054,-3.00393035,False,False
NGC 6624,-494,257.917979,-26.4453665,8.54540222,-2.07029075,7.64066774,0.344909483,-0.305975825,1.13532798,0.461068061,1.22537888,15.9939886,-59.4783084,-119.728965,-1.7891128,-7.96401719,-2.64110258,False,False
NGC 6624,-494.1,257.869485,-26.3647026,8.54513276,-2.0294749,7.72286928,0.343251697,-0.299878763,1.14744602,0.45579491,1.23465841,16.4241939,-59.7538607,-117.250982,-1.84415066,-7.93434097,-2.27772068,False,False
NGC 6624,-494.2,257.82266,-26.2848273,8.54480728,-1.9884623,7.80343056,0.341550287,-0.293753833,1.15931108,0.450497406,1.24376448,16.8471003,-60.0233111,-114.781642,-1.89881356,-7.90473197,-1.91383976,False,False
NGC 6624,-494.3,257.777491,-26.2057408,8.54442566,-1.94725622,7.88235821,0.339805994,-0.287601654,1.17092403,0.445177296,1.25269546,17.2628547,-60.2867408,-112.320761,-1.95311081,-7.87519013,-1.54951603,False,False
NGC 6624,-494.4,257.733967,-26.1274434,8.54398782,-1.90585993,7.95965869,0.33801954,-0.281422839,1.18228572,0.43983636,1.26144978,17.6715988,-60.5442277,-109.868148,-2.00705165,-7.84571522,-1.18480673,False,False
NGC 6624,-494.5,257.692075,-26.0499351,8.54349366,-1.86427665,8.03533826,0.336191636,-0.275217991,1.193397,0.434476419,1.27002605,18.0734696,-60.795847,-107.423611,-2.06064527,-7.81630686,-0.819770103,False,False
NGC 6624,-494.6,257.651803,-25.9732163,8.54294309,-1.82250955,8.10940297,0.334322979,-0.268987706,1.20425868,0.429099336,1.27842294,18.468599,-61.0416705,-104.986957,-2.11390076,-7.78696453,-0.454465399,False,False
NGC 6624,-494.7,257.61314,-25.8972871,8.54233605,-1.78056178,8.18185869,0.33241425,-0.262732574,1.21487155,0.42370702,1.28663924,18.8571144,-61.2817673,-102.557991,-2.16682715,-7.75768758,-0.0889528441,False,False
NGC 6624,-494.8,257.576075,-25.8221478,8.54167247,-1.73843646,8.2527111,0.33046612,-0.256453177,1.2252364,0.418301432,1.29467383,19.2391388,-61.5162035,-100.136515,-2.21943335,-7.72847522,0.276706383,False,False
NGC 6624,-494.9,257.540598,-25.7477986,8.54095228,-1.69613668,8.32196568,0.328479247,-0.250150091,1.23535397,0.412884589,1.30252566,19.6147908,-61.7450426,-97.7223317,-2.27172821,-7.69932656,0.64245016,False,False
NGC 6624,-495,257.506697,-25.6742397,8.54017543,-1.6536655,8.38962769,0.326454276,-0.243823885,1.245225,0.407458564,1.3101938,19.9841847,-61.9683453,-95.3152438,-2.32372047,-7.6702406,1.00821544,False,False
NGC 6624,-495.1,257.474364,-25.6014714,8.53934187,-1.61102595,8.45570223,0.324391842,-0.237475122,1.25485021,0.402025498,1.31767734,20.3474309,-62.1861695,-92.9150526,-2.37541876,-7.64121623,1.37393825,False,False
NGC 6624,-495.2,257.443587,-25.5294941,8.53845158,-1.56822104,8.52019419,0.322292569,-0.231104359,1.2642303,0.3965876,1.32497546,20.7046359,-62.3985708,-90.5215598,-2.42683166,-7.61225225,1.73955373,False,False
NGC 6624,-495.3,257.414357,-25.458308,8.53750451,-1.52525376,8.58310825,0.320157068,-0.224712149,1.27336594,0.391147157,1.33208742,21.0559021,-62.605602,-88.1345669,-2.47796758,-7.58334736,2.10499611,False,False
NGC 6624,-495.4,257.386666,-25.3879135,8.53650065,-1.48212707,8.64444893,0.317985943,-0.218299038,1.28225777,0.385706533,1.33901252,21.4013287,-62.8073135,-85.7538758,-2.52883489,-7.55450018,2.47019874,False,False
NGC 6624,-495.5,257.360504,-25.318311,8.53543998,-1.43884392,8.70422051,0.315779784,-0.211865568,1.29090645,0.380268183,1.34575011,21.7410108,-63.0037533,-83.3792888,-2.57944183,-7.52570925,2.83509406,False,False
NGC 6624,-495.6,257.335863,-25.249501,8.5343225,-1.39540724,8.76242711,0.313539176,-0.205412276,1.29931258,0.374834654,1.35229959,22.0750404,-63.194967,-81.0106087,-2.62979654,-7.49697303,3.19961366,False,False
NGC 6624,-495.7,257.312734,-25.1814837,8.5331482,-1.35181994,8.81907265,0.311264691,-0.198939693,1.30747675,0.369408594,1.35866043,22.403506,-63.3809978,-78.6476389,-2.67990706,-7.4682899,3.56368822,False,False
NGC 6624,-495.8,257.291109,-25.1142599,8.5319171,-1.30808492,8.87416084,0.308956895,-0.192448347,1.31539955,0.36399276,1.36483211,22.7264931,-63.5618866,-76.2901835,-2.72978134,-7.43965816,3.92724756,False,False
NGC 6624,-495.9,257.270981,-25.0478299,8.53062922,-1.26420505,8.92769523,0.306616343,-0.185938764,1.32308151,0.358590025,1.37081417,23.0440837,-63.7376722,-73.9380473,-2.7794272,-7.41107608,4.2902206,False,False
NGC 6624,-496,257.252342,-24.9821945,8.52928458,-1.22018321,8.97967915,0.304243583,-0.179411462,1.33052319,0.353203384,1.37660618,23.3563569,-63.9083911,-71.5910361,-2.8288524,-7.38254183,4.65253537,False,False
NGC 6624,-496.1,257.235185,-24.9173542,8.52788321,-1.17602226,9.03011574,0.301839156,-0.172866957,1.33772509,0.347835968,1.38220775,23.6633889,-64.0740775,-69.2489563,-2.87806458,-7.35405353,5.01411901,False,False
NGC 6624,-496.2,257.219502,-24.8533096,8.52642517,-1.13172505,9.07900798,0.299403593,-0.166305764,1.3446877,0.342491049,1.38761851,23.9652531,-64.2347637,-66.9116155,-2.92707127,-7.32560923,5.37489774,False,False
NGC 6624,-496.3,257.205288,-24.7900616,8.52491049,-1.08729442,9.12635862,0.296937418,-0.159728392,1.35141151,0.337172048,1.39283813,24.2620197,-64.3904797,-64.5788221,-2.97587992,-7.29720694,5.73479688,False,False
NGC 6624,-496.4,257.192535,-24.7276108,8.52333925,-1.04273321,9.17217025,0.294441151,-0.153135347,1.35789696,0.331882549,1.39786629,24.5537567,-64.5412535,-62.2503854,-3.02449789,-7.26884461,6.09374083,False,False
NGC 6624,-496.5,257.181238,-24.6659582,8.52171152,-0.998044242,9.21644527,0.291915303,-0.146527135,1.36414449,0.326626308,1.40270273,24.8405291,-64.6871111,-59.9261158,-3.07293244,-7.24052013,6.45165302,False,False
NGC 6624,-496.6,257.17139,-24.6051046,8.52002736,-0.953230353,9.25918589,0.289360376,-0.139904255,1.37015453,0.321407262,1.40734717,25.1223994,-64.8280762,-57.6058246,-3.12119073,-7.21223134,6.80845596,False,False
NGC 6624,-496.7,257.162987,-24.5450509,8.51828687,-0.908294363,9.30039411,0.286776871,-0.133267208,1.37592746,0.316229541,1.41179938,25.3994278,-64.964171,-55.2893241,-3.16927983,-7.18397603,7.16407117,False,False
NGC 6624,-496.8,257.156021,-24.4857981,8.51649014,-0.863239095,9.34007179,0.284165279,-0.126616491,1.38146366,0.311097479,1.41605914,25.6716717,-65.0954153,-52.9764276,-3.21720673,-7.15575193,7.5184192,False,False
NGC 6624,-496.9,257.150489,-24.4273473,8.51463728,-0.818067373,9.37822057,0.281526086,-0.119952598,1.3867635,0.306015625,1.42012625,25.9391864,-65.2218271,-50.6669492,-3.26497833,-7.12755675,7.87141958,False,False
NGC 6624,-497,257.146386,-24.3696996,8.5127284,-0.772782021,9.41484193,0.278859774,-0.113276024,1.39182731,0.300988756,1.42400053,26.2020249,-65.3434224,-48.3607041,-3.31260144,-7.09938812,8.22299082,False,False
NGC 6624,-497.1,257.143706,-24.3128562,8.51076363,-0.727385868,9.44993713,0.276166818,-0.106587259,1.39665542,0.296021883,1.4276818,26.4602377,-65.4602154,-46.0575083,-3.36008278,-7.07124364,8.57305039,False,False
NGC 6624,-497.2,257.142445,-24.2568183,8.5087431,-0.681881744,9.4835073,0.273447688,-0.0998867953,1.40124813,0.291120268,1.43116991,26.7138733,-65.5722182,-43.7571788,-3.40742901,-7.04312087,8.92151467,False,False
NGC 6624,-497.3,257.1426,-24.2015872,8.50666695,-0.636272486,9.51555335,0.270702852,-0.0931751212,1.40560571,0.286289429,1.43446473,26.9629779,-65.6794412,-41.4595333,-3.45464668,-7.01501732,9.26829895,False,False
NGC 6624,-497.4,257.144165,-24.1471643,8.50453533,-0.590560939,9.54607601,0.267932768,-0.0864527253,1.40972845,0.281535152,1.43756611,27.2075956,-65.7818928,-39.1643907,-3.50174227,-6.98693045,9.61331742,False,False
NGC 6624,-497.5,257.147137,-24.0935511,8.50234842,-0.544749953,9.57507585,0.265137895,-0.0797200952,1.41361657,0.276863499,1.44047395,27.4477686,-65.8795794,-36.8715703,-3.5487222,-6.95885768,9.95648308,False,False
NGC 6624,-497.6,257.151514,-24.0407489,8.50010637,-0.49884239,9.60255325,0.262318685,-0.0729777181,1.41727032,0.272280811,1.44318814,27.6835368,-65.9725058,-34.5808924,-3.59559279,-6.93079638,10.2977078,False,False
NGC 6624,-497.7,257.15729,-23.9887595,8.49780937,-0.452841121,9.6285084,0.259475586,-0.0662260806,1.4206899,0.267793715,1.44570857,27.9149383,-66.0606747,-32.2921779,-3.64236029,-6.90274389,10.6369022,False,False
NGC 6624,-497.8,257.164464,-23.9375844,8.49545762,-0.406749028,9.65294133,0.256609043,-0.0594656692,1.4238755,0.263409124,1.44803515,28.1420093,-66.1440871,-30.0052485,-3.68903088,-6.87469751,10.9739756,False,False
NGC 6624,-497.9,257.173033,-23.8872254,8.49305132,-0.360569009,9.67585187,0.253719497,-0.0526969704,1.4268273,0.259134239,1.45016782,28.3647838,-66.2227418,-27.7199266,-3.73561067,-6.84665448,11.3088363,False,False
NGC 6624,-498,257.182993,-23.8376842,8.49059067,-0.314303974,9.6972397,0.250807387,-0.0459204708,1.42954545,0.254976538,1.45210648,28.5832942,-66.2966362,-25.4360352,-3.78210569,-6.81861201,11.641391,False,False
NGC 6624,-498.1,257.194342,-23.7889628,8.48807591,-0.26795685,9.71710429,0.247873145,-0.0391366575,1.43203009,0.250943767,1.45385108,28.7975709,-66.3657654,-23.1533978,-3.82852192,-6.79056725,11.9715452,False,False
NGC 6624,-498.2,257.207079,-23.7410631,8.48550727,-0.221530581,9.73544496,0.244917205,-0.0323460183,1.43428134,0.247043928,1.45540155,29.0076426,-66.4301228,-20.8718385,-3.87486526,-6.76251734,12.2992029,False,False
NGC 6624,-498.3,257.221201,-23.6939871,8.48288499,-0.175028129,9.75226084,0.241939994,-0.0255490415,1.4362993,0.243285253,1.45675783,29.2135359,-66.4896999,-18.5911819,-3.92114153,-6.73445935,12.6242669,False,False
NGC 6624,-498.4,257.236706,-23.6477369,8.48020933,-0.128452477,9.76755088,0.238941939,-0.0187462166,1.43808405,0.239676179,1.45791989,29.415276,-66.5444862,-16.3112531,-3.96735652,-6.70639031,12.9466383,False,False
NGC 6624,-498.5,257.253593,-23.6023147,8.47748055,-0.0818066289,9.78131386,0.235923463,-0.0119380341,1.43963566,0.23622531,1.45888767,29.6128861,-66.5944695,-14.0318775,-4.01351591,-6.67830722,13.266217,False,False
NGC 6624,-498.6,257.27186,-23.5577228,8.47469895,-0.0350936101,9.79354839,0.232884987,-0.00512498598,1.44095418,0.232941372,1.45966113,29.8063877,-66.6396354,-11.7528811,-4.05962535,-6.65020703,13.5829009,False,False
NGC 6624,-498.7,257.291506,-23.5139635,8.4718648,0.0116835287,9.80425289,0.229826931,0.00169243428,1.44203963,0.229833162,1.46024025,29.9958007,-66.6799676,-9.47408994,-4.10569043,-6.62208663,13.8965867,False,False
NGC 6624,-498.8,257.312531,-23.4710393,8.46897841,0.0585217118,9.81342561,0.226749712,0.00851373142,1.44289203,0.226909487,1.46062498,30.1811432,-66.715448,-7.19533058,-4.15171665,-6.5939429,14.2071694,False,False
NGC 6624,-498.9,257.334933,-23.4289526,8.46604009,0.105417836,9.82106464,0.223653745,0.0153384082,1.44351138,0.22417909,1.46081531,30.3624316,-66.7460564,-4.9164297,-4.19770949,-6.56577264,14.5145422,False,False
NGC 6624,-499,257.358712,-23.3877062,8.46305017,0.152368771,9.82716787,0.220539444,0.0221659654,1.44389764,0.221650573,1.4608112,30.5396807,-66.7717705,-2.63721423,-4.24367434,-6.53757264,14.8185967,False,False
NGC 6624,-499.1,257.383867,-23.3473026,8.46000899,0.199371356,9.83173302,0.217407221,0.028995901,1.44405078,0.21933231,1.46061265,30.7129035,-66.7925661,-0.357511221,-4.28961655,-6.5093396,15.1192225,False,False
NGC 6624,-499.2,257.410399,-23.3077447,8.4569169,0.246422397,9.83475766,0.214257489,0.0358277108,1.44397074,0.217232356,1.46021964,30.8821115,-66.8084168,1.92285212,-4.33554139,-6.48107022,15.4163077,False,False
NGC 6624,-499.3,257.438307,-23.2690353,8.45377426,0.293518669,9.83623915,0.211090656,0.0426608876,1.44365745,0.215358344,1.45963216,31.0473145,-66.8192943,4.20404855,-4.3814541,-6.45276112,15.7097381,False,False
NGC 6624,-499.4,257.467592,-23.2311775,8.45058145,0.340656913,9.83617471,0.207907132,0.0494949213,1.4431108,0.21371739,1.4588502,31.2085206,-66.8251679,6.48625077,-4.42735986,-6.42440889,15.999398,False,False
NGC 6624,-499.5,257.498253,-23.1941742,8.44733886,0.387833832,9.83456134,0.204707325,0.0563292984,1.44233069,0.212315988,1.45787376,31.3657364,-66.826005,8.76963151,-4.47326378,-6.39601006,16.2851694,False,False
NGC 6624,-499.6,257.530293,-23.1580287,8.44404689,0.435046093,9.83139592,0.201491644,0.0631635021,1.44131699,0.211159917,1.45670285,31.5189667,-66.8217706,11.0543635,-4.51917092,-6.36756111,16.5669323,False,False
NGC 6624,-499.7,257.56371,-23.1227442,8.44070596,0.482290321,9.8266751,0.198260495,0.0699970118,1.44006956,0.210254145,1.45533746,31.6682147,-66.8124276,13.3406197,-4.5650863,-6.3390585,16.8445646,False,False
NGC 6624,-499.8,257.598507,-23.0883241,8.4373165,0.529563104,9.82039541,0.195014286,0.076829303,1.43858821,0.209602751,1.45377762,31.813482,-66.7979364,15.6285731,-4.61101486,-6.31049859,17.1179421,False,False
NGC 6624,-499.9,257.634684,-23.0547718,8.43387896,0.576860983,9.81255316,0.191753423,0.0836598472,1.43687279,0.209208856,1.45202333,31.9547687,-66.7782553,17.9183967,-4.65696152,-6.28187772,17.3869382,False,False
NGC 6624,-500,257.672243,-23.0220909,8.43039378,0.624180456,9.80314451,0.188478315,0.0904881113,1.43492307,0.209074565,1.45007462,32.092073,-66.7533402,20.210264,-4.70293111,-6.25319218,17.651424,False,False
NGC 6624,-500.1,257.711186,-22.990285,8.42686145,0.671517976,9.79216543,0.185189368,0.0973135577,1.43273885,0.209200934,1.44793151,32.2253916,-66.7231444,22.5043487,-4.74892843,-6.22443819,17.9112683,False,False
NGC 6624,-500.2,257.751514,-22.9593579,8.42328246,0.718869945,9.77961173,0.181886991,0.104135644,1.4303199,0.209587952,1.44559404,32.3547195,-66.6876188,24.8008244,-4.79495823,-6.19561193,18.1663375,False,False
NGC 6624,-500.3,257.793228,-22.9293135,8.4196573,0.766232717,9.76547904,0.178571591,0.110953822,1.42766595,0.210234545,1.44306224,32.48005,-66.6467118,27.0998656,-4.84102518,-6.1667095,18.4164954,False,False
NGC 6624,-500.4,257.836332,-22.9001557,8.41598651,0.813602593,9.74976282,0.175243579,0.117767539,1.42477673,0.211138592,1.44033615,32.6013747,-66.6003692,29.4016466,-4.88713392,-6.13772697,18.6616031,False,False
NGC 6624,-500.5,257.880828,-22.8718887,8.4122706,0.860975819,9.73245833,0.171903364,0.124576236,1.42165196,0.212296974,1.43741584,32.7186837,-66.5485342,31.7063424,-4.93328902,-6.10866034,18.9015191,False,False
NGC 6624,-500.6,257.926717,-22.8445166,8.40851014,0.908348587,9.71356068,0.168551357,0.131379349,1.41829133,0.213705623,1.43430136,32.8319651,-66.4911469,34.0141282,-4.97949501,-6.07950555,19.1360992,False,False
NGC 6624,-500.7,257.974002,-22.8180438,8.40470569,0.955717026,9.6930648,0.165187972,0.138176306,1.41469452,0.215359601,1.43099278,32.9412054,-66.4281451,36.3251796,-5.02575635,-6.05025849,19.3651963,False,False
NGC 6624,-500.8,258.022688,-22.7924746,8.40085783,1.00307721,9.67096544,0.161813621,0.14496653,1.41086117,0.217253177,1.42749017,33.0463894,-66.3594633,38.639673,-5.07207744,-6.02091497,19.5886604,False,False
NGC 6624,-500.9,258.072775,-22.7678137,8.39696716,1.05042515,9.64725717,0.158428722,0.151749436,1.40679094,0.219379924,1.42379363,33.1475001,-66.2850333,40.9577847,-5.11846263,-5.99147075,19.8063384,False,False
NGC 6624,-501,258.124268,-22.7440656,8.39303431,1.09775678,9.6219344,0.155033691,0.158524433,1.40248344,0.221732815,1.41990325,33.2445186,-66.2047838,43.2796918,-5.16491622,-5.96192152,20.0180742,False,False
NGC 6624,-501.1,258.17717,-22.7212352,8.38905991,1.14506798,9.59499136,0.151628947,0.165290923,1.39793827,0.224304317,1.41581914,33.3374243,-66.1186402,45.6055719,-5.21144243,-5.93226292,20.2237085,False,False
NGC 6624,-501.2,258.231484,-22.6993273,8.38504461,1.19235456,9.56642208,0.148214914,0.172048297,1.39315502,0.227086497,1.41154143,33.4261947,-66.0265251,47.9356029,-5.25804543,-5.9024905,20.4230786,False,False
NGC 6624,-501.3,258.287214,-22.678347,8.38098909,1.23961225,9.53622045,0.144792014,0.178795942,1.38813326,0.230071111,1.40707024,33.5108055,-65.9283572,50.2699633,-5.30472931,-5.87259976,20.6160186,False,False
NGC 6624,-501.4,258.344365,-22.6582994,8.37689403,1.28683672,9.50438017,0.141360675,0.185533235,1.38287253,0.233249698,1.40240574,33.5912302,-65.8240523,52.608832,-5.35149811,-5.84258612,20.8023589,False,False
NGC 6624,-501.5,258.402939,-22.6391898,8.37276016,1.33402353,9.47089475,0.137921326,0.192259542,1.37737236,0.236613659,1.39754808,33.6674409,-65.7135224,54.9523886,-5.39835579,-5.81244493,20.9819265,False,False
NGC 6624,-501.6,258.462942,-22.6210236,8.36858819,1.3811682,9.43575754,0.134474399,0.198974223,1.37163227,0.240154337,1.39249746,33.7394071,-65.5966759,57.3008129,-5.44530626,-5.78217148,21.1545445,False,False
NGC 6624,-501.7,258.524377,-22.6038063,8.36437888,1.42826613,9.39896173,0.131020331,0.205676627,1.36565174,0.243863081,1.38725408,33.8070967,-65.4734176,59.6542852,-5.49235333,-5.75176096,21.3200324,False,False
NGC 6624,-501.8,258.58725,-22.5875436,8.360133,1.47531266,9.36050029,0.127559561,0.212366093,1.35943026,0.247731304,1.38181816,33.8704755,-65.3436482,62.0129864,-5.53950074,-5.72120853,21.4782057,False,False
NGC 6624,-501.9,258.651564,-22.5722412,8.35585135,1.52230303,9.32036607,0.12409253,0.219041951,1.35296727,0.251750536,1.37618995,33.9295069,-65.2072645,64.3770976,-5.58675216,-5.69050922,21.6288758,False,False
NGC 6624,-502,258.717326,-22.5579052,8.35153473,1.56923239,9.2785517,0.120619687,0.225703517,1.34626222,0.255912458,1.37036971,33.9841525,-65.0641593,66.7468002,-5.63411116,-5.65965803,21.77185,False,False
NGC 6624,-502.1,258.784539,-22.5445415,8.34718399,1.61609579,9.23504966,0.11714148,0.232350099,1.33931452,0.260208945,1.36435776,34.0343715,-64.9142209,69.1222761,-5.68158123,-5.62864984,21.9069312,False,False
NGC 6624,-502.2,258.85321,-22.5321564,8.34279998,1.66288818,9.18985226,0.113658366,0.238980993,1.33212358,0.264632082,1.3581544,34.0801209,-64.7573333,71.5037072,-5.72916577,-5.59747949,22.0339181,False,False
NGC 6624,-502.3,258.923343,-22.5207563,8.33838358,1.70960442,9.14295161,0.110170803,0.245595481,1.32468877,0.269174193,1.35176,34.1213554,-64.5933759,73.8912757,-5.77686808,-5.56614171,22.1526047,False,False
NGC 6624,-502.4,258.994944,-22.5103477,8.3339357,1.75623925,9.09433969,0.106679256,0.252192834,1.31700946,0.273827846,1.34517494,34.1580273,-64.4222235,76.285164,-5.82469136,-5.53463115,22.2627805,False,False
NGC 6624,-502.5,259.068019,-22.5009371,8.32945726,1.80278731,9.04400826,0.103184194,0.258772309,1.309085,0.278585868,1.33839965,34.1900866,-64.2437458,78.6855541,-5.87263869,-5.50294238,22.3642299,False,False
NGC 6624,-502.6,259.142574,-22.4925314,8.32494922,1.84924311,8.99194896,0.0996860909,0.265333151,1.3009147,0.283441348,1.33143458,34.2174808,-64.0578074,81.0926282,-5.92071305,-5.4710699,22.4567326,False,False
NGC 6624,-502.7,259.218615,-22.4851375,8.32041256,1.89560106,8.93815323,0.0961854272,0.271874589,1.29249788,0.288387636,1.32428025,34.2401546,-63.8642679,83.5065681,-5.96891729,-5.4390081,22.5400631,False,False
NGC 6624,-502.8,259.296147,-22.4787626,8.31584829,1.94185545,8.88261235,0.0926826885,0.278395839,1.28383382,0.293418343,1.3169372,34.2580505,-63.6629813,85.9275553,-6.01725414,-5.4067513,22.6139908,False,False
NGC 6624,-502.9,259.375178,-22.4734138,8.31125743,1.98800042,8.82531744,0.0891783665,0.284896101,1.2749218,0.298527335,1.30940603,34.271108,-63.4537959,88.3557704,-6.06572617,-5.37429373,22.6782795,False,False
NGC 6624,-503,259.455713,-22.4690986,8.30664104,2.03403,8.76625945,0.0856729594,0.291374559,1.26576106,0.303708724,1.30168739,34.2792639,-63.2365542,90.7913935,-6.11433584,-5.34162952,22.7326874,False,False
NGC 6624,-503.1,259.53776,-22.4658246,8.30200021,2.07993807,8.70542916,0.0821669717,0.29783038,1.25635085,0.308956868,1.29378197,34.2824522,-63.0110926,93.2346037,-6.16308542,-5.30875272,22.7769673,False,False
NGC 6624,-503.2,259.621325,-22.4635994,8.29733605,2.1257184,8.64281721,0.0786609152,0.304262715,1.24669036,0.314266351,1.28569056,34.2806041,-62.7772412,95.6855786,-6.21197704,-5.27565729,22.8108659,False,False
NGC 6624,-503.3,259.706415,-22.462431,8.29264971,2.17136457,8.57841407,0.0751553085,0.310670698,1.23677882,0.31963198,1.27741397,34.2736475,-62.5348235,98.1444947,-6.26101263,-5.24233711,22.8341238,False,False
NGC 6624,-503.4,259.793037,-22.4623275,8.28794236,2.21687005,8.51221005,0.0716506776,0.317053442,1.22661538,0.325048773,1.26895311,34.2615076,-62.2836562,100.611526,-6.31019396,-5.20878596,22.8464754,False,False
NGC 6624,-503.5,259.881198,-22.463297,8.2832152,2.26222813,8.44419531,0.0681475563,0.323410044,1.21619921,0.330511945,1.26030895,34.244106,-62.023549,103.086846,-6.35952257,-5.17499753,22.8476489,False,False
NGC 6624,-503.6,259.970905,-22.465348,8.27846947,2.30743194,8.37435987,0.0646464871,0.329739578,1.20552945,0.336016901,1.25148257,34.2213613,-61.7543043,105.570624,-6.40899981,-5.14096544,22.8373656,False,False
NGC 6624,-503.7,260.062167,-22.4684891,8.27370642,2.35247446,8.30269361,0.0611480208,0.336041101,1.19460524,0.341559221,1.2424751,34.1931888,-61.4757167,108.063026,-6.45862677,-5.10668319,22.8153404,False,False
NGC 6624,-503.8,260.154989,-22.4727289,8.26892738,2.39734847,8.22918626,0.0576527171,0.342313645,1.18342568,0.347134653,1.2332878,34.1595,-61.1875733,110.564217,-6.50840432,-5.07214424,22.781281,False,False
NGC 6624,-503.9,260.249381,-22.4780764,8.26413366,2.4420466,8.15382742,0.0541611448,0.348556222,1.17198986,0.352739096,1.22392202,34.1202032,-60.8896525,113.074355,-6.55833303,-5.03734193,22.7348882,False,False
NGC 6624,-504,260.34535,-22.4845407,8.25932663,2.48656128,8.07660655,0.0506738822,0.354767822,1.16029687,0.358368594,1.21437921,34.0752028,-60.5817245,115.593596,-6.60841322,-5.00226955,22.6758551,False,False
NGC 6624,-504.1,260.442903,-22.4921311,8.2545077,2.53088474,7.99751301,0.0471915177,0.360947407,1.14834575,0.364019326,1.20466096,34.0243995,-60.2635505,118.122089,-6.65864486,-4.9669203,22.6038678,False,False
NGC 6624,-504.2,260.542049,-22.500857,8.24967831,2.57500902,7.91653602,0.0437146501,0.367093917,1.13613557,0.36968759,1.19476899,33.9676901,-59.9348827,120.659978,-6.70902763,-4.93128731,22.5186043,False,False
NGC 6624,-504.3,260.642796,-22.510728,8.24483993,2.61892596,7.8336647,0.0402438887,0.373206267,1.12366534,0.375369802,1.18470515,33.9049674,-59.5954636,123.2074,-6.75956082,-4.89536365,22.419735,False,False
NGC 6624,-504.4,260.745151,-22.521754,8.23999407,2.66262717,7.74888806,0.0367798543,0.379283343,1.1109341,0.381062477,1.17447145,33.83612,-59.2450259,125.764484,-6.81024334,-4.85914234,22.3069219,False,False
NGC 6624,-504.5,260.849123,-22.5339451,8.2351423,2.70610404,7.66219504,0.0333231791,0.385324003,1.09794083,0.386762229,1.16407006,33.7610323,-58.8832918,128.331351,-6.86107368,-4.82261631,22.1798192,False,False
NGC 6624,-504.6,260.954719,-22.5473113,8.2302862,2.74934775,7.57357447,0.0298745074,0.391327079,1.08468455,0.392465755,1.15350334,33.6795845,-58.5099731,130.908113,-6.91204989,-4.78577851,22.0380721,False,False
NGC 6624,-504.7,261.061949,-22.561863,8.22542741,2.79234921,7.48301513,0.026434496,0.39729137,1.07116423,0.398169833,1.14277383,33.5916521,-58.1247706,133.494868,-6.96316952,-4.7486218,21.8813178,False,False
NGC 6624,-504.8,261.170821,-22.5776108,8.22056761,2.83509912,7.39050572,0.0230038146,0.403215646,1.05737884,0.403871307,1.13188429,33.4971063,-57.7273735,136.091704,-7.01442958,-4.71113907,21.7091841,False,False
NGC 6624,-504.9,261.281342,-22.5945655,8.21570851,2.87758789,7.29603492,0.0195831464,0.409098641,1.04332736,0.409567086,1.12083771,33.3958133,-57.3174591,138.698695,-7.06582654,-4.67332317,21.5212903,False,False
NGC 6624,-505,261.393521,-22.612738,8.21085188,2.91980568,7.19959135,0.0161731885,0.41493906,1.02900873,0.415254134,1.10963731,33.2876347,-56.8946927,141.315898,-7.11735621,-4.63516698,21.3172465,False,False
NGC 6624,-505.1,261.507366,-22.6321393,8.20599953,2.96174238,7.10116363,0.0127746522,0.42073557,1.01442191,0.420929462,1.09828658,33.1724272,-56.4587266,143.943352,-7.16901374,-4.59666341,21.0966532,False,False
NGC 6624,-505.2,261.622885,-22.6527808,8.20115331,3.00338758,7.00074039,0.00938826416,0.426486803,0.999565852,0.426590123,1.08678932,33.0500424,-56.0092004,146.581078,-7.22079355,-4.55780542,20.8591021,False,False
NGC 6624,-505.3,261.740087,-22.6746739,8.19631512,3.0447306,6.89831027,0.00601476605,0.432191353,0.984439508,0.432233205,1.07514961,32.9203269,-55.54574,149.229074,-7.27268926,-4.51858606,20.604175,False,False
NGC 6624,-505.4,261.85898,-22.6978303,8.19148692,3.08576042,6.79386195,0.00265491569,0.437847776,0.969041825,0.437855825,1.06337189,32.7831221,-55.0679573,151.887312,-7.32469362,-4.47899849,20.3314444,False,False
NGC 6624,-505.5,261.979571,-22.7222617,8.18667071,3.12646574,6.68738421,-0.000690512639,0.443454585,0.95337176,0.443455123,1.05146096,32.6382642,-54.5754503,154.555738,-7.37679843,-4.439036,20.0404732,False,False
NGC 6624,-505.6,262.101868,-22.7479802,8.18186853,3.1668349,6.57886588,-0.00402072764,0.449010255,0.937428275,0.449028257,1.03942202,32.4855841,-54.0678021,157.234263,-7.42899446,-4.39869209,19.7308147,False,False
NGC 6624,-505.7,262.22588,-22.7749978,8.1770825,3.20685594,6.46829597,-0.00733492046,0.454513214,0.921210341,0.454572396,1.0272607,32.3249074,-53.5445808,159.922768,-7.48127136,-4.35796046,19.4020125,False,False
NGC 6624,-505.8,262.351612,-22.8033268,8.17231476,3.2465165,6.3556636,-0.0106322641,0.459961848,0.904716948,0.460084717,1.0149831,32.1560544,-53.0053394,162.62109,-7.53361753,-4.31683512,19.0536011,False,False
NGC 6624,-505.9,262.479073,-22.8329797,8.16756753,3.28580391,6.24095813,-0.013911913,0.465354493,0.8879471,0.465562397,1.00259583,31.9788402,-52.4496153,165.329025,-7.58602004,-4.2753104,18.6851055,False,False
NGC 6624,-506,262.60827,-22.8639689,8.16284308,3.32470509,6.12416911,-0.0171730023,0.470689441,0.870899827,0.471002614,0.99010604,31.7930746,-51.8769301,168.046319,-7.63846449,-4.23338106,18.2960417,False,False
NGC 6624,-506.1,262.739209,-22.8963071,8.15814373,3.3632066,6.00528643,-0.0204146476,0.475964932,0.853574188,0.476402534,0.977521493,31.5985625,-51.2867897,170.772661,-7.69093486,-4.19104234,17.885917,False,False
NGC 6624,-506.2,262.871896,-22.930007,8.15347186,3.40129457,5.88430026,-0.0236359442,0.481179154,0.835969276,0.481759313,0.964850593,31.3951037,-50.678684,173.507679,-7.74341334,-4.14829005,17.4542304,False,False
NGC 6624,-506.3,263.006337,-22.9650815,8.1488299,3.43895476,5.76120119,-0.0268359666,0.486330243,0.818084225,0.487070092,0.952102449,31.1824934,-50.052087,176.250934,-7.7958802,-4.1051207,17.000473,False,False
NGC 6624,-506.4,263.142537,-23.0015435,8.14422036,3.47617247,5.63598025,-0.0300137682,0.491416281,0.799918218,0.492331989,0.939286933,30.9605224,-49.4064574,179.001906,-7.84831355,-4.06153159,16.524129,False,False
NGC 6624,-506.5,263.280502,-23.0394057,8.1396458,3.5129326,5.50862898,-0.0331683808,0.496435292,0.781470497,0.497542099,0.926414744,30.7289777,-48.7412384,181.759988,-7.90068915,-4.01752095,16.0246762,False,False
NGC 6624,-506.6,263.420235,-23.0786812,8.13510883,3.54921959,5.37913953,-0.0362988143,0.501385245,0.762740369,0.502697491,0.913497476,30.4876424,-48.0558585,184.524476,-7.95298017,-3.97308811,15.5015873,False,False
NGC 6624,-506.7,263.561739,-23.1193827,8.13061214,3.58501741,5.24750472,-0.0394040561,0.506264047,0.743727221,0.5077952,0.900547691,30.2362971,-47.3497325,187.294554,-8.00515688,-3.92823367,14.9543308,False,False
NGC 6624,-506.8,263.705018,-23.1615231,8.12615847,3.6203096,5.11371816,-0.0424830713,0.511069547,0.724430527,0.512832227,0.887579,29.97472,-46.6222623,190.069285,-8.05718643,-3.88295971,14.3823729,False,False
NGC 6624,-506.9,263.850073,-23.205115,8.12175063,3.6550792,4.97777433,-0.0455348019,0.51579953,0.704849865,0.517805536,0.874606143,29.7026883,-45.8728383,192.847591,-8.10903242,-3.83726998,13.7851792,False,False
NGC 6624,-507,263.996905,-23.250171,8.11739149,3.68930878,4.83966871,-0.0485581673,0.520451719,0.684984931,0.52271205,0.86164508,29.4199788,-45.1008414,195.628236,-8.1606546,-3.79117024,13.1622164,False,False
NGC 6624,-507.1,264.145513,-23.2967031,8.11308399,3.72298041,4.69939792,-0.0515520643,0.525023775,0.664835557,0.527548651,0.848713083,29.1263696,-44.3056449,198.40981,-8.21200838,-3.74466852,12.5129555,False,False
NGC 6624,-507.2,264.295896,-23.3447235,8.10883111,3.75607568,4.55695987,-0.0545153668,0.529513291,0.644401729,0.532312174,0.835828833,28.8216413,-43.4866175,201.190703,-8.26304442,-3.69777548,11.8368744,False,False
NGC 6624,-507.3,264.448051,-23.3942436,8.10463593,3.78857568,4.4123539,-0.0574469266,0.533917799,0.623683607,0.536999409,0.82301252,28.5055793,-42.6431264,203.96908,-8.31370801,-3.65050481,11.1334614,False,False
NGC 6624,-507.4,264.601972,-23.4452745,8.10050156,3.820461,4.265581,-0.0603455739,0.538234764,0.602681554,0.541607099,0.81028594,28.1779752,-41.7745414,206.742853,-8.36393856,-3.60287368,10.4022194,False,False
NGC 6624,-507.5,264.757654,-23.4978267,8.09643117,3.85171177,4.11664399,-0.0632101179,0.542461589,0.581396159,0.546131939,0.797672607,27.83863,-40.88024,209.509648,-8.41366881,-3.55490332,9.64267101,False,False
NGC 6624,-507.6,264.915087,-23.5519099,8.09242801,3.88230759,3.96554778,-0.0660393484,0.546595611,0.55982827,0.550570574,0.785197841,27.4873565,-39.9596126,212.26677,-8.46282413,-3.50661955,8.85436363,False,False
NGC 6624,-507.7,265.074261,-23.6075331,8.08849537,3.91222764,3.81229964,-0.0688320362,0.550634108,0.537979031,0.554919606,0.772888871,27.1239828,-39.0120698,215.011153,-8.51132162,-3.45805352,8.03687643,False,False
NGC 6624,-507.8,265.235163,-23.6647041,8.08463659,3.94145063,3.65690947,-0.071586936,0.554574298,0.515849918,0.55917559,0.76077492,26.7483561,-38.0370497,217.739321,-8.55906909,-3.40924249,7.18982781,False,False
NGC 6624,-507.9,265.397777,-23.7234297,8.08085505,3.96995484,3.49939014,-0.0743027878,0.558413344,0.493442787,0.563335039,0.748887275,26.3603468,-37.0340277,220.447327,-8.60596394,-3.36023071,6.3128842,False,False
NGC 6624,-508,265.562083,-23.7837151,8.0771542,3.99771818,3.3397579,-0.0769783198,0.562148357,0.470759924,0.567394428,0.737259346,25.9598536,-36.0025268,223.130691,-8.65189188,-3.31107047,5.4057703,False,False
NGC 6624,-508.1,265.728058,-23.8455639,8.0735375,4.02471819,3.1780328,-0.0796122515,0.565776403,0.447804105,0.571350198,0.725926694,25.546809,-34.9421297,225.78433,-8.69672544,-3.26182324,4.46828069,False,False
NGC 6624,-508.2,265.895675,-23.9089778,8.07000844,4.05093212,3.01423914,-0.0822032974,0.569294508,0.424578657,0.575198765,0.714927028,25.1211851,-33.8524927,228.402477,-8.74032236,-3.212561,3.50029332,False,False
NGC 6624,-508.3,266.064903,-23.9739563,8.06657054,4.07633699,2.84840606,-0.0847501716,0.572699668,0.401087539,0.578936527,0.70430016,24.6830006,-32.7333609,230.978589,-8.78252366,-3.16336769,2.50178492,False,False
NGC 6624,-508.4,266.235706,-24.0404962,8.06322731,4.10090967,2.68056814,-0.0872515926,0.575988859,0.377335419,0.582559873,0.694087908,24.2323279,-31.584586,233.505244,-8.82315156,-3.11434089,1.47284854,False,False
NGC 6624,-508.5,266.40804,-24.1085913,8.05998228,4.12462693,2.51076608,-0.0897062896,0.579159045,0.353327779,0.586065199,0.684333937,23.7693006,-30.4061447,235.974029,-8.86200716,-3.06559357,0.413713522,False,False
NGC 6624,-508.6,266.581858,-24.1782318,8.05683893,4.1474656,2.33904754,-0.0921130089,0.582207198,0.329071013,0.589448919,0.675083521,23.2941222,-29.1981593,238.375416,-8.89886787,-3.01725608,-0.675231808,False,False
NGC 6624,-508.7,266.757103,-24.2494043,8.05380073,4.16940266,2.16546793,-0.0944705214,0.58513031,0.304572556,0.592707482,0.666383224,22.8070742,-27.9609197,240.698627,-8.93348468,-2.96947824,-1.79341479,False,False
NGC 6624,-508.8,266.933713,-24.3220903,8.05087108,4.19041537,1.99009145,-0.0967776312,0.587925412,0.27984101,0.595837394,0.65828048,22.3085243,-26.6949061,242.931505,-8.96557936,-2.92243136,-2.9400499,False,False
NGC 6624,-508.9,267.111612,-24.3962664,8.04805328,4.21048143,1.81299212,-0.0990331847,0.590589594,0.254886299,0.598835236,0.650823067,21.7989345,-25.400812,245.060385,-8.99484206,-2.87631013,-4.11410711,False,False
NGC 6624,-509,267.290719,-24.4719034,8.04535055,4.2295792,1.63425494,-0.101236081,0.59312003,0.229719825,0.601697693,0.644058469,21.2788686,-24.0795667,247.070003,-9.02092926,-2.83133415,-5.31427727,False,False
NGC 6624,-509.1,267.470939,-24.5489652,8.04276595,4.24768779,1.45397709,-0.103385282,0.595514001,0.204354639,0.604421577,0.638033119,20.7489976,-22.7323566,248.943452,-9.04346317,-2.78774853,-6.53893533,False,False
NGC 6624,-509.2,267.652165,-24.6274087,8.04030237,4.26478735,1.27226909,-0.105479824,0.597768925,0.178805597,0.607003856,0.632791532,20.2101043,-21.3606424,250.662251,-9.06203341,-2.74582305,-7.78610235,False,False
NGC 6624,-509.3,267.834277,-24.7071826,8.03796249,4.28085926,1.08925588,-0.107518829,0.599882383,0.153089519,0.609441689,0.628375344,19.6630845,-19.9661729,252.206569,-9.07620224,-2.70584903,-9.05340899,False,False
NGC 6624,-509.4,268.017141,-24.7882274,8.03574872,4.29588633,0.905077656,-0.109501516,0.601852149,0.127225306,0.61173245,0.62482227,19.1089453,-18.5509902,253.555683,-9.08551512,-2.66813297,-10.3380646,False,False
NGC 6624,-509.5,268.200608,-24.8704744,8.03366319,4.30985305,0.719890259,-0.111427214,0.603676221,0.101233989,0.613873768,0.62216503,18.5487993,-17.1174263,254.688749,-9.08951798,-2.63298595,-11.6368383,False,False
NGC 6624,-509.6,268.384515,-24.9538466,8.03170767,4.32274578,0.533864839,-0.113295369,0.605352851,0.0751386948,0.615863552,0.620430284,17.9838544,-15.6680874,255.585897,-9.08778221,-2.60070847,-12.9460612,False,False
NGC 6624,-509.7,268.568687,-25.0382586,8.02988352,4.33455298,0.347186618,-0.115105555,0.606880569,0.0489644711,0.617700019,0.619637663,17.4153985,-14.2058239,256.229638,-9.07993634,-2.57157118,-14.2616582,False,False
NGC 6624,-509.8,268.752936,-25.1236181,8.02819171,4.34526536,0.160052563,-0.116857483,0.608258208,0.0227379679,0.619381723,0.619798946,16.8447792,-12.7336857,256.606414,-9.06570095,-2.54579368,-15.5792184,False,False
NGC 6624,-509.9,268.937068,-25.2098272,8.0266327,4.35487601,-0.0273320812,-0.118551001,0.60948492,-0.0035130411,0.620907567,0.620917506,16.2733793,-11.2548628,256.70802,-9.04492086,-2.52352501,-16.8941059,False,False
NGC 6624,-510,269.120886,-25.2967852,8.02520651,4.36338048,-0.214758161,-0.120186101,0.610560188,-0.0297602629,0.622276821,0.622988054,15.7025891,-9.77261498,256.532588,-9.01758693,-2.50483016,-18.2016034,False,False
NGC 6624,-510.1,269.304192,-25.3843903,8.02391265,4.37077682,-0.402017433,-0.121762914,0.611483828,-0.0559755507,0.623489118,0.625996759,15.1337775,-8.29019634,256.084848,-8.98384181,-2.48968601,-19.4970718,False,False
NGC 6624,-510.2,269.486796,-25.4725426,8.02275018,4.37706553,-0.588907325,-0.123281713,0.612255987,-0.0821315605,0.624544454,0.629921716,14.568264,-6.81078032,255.375615,-8.94396762,-2.47798787,-20.7761031,False,False
NGC 6624,-510.3,269.668517,-25.5611457,8.02171772,4.38224947,-0.775235048,-0.124742897,0.612877128,-0.108202318,0.625443174,0.634733728,14.0072936,-5.33739281,254.420614,-8.89835886,-2.4695645,-22.0346469,False,False
NGC 6624,-510.4,269.849185,-25.6501086,8.02081348,4.38633377,-0.9608207,-0.126146993,0.613348013,-0.134163643,0.626185954,0.640397323,13.4520162,-3.87285765,253.238964,-8.84748722,-2.46419781,-23.2690951,False,False
NGC 6624,-510.5,270.028645,-25.7393467,8.02003534,4.3893256,-1.14549924,-0.127494635,0.613669682,-0.159993419,0.626773771,0.6468719,12.9034715,-2.41975701,251.851628,-8.79186575,-2.46164302,-24.4763256,False,False
NGC 6624,-510.6,270.206759,-25.8287823,8.01938087,4.39123402,-1.32912138,-0.128786561,0.613843425,-0.185671708,0.627207883,0.65411292,12.3625801,-0.98040692,250.280069,-8.73201774,-2.46164596,-25.6537089,False,False
NGC 6624,-510.7,270.383402,-25.9183447,8.01884739,4.39206977,-1.51155359,-0.130023596,0.613870755,-0.211180749,0.627489792,0.662073069,11.8301388,0.443153627,248.54524,-8.66845331,-2.46395617,-26.7990879,False,False
NGC 6624,-510.8,270.558466,-26.0079696,8.01843201,4.39184506,-1.69267752,-0.131206638,0.61375338,-0.236504867,0.627621218,0.670703321,11.3068215,1.84916249,246.666917,-8.60165374,-2.46833555,-27.9107417,False,False
NGC 6624,-510.9,270.731854,-26.0975995,8.01813168,4.39057334,-1.87238899,-0.13233665,0.613493172,-0.261630332,0.627604064,0.67995389,10.793183,3.23612567,244.663313,-8.53206264,-2.47456329,-28.9873411,False,False
NGC 6624,-511,270.903483,-26.1871825,8.01794322,4.38826914,-2.05059682,-0.133414647,0.613092146,-0.28654519,0.627440394,0.689775031,10.289666,4.60280257,242.550927,-8.46008214,-2.48243797,-30.0279017,True,True
NGC 6624,-511.1,271.073283,-26.276672,8.01786336,4.38494785,-2.22722154,-0.13444168,0.61255243,-0.311239085,0.627132398,0.700117714,9.79660931,5.94818744,240.344518,-8.38607251,-2.49177794,-31.0317388,True,True
NGC 6624,-511.2,271.24119,-26.3660262,8.01788877,4.38062557,-2.40219419,-0.135418834,0.611876243,-0.335703085,0.626682373,0.710934145,9.31425777,7.27148859,238.057189,-8.31035385,-2.50242047,-31.9984245,True,True
NGC 6624,-511.3,271.407153,-26.4552076,8.01801606,4.37531895,-2.57545515,-0.136347212,0.611065876,-0.359929519,0.626092698,0.722178181,8.84277196,8.57210672,235.700502,-8.23320901,-2.5142204,-32.9277497,True,True
NGC 6624,-511.4,271.571126,-26.5441825,8.01824184,4.36904507,-2.74695305,-0.13722793,0.610123671,-0.383911823,0.625365812,0.733805619,8.38223839,9.84961332,233.284623,-8.15488687,-2.52704849,-33.8196902,True,True
NGC 6624,-511.5,271.733072,-26.6329206,8.01856271,4.36182127,-2.9166438,-0.13806211,0.609052009,-0.407644411,0.6245042,0.745774404,7.93267921,11.1037299,230.818472,-8.07560591,-2.54078977,-34.6743762,True,True
NGC 6624,-511.6,271.892958,-26.7213947,8.01897527,4.3536651,-3.08448973,-0.138850872,0.60785329,-0.431122548,0.623510374,0.758044747,7.49406127,12.3343082,228.30986,-7.99555757,-2.55534194,-35.4920667,True,True
NGC 6624,-511.7,272.05076,-26.8095803,8.01947615,4.34459418,-3.25045883,-0.139595333,0.606529924,-0.454342251,0.622386861,0.770579189,7.0663046,13.5413122,225.765621,-7.91490937,-2.57061394,-36.2731272,True,True
NGC 6624,-511.8,272.206453,-26.8974551,8.02006202,4.33462615,-3.41452407,-0.140296598,0.605084319,-0.477300188,0.621136191,0.783342605,6.64929005,14.7248016,223.191732,-7.8338078,-2.58652457,-37.0180096,True,True
NGC 6624,-511.9,272.360022,-26.9849994,8.02072959,4.3237786,-3.5766628,-0.140955756,0.603518874,-0.499993599,0.619760886,0.796302176,6.24286614,15.8849166,220.593422,-7.75238088,-2.60300136,-37.7272361,True,True
NGC 6624,-512,272.511452,-27.0721951,8.02147559,4.31206898,-3.73685621,-0.141573884,0.601835969,-0.522420227,0.618263454,0.809427323,5.84685514,17.0218649,217.975258,-7.67074042,-2.61997956,-38.4013851,True,True
NGC 6624,-512.1,272.660731,-27.1590259,8.02229684,4.29951462,-3.8950889,-0.142152035,0.600037961,-0.544578249,0.616646378,0.822689628,5.46105838,18.1359099,215.341235,-7.58898407,-2.63740121,-39.0410786,True,True
NGC 6624,-512.2,272.807852,-27.2454772,8.0231902,4.2861326,-4.05134845,-0.142691243,0.598127176,-0.566466226,0.614912115,0.836062734,5.08526089,19.2273603,212.694842,-7.50719701,-2.65521437,-39.6469726,True,True
NGC 6624,-512.3,272.952808,-27.3315357,8.02415258,4.27193981,-4.20562508,-0.143192519,0.596105908,-0.588083052,0.613063089,0.849522235,4.71923534,20.2965615,210.03913,-7.42545354,-2.67337245,-40.2197481,True,True
NGC 6624,-512.4,273.095596,-27.4171895,8.02518097,4.25695285,-4.35791132,-0.143656852,0.593976414,-0.609427914,0.611101687,0.863045569,4.36274552,21.3438874,207.376763,-7.34381843,-2.69183359,-40.7601041,True,True
NGC 6624,-512.5,273.236213,-27.5024277,8.02627241,4.24118807,-4.50820176,-0.144085203,0.59174091,-0.630500253,0.609030254,0.876611897,4.01554916,22.3697339,204.710066,-7.26234805,-2.71056016,-41.268751,True,True
NGC 6624,-512.6,273.37466,-27.5872405,8.02742402,4.2246615,-4.65649279,-0.14447851,0.589401572,-0.651299731,0.606851097,0.890201996,3.67740041,23.3745134,202.041069,-7.18109143,-2.7295183,-41.7464062,True,True
NGC 6624,-512.7,273.510936,-27.6716191,8.02863297,4.20738887,-4.80278238,-0.144837687,0.586960534,-0.671826206,0.604566476,0.903798139,3.34805185,24.3586498,199.37154,-7.10009114,-2.74867753,-42.1937894,True,True
NGC 6624,-512.8,273.645044,-27.7555555,8.0298965,4.18938561,-4.94706991,-0.145163621,0.584419884,-0.692079705,0.602178609,0.917383996,3.02725624,25.3225742,196.703019,-7.0193841,-2.76801037,-42.6116193,True,True
NGC 6624,-512.9,273.776988,-27.8390425,8.03121192,4.17066683,-5.08935599,-0.145457173,0.581781667,-0.712060401,0.599689667,0.930944527,2.71476786,26.2667218,194.036846,-6.93900219,-2.78749206,-43.0006106,True,True
NGC 6624,-513,273.90677,-27.9220736,8.0325766,4.1512473,-5.22964231,-0.145719181,0.579047884,-0.731768594,0.597101777,0.944465884,2.41034367,27.1915289,191.374182,-6.85897293,-2.80710029,-43.3614718,True,True
NGC 6624,-513.1,274.034396,-28.0046429,8.03398797,4.13114148,-5.36793153,-0.145950457,0.57622049,-0.751204696,0.594417016,0.957935323,2.11374423,28.0974302,188.716032,-6.77931995,-2.82681494,-43.6949032,True,True
NGC 6624,-513.2,274.159871,-28.0867451,8.03544355,4.11036353,-5.50422712,-0.14615179,0.573301397,-0.770369214,0.591637421,0.971341116,1.82473445,28.9848573,186.063263,-6.70006347,-2.84661786,-44.0015953,True,True
NGC 6624,-513.3,274.283201,-28.1683754,8.03694089,4.08892726,-5.63853332,-0.146323944,0.570292472,-0.789262737,0.588764979,0.984672468,1.54308413,29.8542366,183.416622,-6.62122066,-2.86649271,-44.2822278,True,True
NGC 6624,-513.4,274.404393,-28.2495297,8.03847762,4.06684618,-5.77085497,-0.146467659,0.56719554,-0.807885927,0.585801635,0.997919449,1.2685684,30.7059884,180.776747,-6.54280607,-2.88642479,-44.5374685,True,True
NGC 6624,-513.5,274.523453,-28.330204,8.04005143,4.0441335,-5.90119751,-0.146583655,0.564012381,-0.826239502,0.58274929,1.01107292,1.00096807,31.5405256,178.144182,-6.46483184,-2.90640085,-44.7679726,True,True
NGC 6624,-513.6,274.640389,-28.410395,8.04166006,4.02080211,-6.02956683,-0.146672628,0.560744737,-0.844324236,0.5796098,1.02412447,0.740069854,32.3582526,175.519385,-6.38730807,-2.926409,-44.9743824,True,True
NGC 6624,-513.7,274.755208,-28.4900994,8.04330132,3.99686462,-6.15596928,-0.146735253,0.557394305,-0.862140942,0.576384981,1.03706637,0.485666479,33.1595655,172.902742,-6.31024297,-2.94643856,-45.1573265,True,True
NGC 6624,-513.8,274.867917,-28.5693147,8.04497307,3.97233333,-6.28041153,-0.146772182,0.553962745,-0.879690472,0.573076606,1.04989148,0.237556821,33.9448506,170.294572,-6.23364315,-2.96647996,-45.31742,True,True
NGC 6624,-513.9,274.978525,-28.6480383,8.04667324,3.94722028,-6.4029006,-0.146784051,0.550451676,-0.896973706,0.56968641,1.06259326,-0.00445409725,34.7144849,167.695136,-6.15751373,-2.98652466,-45.455264,True,True
NGC 6624,-514,275.087039,-28.726268,8.0483998,3.9215372,-6.52344375,-0.146771473,0.546862681,-0.913991548,0.566216087,1.07516567,-0.240555108,35.4688351,165.104642,-6.08185857,-3.00656504,-45.5714461,True,True
NGC 6624,-514.1,275.193468,-28.804002,8.05015077,3.89529557,-6.64204847,-0.146735042,0.543197303,-0.930744922,0.562667293,1.08760314,-0.470928958,36.2082581,162.523253,-6.00668037,-3.02659432,-45.6665399,True,True
NGC 6624,-514.2,275.29782,-28.8812384,8.05192423,3.86850662,-6.75872243,-0.146675337,0.539457053,-0.947234764,0.55904165,1.09990057,-0.695752386,36.9331007,159.951092,-5.93198084,-3.04660652,-45.7411053,True,True
NGC 6624,-514.3,275.400103,-28.9579759,8.05371833,3.84118131,-6.87347345,-0.146592915,0.535643403,-0.963462025,0.55534074,1.11205324,-0.915196225,37.6436995,157.388243,-5.85776077,-3.06659634,-45.7956889,True,True
NGC 6624,-514.4,275.500326,-29.034213,8.05553123,3.81333034,-6.98630948,-0.146488318,0.531757793,-0.979427658,0.551566114,1.12405681,-1.12942553,38.340381,154.834762,-5.78402016,-3.08655917,-45.8308237,True,True
NGC 6624,-514.5,275.598496,-29.1099486,8.05736118,3.78496419,-7.09723854,-0.146362072,0.527801632,-0.995132624,0.547719288,1.13590728,-1.33859971,39.0234618,152.290673,-5.71075828,-3.10649098,-45.8470298,True,True
NGC 6624,-514.6,275.694622,-29.1851816,8.05920644,3.7560931,-7.20626876,-0.146214685,0.523776293,-1.01057788,0.543801746,1.14760097,-1.54287267,39.6932486,149.755977,-5.63797382,-3.12638829,-45.8448145,True,True
NGC 6624,-514.7,275.788713,-29.2599113,8.06106535,3.72672708,-7.31340827,-0.146046651,0.519683121,-1.0257644,0.539814941,1.15913449,-1.74239299,40.3500386,147.230651,-5.56566486,-3.14624816,-45.8246726,True,True
NGC 6624,-514.8,275.880775,-29.3341367,8.06293627,3.69687593,-7.41866525,-0.145858449,0.515523431,-1.04069312,0.535760296,1.1705047,-1.93730404,40.9941193,144.714653,-5.49382901,-3.16606809,-45.7870864,True,True
NGC 6624,-514.9,275.970818,-29.4078572,8.06481761,3.66654923,-7.52204788,-0.145650542,0.511298508,-1.055365,0.531639205,1.18170873,-2.1277442,41.6257691,142.207923,-5.42246346,-3.18584602,-45.7325265,True,True
NGC 6624,-515,276.05885,-29.4810722,8.06670783,3.63575636,-7.62356434,-0.145423382,0.507009609,-1.06978098,0.527453035,1.19274392,-2.31384697,42.245257,139.710387,-5.35156497,-3.2055803,-45.6614518,True,True
NGC 6624,-515.1,276.144878,-29.5537812,8.06860544,3.60450649,-7.72322279,-0.145177406,0.502657966,-1.08394201,0.523203125,1.20360782,-2.49574118,42.8528437,137.221954,-5.28113,-3.22526965,-45.5743098,True,True
NGC 6624,-515.2,276.228911,-29.6259838,8.07050897,3.57280862,-7.82103134,-0.144913037,0.498244782,-1.097849,0.518890789,1.21429819,-2.67355113,43.4487807,134.742524,-5.21115468,-3.24491313,-45.4715371,True,True
NGC 6624,-515.3,276.310955,-29.6976796,8.07241699,3.54067155,-7.91699806,-0.144630686,0.493771235,-1.11150288,0.514517316,1.22481293,-2.84739673,44.0333115,132.271985,-5.14163488,-3.2645101,-45.3535597,True,True
NGC 6624,-515.4,276.391019,-29.7688682,8.07432813,3.50810389,-8.01113096,-0.144330754,0.489238482,-1.12490454,0.510083972,1.23515014,-3.01739373,44.6066713,129.810215,-5.07256625,-3.28406026,-45.2207929,True,True
NGC 6624,-515.5,276.469111,-29.8395493,8.07624105,3.4751141,-8.10343798,-0.144013629,0.484647651,-1.13805487,0.505592001,1.24530806,-3.18365378,45.1690874,127.357085,-5.00394422,-3.30356353,-45.0736423,True,True
NGC 6624,-515.6,276.545237,-29.9097227,8.07815444,3.44171045,-8.19392699,-0.143679686,0.479999852,-1.15095475,0.501042623,1.25528505,-3.34628468,45.7207795,124.912457,-4.93576403,-3.32302012,-44.9125036,True,True
NGC 6624,-515.7,276.619405,-29.9793882,8.08006702,3.40790106,-8.28260577,-0.143329292,0.47529617,-1.16360505,0.496437041,1.26507962,-3.50539046,46.2619597,122.476189,-4.8680208,-3.34243047,-44.7377631,True,True
NGC 6624,-515.8,276.691621,-30.0485454,8.08197756,3.37369389,-8.369482,-0.142962802,0.47053767,-1.17600661,0.491776434,1.2746904,-3.66107154,46.7928329,120.048131,-4.80070948,-3.36179524,-44.5497979,True,True
NGC 6624,-515.9,276.761894,-30.1171942,8.08388487,3.33909675,-8.45456328,-0.142580561,0.465725395,-1.18816026,0.487061967,1.28411611,-3.81342489,47.3135972,117.628129,-4.73382492,-3.38111528,-44.3489763,True,True
NGC 6624,-516,276.83023,-30.1853344,8.08578777,3.30411731,-8.5378571,-0.142182905,0.46086037,-1.20006682,0.482294784,1.29335557,-3.96254414,47.8244437,115.216026,-4.66736186,-3.40039165,-44.1356582,True,True
NGC 6624,-516.1,276.896635,-30.2529657,8.08768513,3.26876308,-8.61937082,-0.141770159,0.455943599,-1.21172709,0.477476013,1.30240773,-4.10851974,48.3255569,112.81166,-4.60131495,-3.41962558,-43.9101948,True,True
NGC 6624,-516.2,276.961116,-30.320088,8.08957585,3.23304145,-8.69911171,-0.141342642,0.450976068,-1.22314185,0.472606768,1.31127158,-4.25143905,48.8171151,110.414866,-4.5356788,-3.43881847,-43.6729299,True,True
NGC 6624,-516.3,277.02368,-30.3867009,8.09145886,3.19695967,-8.7770869,-0.140900661,0.445958747,-1.23431187,0.467688144,1.31994621,-4.39138651,49.2992904,108.025477,-4.47044792,-3.45797188,-43.424199,True,True
NGC 6624,-516.4,277.084333,-30.4528043,8.09333312,3.16052486,-8.85330343,-0.140444516,0.440892586,-1.2452379,0.462721227,1.32843078,-4.52844369,49.7722489,105.643324,-4.40561679,-3.4770875,-43.1643305,True,True
NGC 6624,-516.5,277.143081,-30.5183978,8.09519762,3.12374403,-8.92776818,-0.139974498,0.435778519,-1.25592066,0.457707087,1.33672453,-4.66268949,50.2361508,103.268234,-4.34117985,-3.49616717,-42.8936455,True,True
NGC 6624,-516.6,277.199929,-30.5834812,8.09705137,3.08662406,-9.00048792,-0.139490891,0.430617465,-1.26636087,0.452646782,1.34482674,-4.79420015,50.6911509,100.900036,-4.27713151,-3.51521286,-42.6124581,True,True
NGC 6624,-516.7,277.254884,-30.648054,8.09889344,3.04917172,-9.07146928,-0.138993971,0.425410326,-1.27655922,0.447541361,1.35273675,-4.92304946,51.1373984,98.5385541,-4.21346615,-3.53422666,-42.3210757,True,True
NGC 6624,-516.8,277.307952,-30.712116,8.10072289,3.01139366,-9.14071876,-0.138484007,0.42015799,-1.2865164,0.442391859,1.36045397,-5.04930877,51.5750374,96.1836145,-4.15017814,-3.55321077,-42.0197992,True,True
NGC 6624,-516.9,277.359137,-30.7756668,8.10253882,2.97329644,-9.20824271,-0.137961259,0.414861331,-1.29623307,0.437199306,1.36797785,-5.17304713,52.0042068,93.8350407,-4.08726184,-3.57216751,-41.7089233,True,True
NGC 6624,-517,277.408446,-30.8387057,8.10434038,2.93488649,-9.27404736,-0.137425983,0.409521208,-1.30570986,0.431964721,1.37530788,-5.29433139,52.4250406,91.4926563,-4.0247116,-3.59109927,-41.3887365,True,True
NGC 6624,-517.1,277.455884,-30.9012325,8.10612671,2.89617018,-9.3381388,-0.136878425,0.404138465,-1.31494741,0.426689117,1.38244359,-5.41322628,52.837668,89.1562846,-3.96252179,-3.61000858,-41.0595216,True,True
NGC 6624,-517.2,277.501454,-30.9632464,8.107897,2.85715374,-9.40052296,-0.136318828,0.398713938,-1.32394631,0.421373501,1.38938456,-5.52979447,53.2422136,86.8257484,-3.90068675,-3.62889803,-40.7215558,True,True
NGC 6624,-517.3,277.545164,-31.0247469,8.10965047,2.81784334,-9.46120563,-0.135747425,0.393248445,-1.33270715,0.416018873,1.39613038,-5.6440967,53.6387975,84.5008705,-3.83920088,-3.6477703,-40.3751109,True,True
NGC 6624,-517.4,277.587016,-31.0857334,8.11138634,2.77824505,-9.52019246,-0.135164446,0.387742795,-1.34123051,0.410626232,1.40268071,-5.75619181,54.0275353,82.1814738,-3.77805854,-3.66662816,-40.0204534,True,True
NGC 6624,-517.5,277.627016,-31.1462051,8.11310387,2.73836484,-9.57748897,-0.134570113,0.382197785,-1.34951693,0.405196572,1.4090352,-5.86613688,54.4085385,79.8673812,-3.71725415,-3.68547446,-39.6578449,True,True
NGC 6624,-517.6,277.665169,-31.2061613,8.11480234,2.69820863,-9.63310051,-0.133964643,0.3766142,-1.35756695,0.399730886,1.41519356,-5.97398721,54.7819144,77.558416,-3.65678212,-3.70431212,-39.287542,True,True
NGC 6624,-517.7,277.701478,-31.265601,8.11648107,2.65778222,-9.68703228,-0.133348249,0.370992816,-1.36538108,0.394230167,1.42115549,-6.07979648,55.1477664,75.2544015,-3.5966369,-3.72314412,-38.9097967,True,True
NGC 6624,-517.8,277.735947,-31.3245234,8.11813937,2.61709136,-9.73928934,-0.132721135,0.365334395,-1.37295983,0.388695408,1.42692075,-6.18361678,55.5061939,72.9551615,-3.53681295,-3.74197354,-38.5248567,True,True
NGC 6624,-517.9,277.768582,-31.3829276,8.11977661,2.57614172,-9.78987661,-0.132083503,0.359639693,-1.38030367,0.383127604,1.43248908,-6.28549865,55.8572925,70.6605203,-3.47730477,-3.7608035,-38.1329651,True,True
NGC 6624,-518,277.799384,-31.4408123,8.12139216,2.5349389,-9.83879884,-0.131435548,0.353909455,-1.38741306,0.377527755,1.43786028,-6.3854912,56.2011543,68.3703025,-3.41810689,-3.77963717,-37.7343611,True,True
NGC 6624,-518.1,277.82836,-31.4981766,8.1229854,2.49348842,-9.88606065,-0.130777462,0.348144416,-1.39428844,0.371896866,1.44303414,-6.4836421,56.5378675,66.084333,-3.35921385,-3.79847783,-37.3292798,True,True
NGC 6624,-518.2,277.85551,-31.5550192,8.12455577,2.45179574,-9.93166649,-0.130109429,0.342345303,-1.40093024,0.366235949,1.44801047,-6.57999772,56.8675172,63.8024376,-3.30062025,-3.81732877,-36.9179525,True,True
NGC 6624,-518.3,277.880841,-31.6113389,8.12610269,2.40986627,-9.97562066,-0.129431632,0.336512834,-1.40733888,0.360546023,1.45278909,-6.6746031,57.1901847,61.5244422,-3.24232069,-3.83619336,-36.500607,True,True
NGC 6624,-518.4,277.904353,-31.6671342,8.12762563,2.36770533,-10.0179273,-0.128744248,0.330647719,-1.41351473,0.354828121,1.45736985,-6.76750205,57.5059483,59.2501736,-3.18430983,-3.85507503,-36.0774672,True,True
NGC 6624,-518.5,277.926051,-31.7224038,8.12912407,2.32531822,-10.0585905,-0.128047448,0.32475066,-1.41945817,0.349083286,1.4617526,-6.85873722,57.8148828,56.9794588,-3.12658234,-3.87397725,-35.6487541,True,True
NGC 6624,-518.6,277.945938,-31.777146,8.13059751,2.28271014,-10.097614,-0.1273414,0.318822353,-1.42516956,0.343312576,1.46593718,-6.94835009,58.1170601,54.7121254,-3.06913296,-3.89290355,-35.2146851,True,True
NGC 6624,-518.7,277.964016,-31.8313593,8.13204548,2.23988627,-10.1350015,-0.126626269,0.312863483,-1.43064924,0.337517068,1.46992347,-7.03638106,58.4125487,52.4480017,-3.01195644,-3.91185752,-34.7754747,True,True
NGC 6624,-518.8,277.980289,-31.885042,8.1334675,2.19685172,-10.1707566,-0.125902214,0.306874733,-1.43589751,0.331697859,1.47371134,-7.1228695,58.7014144,50.1869164,-2.95504757,-3.93084278,-34.3313344,True,True
NGC 6624,-518.9,277.994758,-31.9381923,8.13486315,2.15361156,-10.2048827,-0.125169392,0.300856777,-1.44091469,0.325856068,1.47730068,-7.20785376,58.9837198,47.9286985,-2.89840118,-3.94986303,-33.8824729,True,True
NGC 6624,-519,278.007426,-31.9908083,8.136232,2.11017081,-10.2373829,-0.124427952,0.294810282,-1.44570105,0.31999284,1.48069138,-7.29137125,59.2595247,45.6731779,-2.84201214,-3.96892198,-33.4290962,True,True
NGC 6624,-519.1,278.018295,-32.0428879,8.13757364,2.06653444,-10.2682605,-0.123678045,0.288735909,-1.45025688,0.314109351,1.48388331,-7.37345845,59.528886,43.4201846,-2.78587535,-3.98802344,-32.9714078,True,True
NGC 6624,-519.2,278.027369,-32.0944292,8.13888771,2.02270739,-10.2975182,-0.122919815,0.282634316,-1.4545824,0.30820681,1.48687639,-7.45415098,59.7918579,41.1695492,-2.72998576,-4.00717121,-32.5096087,True,True
NGC 6624,-519.3,278.034647,-32.14543,8.14017382,1.97869454,-10.325159,-0.122153402,0.276506153,-1.45867787,0.302286464,1.48967051,-7.53348359,60.0484918,38.9211027,-2.67433835,-4.0263692,-32.0438975,True,True
NGC 6624,-519.4,278.040134,-32.1958878,8.14143165,1.93450074,-10.3511853,-0.121378943,0.270352066,-1.46254349,0.296349603,1.49226558,-7.61149027,60.2988366,36.6746763,-2.61892815,-4.04562131,-31.5744709,True,True
NGC 6624,-519.5,278.043829,-32.2458005,8.14266085,1.89013081,-10.3755997,-0.120596573,0.264172695,-1.46617946,0.290397566,1.49466149,-7.6882042,60.5429381,34.430102,-2.5637502,-4.06493152,-31.1015233,True,True
NGC 6624,-519.6,278.045736,-32.2951654,8.14386112,1.84558952,-10.3984046,-0.119806422,0.257968677,-1.46958596,0.284431745,1.49685815,-7.76365787,60.7808401,32.1872116,-2.50879962,-4.08430386,-30.6252472,True,True
NGC 6624,-519.7,278.045854,-32.34398,8.14503217,1.80088163,-10.4196019,-0.119008617,0.251740644,-1.47276316,0.278453592,1.49885548,-7.83788305,61.0125833,29.9458376,-2.45407153,-4.1037424,-30.1458331,True,True
NGC 6624,-519.8,278.044187,-32.3922416,8.14617372,1.75601183,-10.4391938,-0.118203283,0.245489224,-1.4757112,0.272464631,1.50065337,-7.91091085,61.2382062,27.7058124,-2.39956112,-4.12325126,-29.6634701,True,True
NGC 6624,-519.9,278.040734,-32.4399474,8.14728552,1.71098483,-10.457182,-0.11739054,0.23921504,-1.47843022,0.26646646,1.50225174,-7.98277175,61.4577447,25.4669689,-2.34526361,-4.1428346,-29.1783455,True,True
NGC 6624,-520,278.035498,-32.4870944,8.14836732,1.66580526,-10.4735684,-0.116570506,0.232918713,-1.48092032,0.260460765,1.50365049,-8.05349562,61.6712323,23.2291401,-2.29117424,-4.16249663,-28.6906449,True,True
NGC 6624,-520.1,278.028479,-32.5336796,8.14941891,1.62047777,-10.4883544,-0.115743296,0.226600861,-1.48318159,0.254449329,1.50484953,-8.12311177,61.8787,20.992159,-2.23728832,-4.18224163,-28.2005528,True,True
NGC 6624,-520.2,278.019678,-32.5796999,8.15044007,1.57500695,-10.5015414,-0.114909022,0.220262098,-1.48521413,0.248434046,1.50584876,-8.19164897,62.0801765,18.7558588,-2.18360118,-4.2020739,-27.7082524,True,True
NGC 6624,-520.3,278.009096,-32.6251519,8.15143063,1.5293974,-10.5131306,-0.114067792,0.213903034,-1.48701798,0.242416933,1.50664808,-8.25913547,62.2756878,16.5200728,-2.13010819,-4.22199782,-27.2139253,True,True
NGC 6624,-520.4,277.996733,-32.6700324,8.1523904,1.48365367,-10.5231231,-0.113219713,0.20752428,-1.48859319,0.236400148,1.5072474,-8.32559903,62.465258,14.2846342,-2.07680477,-4.2420178,-26.7177526,True,True
NGC 6624,-520.5,277.98259,-32.7143377,8.15331924,1.4377803,-10.5315199,-0.112364888,0.20112644,-1.4899398,0.230386009,1.50764661,-8.39106696,62.6489086,12.0493762,-2.02368636,-4.2621383,-26.219914,True,True
NGC 6624,-520.6,277.966668,-32.7580642,8.154217,1.39178182,-10.5383217,-0.111503417,0.194710121,-1.4910578,0.224377011,1.50784562,-8.45556615,62.8266587,9.81413195,-1.97074846,-4.28236384,-25.7205883,True,True
NGC 6624,-520.7,277.948966,-32.8012082,8.15508356,1.34566275,-10.5435291,-0.110635398,0.188275923,-1.4919472,0.218375856,1.50784431,-8.51912305,62.9985251,7.57873436,-1.9179866,-4.302699,-25.2199538,True,True
NGC 6624,-520.8,277.929486,-32.8437659,8.15591883,1.29942757,-10.5471425,-0.109760926,0.181824449,-1.49260796,0.212385478,1.50764257,-8.58176378,63.1645226,5.34301627,-1.86539635,-4.32314841,-24.718188,True,True
NGC 6624,-520.9,277.908226,-32.885733,8.15672271,1.25308078,-10.5491623,-0.108880094,0.175356298,-1.49304006,0.206409074,1.5072403,-8.64351408,63.3246632,3.10681027,-1.81297331,-4.34371673,-24.2154676,True,True
NGC 6624,-521,277.885187,-32.9271056,8.15749512,1.20662684,-10.5495886,-0.10799299,0.168872068,-1.49324342,0.200450147,1.50663737,-8.70439936,63.4789569,0.869948654,-1.76071315,-4.36440872,-23.711969,True,True
NGC 6624,-521.1,277.86037,-32.9678794,8.15823602,1.16007022,-10.5484213,-0.107099703,0.162372357,-1.49321797,0.194512541,1.50583367,-8.76444473,63.6274114,-1.36773659,-1.70861153,-4.38522917,-23.2078684,True,True
NGC 6624,-521.2,277.833772,-33.0080498,8.15894537,1.11341538,-10.5456604,-0.106200317,0.155857761,-1.49296362,0.188600501,1.50482907,-8.82367504,63.7700321,-3.60641387,-1.6566642,-4.40618293,-22.7033413,True,True
NGC 6624,-521.3,277.805396,-33.0476124,8.15962313,1.06666676,-10.5413054,-0.105294914,0.149328878,-1.49248027,0.182718726,1.50362345,-8.88211487,63.9068219,-5.84625197,-1.60486692,-4.4272749,-22.1985634,True,True
NGC 6624,-521.4,277.775239,-33.0865624,8.16026931,1.01982883,-10.535356,-0.104383574,0.142786303,-1.49176777,0.176872436,1.50221668,-8.93978857,64.0377817,-8.0874202,-1.55321549,-4.44851007,-21.6937099,True,True
NGC 6624,-521.5,277.743301,-33.1248951,8.16088392,0.972906008,-10.5278114,-0.103466373,0.136230633,-1.49082599,0.17106746,1.50060862,-8.9967203,64.1629099,-10.3300883,-1.50170576,-4.46989347,-21.1889565,True,True
NGC 6624,-521.6,277.709582,-33.1626054,8.16146697,0.925902756,-10.5186709,-0.102543387,0.129662464,-1.48965477,0.165310317,1.49879913,-9.05293402,64.2822025,-12.5744268,-1.45033362,-4.49143019,-20.6844785,True,True
NGC 6624,-521.7,277.674081,-33.1996882,8.16201852,0.878823516,-10.5079334,-0.101614688,0.123082394,-1.48825393,0.159608335,1.49678808,-9.10845354,64.3956534,-14.8206066,-1.399095,-4.51312539,-20.1804519,True,True
NGC 6624,-521.8,277.636797,-33.2361383,8.16253862,0.831672736,-10.4955979,-0.100680345,0.11649102,-1.48662326,0.153969768,1.49457533,-9.16330254,64.5032539,-17.0687993,-1.34798586,-4.53498431,-19.6770525,True,True
NGC 6624,-521.9,277.59773,-33.2719501,8.16302735,0.78445487,-10.4816632,-0.0997404257,0.109888941,-1.48476256,0.148403949,1.49216071,-9.2175046,64.6049931,-19.3191774,-1.29700221,-4.55701224,-19.174457,True,True
NGC 6624,-522,277.556878,-33.3071182,8.1634848,0.737174376,-10.4661277,-0.0987949954,0.103276758,-1.48267159,0.142921446,1.48954408,-9.2710832,64.7008576,-21.5719141,-1.24614011,-4.57921454,-18.6728422,True,True
NGC 6624,-522.1,277.51424,-33.3416367,8.16391108,0.689835723,-10.4489898,-0.0978441163,0.0966550713,-1.4803501,0.137534265,1.48672529,-9.32406176,64.7908316,-23.8271832,-1.19539565,-4.60159665,-18.1723857,True,True
NGC 6624,-522.2,277.469815,-33.3754998,8.1643063,0.642443387,-10.4302479,-0.0968878488,0.090024485,-1.47779783,0.132256051,1.48370417,-9.37646368,64.8748969,-26.0851599,-1.14476496,-4.62416407,-17.6732658,True,True
NGC 6624,-522.3,277.423602,-33.4087014,8.16467063,0.595001857,-10.4099,-0.0959262505,0.0833856042,-1.47501448,0.127102339,1.48048057,-9.42831233,64.9530328,-28.3460197,-1.09424421,-4.64692239,-17.1756616,True,True
NGC 6624,-522.4,277.375599,-33.4412353,8.1650042,0.547515634,-10.3879441,-0.0949593769,0.0767390366,-1.47199976,0.122090798,1.47705432,-9.47963109,65.0252161,-30.6099395,-1.04382964,-4.66987726,-16.6797531,True,True
NGC 6624,-522.5,277.325805,-33.4730951,8.1653072,0.499989236,-10.3643778,-0.093987281,0.0700853921,-1.46875334,0.117241508,1.47342524,-9.5304434,65.0914211,-32.8770971,-0.993517506,-4.69303441,-16.1857214,True,True
NGC 6624,-522.6,277.274219,-33.5042742,8.16557982,0.452427196,-10.3391988,-0.0930100133,0.0634252837,-1.46527488,0.112577214,1.46959318,-9.58077276,65.1516193,-35.1476713,-0.943304122,-4.71639966,-15.6937485,True,True
NGC 6624,-522.7,277.220839,-33.534766,8.16582227,0.404834068,-10.3124046,-0.0920276221,0.0567593272,-1.46156403,0.108123561,1.46555795,-9.63064273,65.2057797,-37.4218422,-0.893185843,-4.7399789,-15.204018,True,True
NGC 6624,-522.8,277.165663,-33.5645634,8.16603478,0.357214424,-10.2839924,-0.0910401531,0.0500881419,-1.4576204,0.103909246,1.46131939,-9.68007702,65.2538689,-39.6997909,-0.843159076,-4.7637781,-14.7167144,True,True
NGC 6624,-522.9,277.10869,-33.5936595,8.16621758,0.30957286,-10.2539593,-0.0900476497,0.0434123504,-1.4534436,0.0999660512,1.45687731,-9.72909948,65.2958503,-41.9816999,-0.793220271,-4.78780333,-14.2320241,True,True
NGC 6624,-523,277.049917,-33.622047,8.16637094,0.261913998,-10.2223023,-0.0890501528,0.0367325794,-1.44903322,0.0963286671,1.45223155,-9.77773411,65.3316848,-44.2677527,-0.743365932,-4.81206074,-13.7501348,True,True
NGC 6624,-523.1,276.989344,-33.6497184,8.16649514,0.214242484,-10.1890182,-0.0880477008,0.0300494597,-1.44438882,0.0930342283,1.44738192,-9.82600512,65.3613304,-46.5581342,-0.69359261,-4.83655655,-13.2712359,True,True
NGC 6624,-523.2,276.926968,-33.6766661,8.16659047,0.166562995,-10.1541035,-0.0870403295,0.0233636264,-1.43950995,0.0901214625,1.44232825,-9.87393696,65.3847422,-48.8530308,-0.643896909,-4.8612971,-12.7955188,True,True
NGC 6624,-523.3,276.862787,-33.7028823,8.16665725,0.118880238,-10.1175548,-0.0860280725,0.0166757196,-1.43439614,0.0876293836,1.43707035,-9.92155432,65.4018723,-51.1526302,-0.594275488,-4.8862888,-12.3231766,True,True
NGC 6624,-523.4,276.7968,-33.7283589,8.16669581,0.0711989511,-10.0793684,-0.0850109605,0.00998638424,-1.4290469,0.0855955096,1.43160806,-9.96888218,65.4126699,-53.4571214,-0.544725059,-4.91153817,-11.8544045,True,True
NGC 6624,-523.5,276.729004,-33.7530878,8.1667065,0.0235239108,-10.0395403,-0.0839890219,0.00329627066,-1.42346172,0.0840536805,1.42594119,-10.0159459,65.417081,-55.766695,-0.495242391,-4.93705183,-11.3894,True,True
NGC 6624,-523.6,276.659397,-33.7770606,8.16668969,-0.0241400709,-9.99806655,-0.0829622824,-0.00339396508,-1.41764006,0.0830316765,1.42006958,-10.062771,65.4150484,-58.0815431,-0.445824313,-4.96283648,-10.9283627,True,True
NGC 6624,-523.7,276.587976,-33.8002686,8.16664577,-0.071788142,-9.95494291,-0.0819307651,-0.0100836609,-1.41158139,0.0825489581,1.41399305,-10.1093837,65.4065116,-60.4018593,-0.396467715,-4.98889894,-10.4714948,True,True
NGC 6624,-523.8,276.514741,-33.8227031,8.16657514,-0.119415408,-9.910165,-0.0808944904,-0.0167721483,-1.40528513,0.0826149111,1.40771144,-10.1558103,65.3914068,-62.7278386,-0.347169549,-5.01524611,-10.019001,True,True
NGC 6624,-523.9,276.439689,-33.844355,8.16647824,-0.167016931,-9.86372829,-0.079853476,-0.0234587523,-1.39875068,0.0832279441,1.4012246,-10.2020779,65.3696669,-65.0596778,-0.297926835,-5.04188504,-9.57108863,True,True
NGC 6624,-524,276.362816,-33.8652151,8.16635549,-0.214587724,-9.81562805,-0.0788077367,-0.0301427906,-1.39197745,0.0843756315,1.39453235,-10.2482138,65.341221,-67.3975751,-0.24873666,-5.06882283,-9.12796798,True,True
NGC 6624,-524.1,276.284122,-33.885274,8.16620738,-0.262122751,-9.7658594,-0.0777572847,-0.0368235736,-1.38496481,0.0860358699,1.38763457,-10.2942459,65.3059947,-69.7417305,-0.199596184,-5.09606674,-8.68985226,True,True
NGC 6624,-524.2,276.203604,-33.9045219,8.16603439,-0.309616926,-9.71441729,-0.0767021292,-0.0435004039,-1.37771209,0.0881788056,1.3805311,-10.3402028,65.2639097,-72.0923455,-0.150502642,-5.12362412,-8.25695782,True,True
NGC 6624,-524.3,276.121259,-33.9229491,8.16583701,-0.357065105,-9.6612965,-0.0756422762,-0.0501725759,-1.37021864,0.090769165,1.37322181,-10.3861136,65.2148839,-74.4496231,-0.101453347,-5.15150243,-7.8295043,True,True
NGC 6624,-524.4,276.037086,-33.9405454,8.16561579,-0.404462088,-9.60649162,-0.0745777291,-0.0568393753,-1.36248375,0.0937686102,1.3657066,-10.4320082,65.1588313,-76.813768,-0.0524456956,-5.17970927,-7.40771477,True,True
NGC 6624,-524.5,275.951081,-33.9573004,8.16537126,-0.451802614,-9.5499971,-0.0735084879,-0.0635000789,-1.35450672,0.097137829,1.35798535,-10.4779169,65.0956617,-79.1849867,-0.00347717016,-5.20825233,-6.99181591,True,True
NGC 6624,-524.6,275.863242,-33.9732037,8.16510399,-0.499081358,-9.49180719,-0.0724345493,-0.0701539543,-1.34628681,0.100838193,1.35005797,-10.5238711,65.0252804,-81.5634868,0.0454546554,-5.23713945,-6.58203816,True,True
NGC 6624,-524.7,275.773568,-33.9882443,8.16481457,-0.546292928,-9.43191599,-0.0713559071,-0.0768002587,-1.33782327,0.10483294,1.34192438,-10.5699027,64.9475886,-83.9494779,0.0943521111,-5.26637858,-6.17861591,True,True
NGC 6624,-524.8,275.682056,-34.0024112,8.16450362,-0.593431862,-9.37031741,-0.0702725519,-0.0834382393,-1.32911532,0.109087906,1.33358453,-10.6160447,64.8624828,-86.3431708,0.143217424,-5.29597778,-5.78178765,True,True
NGC 6624,-524.9,275.588703,-34.0156932,8.16417176,-0.640492624,-9.30700521,-0.0691844706,-0.0900671323,-1.32016216,0.113571912,1.32503838,-10.662331,64.7698547,-88.7447778,0.192052716,-5.32594528,-5.39179616,True,True
NGC 6624,-525,275.493507,-34.0280786,8.16381967,-0.687469603,-9.24197295,-0.0680916467,-0.0966861627,-1.31096297,0.118256866,1.31628591,-10.7087961,64.6695913,-91.1545125,0.240859992,-5.3562894,-5.00888871,True,True
NGC 6624,-525.1,275.396466,-34.0395558,8.16344801,-0.734357104,-9.17521406,-0.0669940601,-0.103294544,-1.30151691,0.123117695,1.30732713,-10.7554759,64.5615744,-93.5725898,0.289641139,-5.3870186,-4.63331724,True,True
NGC 6624,-525.2,275.297577,-34.0501125,8.16305749,-0.781149351,-9.10672175,-0.0658916869,-0.109891476,-1.29182311,0.128132162,1.29816209,-10.8024073,64.4456804,-95.9992257,0.338397913,-5.4181415,-4.26533854,True,True
NGC 6624,-525.3,275.196839,-34.0597366,8.16264884,-0.82784048,-9.0364891,-0.0647844996,-0.116476147,-1.2818807,0.133280622,1.28879084,-10.8496283,64.3217805,-98.4346374,0.387131935,-5.44966682,-3.9052145,True,True
NGC 6624,-525.4,275.094249,-34.0684154,8.16222282,-0.874424532,-8.96450899,-0.0636724664,-0.123047732,-1.27168875,0.138545759,1.27921351,-10.8971781,64.18974,-100.879043,0.435844679,-5.48160343,-3.55321229,True,True
NGC 6624,-525.5,274.989804,-34.076136,8.16178019,-0.920895455,-8.89077415,-0.0625555517,-0.12960539,-1.26124634,0.143912314,1.26943022,-10.9450971,64.0494184,-103.33266,0.484537465,-5.51396035,-3.20960458,True,True
NGC 6624,-525.6,274.883504,-34.0828854,8.16132177,-0.967247095,-8.81527714,-0.0614337156,-0.136148268,-1.25055251,0.149366838,1.25944116,-10.9934272,63.9006691,-105.795709,0.533211444,-5.54674673,-2.87466978,True,True
NGC 6624,-525.7,274.775345,-34.0886501,8.16084838,-1.01347319,-8.73801034,-0.0603069138,-0.142675496,-1.2396063,0.154897453,1.24924657,-11.0422118,63.7433389,-108.268409,0.581867593,-5.57997184,-2.54869225,True,True
NGC 6624,-525.8,274.665326,-34.0934164,8.16036089,-1.05956738,-8.65896598,-0.0591750976,-0.149186188,-1.22840669,0.160493647,1.23884673,-11.0914956,63.5772684,-110.750979,0.630506695,-5.61364512,-2.23196256,True,True
NGC 6624,-525.9,274.553446,-34.0971704,8.15986017,-1.10552318,-8.57813611,-0.0580382136,-0.155679442,-1.21695268,0.166146089,1.22824197,-11.1413251,63.4022909,-113.243638,0.679129331,-5.64777612,-1.92477774,True,True
NGC 6624,-526,274.439701,-34.0998977,8.15934713,-1.15133398,-8.49551263,-0.0568962035,-0.162154337,-1.20524321,0.171846464,1.21743271,-11.1917482,63.2182326,-115.746604,0.727735861,-5.68237456,-1.6274415,True,True
NGC 6624,-526.1,274.324091,-34.1015839,8.15882273,-1.19699305,-8.41108728,-0.0557490042,-0.168609937,-1.19327723,0.177587337,1.20641941,-11.242815,63.0249124,-118.260094,0.77632641,-5.71745027,-1.34026455,True,True
NGC 6624,-526.2,274.206613,-34.102214,8.15828792,-1.24249355,-8.32485164,-0.0545965471,-0.175045284,-1.18105364,0.183362031,1.19520263,-11.2945771,62.8221412,-120.784324,0.824900846,-5.75301323,-1.06356486,True,True
NGC 6624,-526.3,274.087268,-34.1017729,8.15774371,-1.28782847,-8.23679714,-0.0534387584,-0.181459402,-1.16857133,0.189164519,1.18378299,-11.3470884,62.6097218,-123.319507,0.873458763,-5.78907354,-0.797667883,True,True
NGC 6624,-526.4,273.966052,-34.1002452,8.15719112,-1.33299068,-8.14691506,-0.0522755587,-0.187851293,-1.15582918,0.194989339,1.17216123,-11.4004047,62.3874486,-125.865854,0.921999461,-5.82564145,-0.542906937,True,True
NGC 6624,-526.5,273.842965,-34.0976149,8.15663123,-1.3779729,-8.05519652,-0.0511068626,-0.194219939,-1.14282604,0.200831512,1.16033816,-11.4545841,62.1551071,-128.423572,0.970521916,-5.8627273,-0.299623435,True,True
NGC 6624,-526.6,273.718007,-34.093866,8.15606512,-1.42276768,-7.96163251,-0.0499325787,-0.200564299,-1.12956072,0.206686478,1.14831473,-11.5096869,61.9124736,-130.992864,1.01902476,-5.90034159,-0.0681672208,True,True
NGC 6624,-526.7,273.591175,-34.0889821,8.15549393,-1.46736743,-7.8662139,-0.0487526096,-0.206883308,-1.11603204,0.212550041,1.136092,-11.5657759,61.6593146,-133.573927,1.06750624,-5.9384949,0.15110312,True,True
NGC 6624,-526.8,273.462471,-34.0829464,8.1549188,-1.51176438,-7.76893141,-0.0475668509,-0.213175878,-1.10223878,0.218418315,1.12367116,-11.6229167,61.3953869,-136.166954,1.11596421,-5.97719794,0.357819938,True,True
NGC 6624,-526.9,273.331892,-34.0757418,8.15434094,-1.55595058,-7.66977565,-0.0463751918,-0.219440894,-1.0881797,0.224287682,1.11105357,-11.6811773,61.1204366,-138.772128,1.16439607,-6.01646148,0.551606185,True,True
NGC 6624,-527,273.199439,-34.0673511,8.15376158,-1.5999179,-7.56873712,-0.0451775139,-0.225677216,-1.07385357,0.23015476,1.09824073,-11.7406287,60.8341988,-141.389625,1.21279873,-6.05629639,0.732075074,True,True
NGC 6624,-527.1,273.065113,-34.0577563,8.15318198,-1.64365803,-7.46580621,-0.0439736919,-0.231883675,-1.0592591,0.236016365,1.08523434,-11.801345,60.5363973,-144.019611,1.26116858,-6.09671362,0.898829734,True,True
NGC 6624,-527.2,272.928913,-34.0469394,8.15260346,-1.68716245,-7.36097323,-0.0427635924,-0.238059074,-1.04439501,0.241869485,1.07203628,-11.8634032,60.2267441,-146.66224,1.30950145,-6.13772415,1.05146286,True,True
NGC 6624,-527.3,272.79084,-34.0348821,8.15202734,-1.73042241,-7.25422838,-0.041547074,-0.244202186,-1.02926001,0.247711257,1.05864869,-11.9268839,59.9049385,-149.317651,1.35779252,-6.17933899,1.18955636,True,True
NGC 6624,-527.4,272.650895,-34.0215656,8.15145503,-1.77342899,-7.14556184,-0.0403239871,-0.250311751,-1.01385278,0.253538945,1.0450739,-11.991871,59.5706671,-151.985971,1.40603629,-6.22156916,1.31268099,True,True
NGC 6624,-527.5,272.509079,-34.0069708,8.15088793,-1.816173,-7.03496369,-0.0390941732,-0.256386479,-0.998171988,0.25934992,1.03131455,-12.0584519,59.2236029,-154.667304,1.45422652,-6.26442565,1.42039601,True,True
NGC 6624,-527.6,272.365395,-33.9910783,8.15032751,-1.85864503,-6.92242403,-0.0378574646,-0.262425043,-0.982216305,0.265141643,1.01737356,-12.1267183,58.863405,-157.361737,1.50235614,-6.30791942,1.5122488,True,True
NGC 6624,-527.7,272.219844,-33.9738684,8.14977528,-1.90083542,-6.8079329,-0.0366136841,-0.268426083,-0.965984386,0.270911653,1.00325418,-12.1967653,58.4897176,-160.069331,1.55041717,-6.3520613,1.58777455,True,True
NGC 6624,-527.8,272.072428,-33.9553209,8.1492328,-1.94273426,-6.69148037,-0.0353626445,-0.2743882,-0.949474885,0.276657551,0.988960038,-12.2686925,58.10217,-162.790121,1.59840063,-6.39686201,1.64649586,True,True
NGC 6624,-527.9,271.923151,-33.9354156,8.14870165,-1.98433135,-6.57305656,-0.0341041482,-0.280309956,-0.932686449,0.28237699,0.97449514,-12.3426037,57.7003755,-165.524108,1.64629648,-6.44233208,1.68792245,True,True
NGC 6624,-528,271.772017,-33.9141316,8.14818348,-2.02561623,-6.45265161,-0.0328379869,-0.286189875,-0.915617732,0.288067663,0.959863954,-12.4186074,57.2839311,-168.27126,1.69409343,-6.48848178,1.71155087,True,True
NGC 6624,-528.1,271.61903,-33.891448,8.14767998,-2.06657814,-6.3302558,-0.0315639409,-0.292026437,-0.89826739,0.293727293,0.94507144,-12.4968166,56.852417,-171.031501,1.74177889,-6.53532107,1.71686415,True,True
NGC 6624,-528.2,271.464193,-33.8673434,8.14719288,-2.10720601,-6.20585952,-0.0302817785,-0.297818079,-0.880634091,0.299353627,0.930123108,-12.577349,56.4053956,-173.804711,1.78933879,-6.58285952,1.70333161,True,True
NGC 6624,-528.3,271.307514,-33.8417962,8.14672397,-2.14748846,-6.07945334,-0.0289912559,-0.30356319,-0.862716516,0.304944427,0.915025076,-12.6603277,55.9424116,-176.590713,1.83675744,-6.6311062,1.67040862,True,True
NGC 6624,-528.4,271.148997,-33.8147845,8.1462751,-2.18741376,-5.95102805,-0.0276921165,-0.309260115,-0.844513368,0.310497459,0.899784142,-12.7458806,55.462991,-179.389273,1.88401732,-6.68006959,1.61753645,True,True
NGC 6624,-528.5,270.988651,-33.7862861,8.14584815,-2.22696987,-5.8205747,-0.0263840902,-0.314907148,-0.82602338,0.316010494,0.884407856,-12.834141,54.9666409,-182.200083,1.93109894,-6.72975744,1.54414222,True,True
NGC 6624,-528.6,270.826482,-33.7562787,8.14544507,-2.26614435,-5.68808468,-0.0250668931,-0.320502531,-0.807245315,0.321481293,0.86890461,-12.9252474,54.4528492,-185.022759,1.97798058,-6.78017665,1.44963889,True,True
NGC 6624,-528.7,270.6625,-33.7247396,8.14506785,-2.30492443,-5.55354979,-0.0237402267,-0.326044454,-0.788177986,0.326907608,0.853283728,-13.019344,53.9210842,-187.856823,2.02463805,-6.83133306,1.33342536,True,True
NGC 6624,-528.8,270.496714,-33.691646,8.14471856,-2.34329692,-5.41696229,-0.0224037778,-0.331531049,-0.768820255,0.332287174,0.837555581,-13.1165801,53.3707946,-190.701695,2.07104439,-6.8832313,1.19488675,True,True
NGC 6624,-528.9,270.329136,-33.6569751,8.14439931,-2.38124824,-5.278315,-0.0210572172,-0.336960395,-0.749171052,0.337617704,0.821731696,-13.2171106,52.8014095,-193.556678,2.1171696,-6.93587454,1.0333948,True,True
NGC 6624,-529,270.159778,-33.6207039,8.14411227,-2.41876441,-5.13760141,-0.0197002,-0.342330507,-0.729229385,0.342896885,0.8058249,-13.3210957,52.2123388,-196.420937,2.16298021,-6.98926423,0.848308478,True,True
NGC 6624,-529.1,269.988653,-33.5828092,8.14385967,-2.455831,-4.99481577,-0.0183323645,-0.347639342,-0.708994353,0.348122374,0.789849467,-13.4287007,51.6029736,-199.293487,2.20843894,-7.04339981,0.638974854,True,True
NGC 6624,-529.2,269.815777,-33.543268,8.14364381,-2.49243316,-4.84995322,-0.0169533317,-0.352884792,-0.688465167,0.353291794,0.773821283,-13.5400956,50.9726874,-202.173162,2.25350422,-7.09827831,0.404730227,True,True
NGC 6624,-529.3,269.641166,-33.5020575,8.14346704,-2.52855557,-4.70300996,-0.0155627053,-0.358064684,-0.667641166,0.358402729,0.757758037,-13.655455,50.3208372,-205.058599,2.29812963,-7.15389402,0.144901629,True,True
NGC 6624,-529.4,269.46484,-33.4591548,8.14333177,-2.56418246,-4.55398338,-0.0141600705,-0.363176781,-0.64652184,0.363452723,0.741679426,-13.7749573,49.6467654,-207.948203,2.34226338,-7.21023794,-0.14119126,True,True
NGC 6624,-529.5,269.286818,-33.4145374,8.14324048,-2.59929759,-4.40287224,-0.0127449946,-0.368218774,-0.625106855,0.368439276,0.725607388,-13.8987842,48.9498025,-210.840117,2.38584758,-7.26729725,-0.45423367,True,True
NGC 6624,-529.6,269.107125,-33.3681832,8.14319572,-2.63388422,-4.24967693,-0.0113170257,-0.373188289,-0.603396084,0.373359845,0.709566352,-14.0271194,48.2292701,-213.732182,2.42881752,-7.32505468,-0.794912722,True,True
NGC 6624,-529.7,268.925784,-33.3200707,8.14320009,-2.66792514,-4.09439966,-0.00987569343,-0.37808288,-0.581389635,0.378211836,0.693583521,-14.1601478,47.4844855,-216.621896,2.47110078,-7.38348776,-1.16391368,True,True
NGC 6624,-529.8,268.742826,-33.2701789,8.14325625,-2.70140266,-3.93704474,-0.00842050833,-0.382900031,-0.559087893,0.382992609,0.67768917,-14.2980539,46.7147666,-219.506361,2.51261629,-7.44256794,-1.56191536,True,True
NGC 6624,-529.9,268.558279,-33.2184878,8.14336694,-2.7342986,-3.77761893,-0.0069509622,-0.387637159,-0.536491562,0.387699475,0.661916973,-14.4410199,45.9194393,-222.382228,2.55327318,-7.5022596,-1.98958446,True,True
NGC 6624,-530,268.372181,-33.1649785,8.14353493,-2.7665943,-3.61613175,-0.00546652841,-0.392291609,-0.513601715,0.392329695,0.646304349,-14.5892237,45.097845,-225.245632,2.59296957,-7.5625189,-2.44756878,True,True
NGC 6624,-530.1,268.184568,-33.1096333,8.14376307,-2.79827067,-3.45259592,-0.00396666245,-0.396860664,-0.490419849,0.396880488,0.630892819,-14.7428363,44.2493514,-228.092116,2.6315911,-7.6232924,-2.93648894,True,True
NGC 6624,-530.2,267.995483,-33.0524363,8.14405426,-2.82930816,-3.2870278,-0.0024508029,-0.401341542,-0.46694795,0.401349025,0.615728372,-14.9020182,43.3733649,-230.916546,2.66900941,-7.68451559,-3.45692857,True,True
NGC 6624,-530.3,267.804974,-32.9933734,8.14441143,-2.85968684,-3.11944796,-0.000918372529,-0.405731402,-0.443188569,0.405732442,0.600861816,-15.0669167,42.4693447,-233.713014,2.70508026,-7.74611106,-4.00942238,True,True
NGC 6624,-530.4,267.613093,-32.932433,8.14483758,-2.88938641,-2.94988172,0.000631220105,-0.410027353,-0.419144904,0.410027839,0.586349111,-15.2376608,41.5368215,-236.474727,2.73964157,-7.8079865,-4.59444217,True,True
NGC 6624,-530.5,267.419899,-32.869606,8.14533573,-2.91838629,-2.77835989,0.00219857857,-0.41422646,-0.394820901,0.414232295,0.572251639,-15.4143569,40.5754175,-239.193891,2.77251121,-7.87003245,-5.21238012,True,True
NGC 6624,-530.6,267.225456,-32.804887,8.14590891,-2.9466657,-2.60491952,0.00378431585,-0.418325754,-0.370221358,0.418342871,0.558636386,-15.5970833,39.5848704,-241.861564,2.80348451,-7.93211973,-5.86352926,True,True
NGC 6624,-530.7,267.029836,-32.7382743,8.14656021,-2.97420369,-2.42960478,0.00538905112,-0.422322248,-0.345352051,0.42235663,0.545575992,-15.7858841,38.5650614,-244.467517,2.83233167,-7.99409661,-6.54806053,True,True
NGC 6624,-530.8,266.833121,-32.6697707,8.14729268,-3.00097935,-2.25246797,0.00701340624,-0.42621295,-0.320219878,0.426270649,0.533148607,-15.980763,37.5160454,-247.000069,2.858795,-8.05578577,-7.26599598,True,True
NGC 6624,-530.9,266.635398,-32.5993846,8.14810937,-3.02697188,-2.07357059,0.00865800104,-0.429994884,-0.29483301,0.43008204,0.521437499,-16.1816764,36.4380848,-249.445927,2.88258618,-8.11698114,-8.01717798,True,True
NGC 6624,-531,266.436768,-32.5271303,8.14901329,-3.05216078,-1.89298457,0.0103234481,-0.433665115,-0.269201068,0.433787973,0.510530332,-16.3885264,35.3316851,-251.790027,2.9033837,-8.1774447,-8.80123396,False,False
NGC 6624,-531.1,266.237342,-32.4530293,8.15000739,-3.07652604,-1.71079358,0.0120103472,-0.43722077,-0.24333531,0.4373857,0.500518055,-16.6011545,34.1976321,-254.015404,2.92083105,-8.23690367,-9.61753655,False,False
NGC 6624,-531.2,266.037241,-32.3771116,8.15109456,-3.10004835,-1.52709442,0.013719278,-0.440659076,-0.21724883,0.440872589,0.49149333,-16.8193348,33.0370266,-256.103119,2.93453603,-8.29504842,-10.4651593,False,False
NGC 6624,-531.3,265.836603,-32.2994158,8.15227752,-3.12270935,-1.34199843,0.015450794,-0.443977388,-0.190956758,0.444246157,0.483548479,-17.0427695,31.8513172,-258.032277,2.94407236,-8.35153191,-11.3428288,False,False
NGC 6624,-531.4,265.635578,-32.2199912,8.15355888,-3.14449188,-1.15563279,0.0172054141,-0.447173228,-0.164476456,0.447504103,0.47677293,-17.271085,30.6423253,-259.780229,2.9489849,-8.40597158,-12.2488754,False,False
NGC 6624,-531.5,265.434331,-32.138898,8.15494103,-3.16538027,-0.96814164,0.0189836149,-0.450244324,-0.137827672,0.450644349,0.471250248,-17.5038307,29.4122591,-261.323007,2.94880013,-8.45795498,-13.1811856,False,False
NGC 6624,-531.6,265.233044,-32.0562085,8.15642612,-3.18536061,-0.7796867,0.0207858234,-0.453188652,-0.111032643,0.45366508,0.467054871,-17.7404804,28.1637143,-262.63611,2.9430438,-8.50705065,-14.137163,False,False
NGC 6624,-531.7,265.031912,-31.9720069,8.15801599,-3.20442102,-0.590447228,0.0226124087,-0.45600447,-0.0841160883,0.456564779,0.464248763,-17.9804361,26.8996548,-263.695693,2.931267,-8.55282507,-15.1137064,False,False
NGC 6624,-531.8,264.831145,-31.8863895,8.15971216,-3.22255191,-0.400618934,0.0244636757,-0.458690356,-0.0571050679,0.459342263,0.462878281,-18.2230363,25.6233725,-264.480148,2.91308033,-8.59486599,-16.1072168,False,False
NGC 6624,-531.9,264.630963,-31.7994638,8.16151574,-3.23974621,-0.21041167,0.0263398587,-0.461245241,-0.0300286585,0.461996711,0.462971577,-18.4675655,24.3384248,-264.971953,2.88819287,-8.63281021,-17.1136452,False,False
NGC 6624,-532,264.431593,-31.7113463,8.16342741,-3.2559995,-0.0200457531,0.0282411165,-0.463668429,-0.00291744142,0.464527688,0.464536849,-18.7132682,23.0485509,-265.159477,2.85644972,-8.66637171,-18.1285877,False,False
NGC 6624,-532.1,264.233264,-31.6221603,8.16544739,-3.27131013,0.170252851,0.0301675295,-0.46595961,0.024197175,0.466935154,0.467561698,-18.9593636,21.757572,-265.038351,2.8178591,-8.69536443,-19.1474263,False,False
NGC 6624,-532.2,264.036201,-31.532033,8.16757543,-3.28567922,0.360258063,0.0321190973,-0.468118867,0.0512837351,0.469219469,0.472013699,-19.2050614,20.4692846,-264.612035,2.77260155,-8.71971418,-20.1654985,False,False
NGC 6624,-532.3,263.840619,-31.4410925,8.16981081,-3.29911063,0.549749284,0.0340957392,-0.470146664,0.0783115241,0.47138138,0.477842129,-19.4495784,19.1873556,-263.891407,2.72101768,-8.73945692,-21.178273,False,False
NGC 6624,-532.4,263.646721,-31.3494645,8.17215237,-3.31161079,0.738516347,0.0360972952,-0.47204383,0.105251268,0.473422002,0.484980641,-19.6921534,17.9152286,-262.893504,2.66357762,-8.7547245,-22.1815027,False,False
NGC 6624,-532.5,263.454692,-31.2572701,8.17459852,-3.32318855,0.926363357,0.0381235292,-0.473811531,0.132075676,0.475342792,0.493350539,-19.9320615,16.6560508,-261.639739,2.60083991,-8.76572231,-23.1713378,False,False
NGC 6624,-532.6,263.264695,-31.1646244,8.17714734,-3.33385493,1.11311117,0.0401741334,-0.475451237,0.158759789,0.477145512,0.502864306,-20.168625,15.412621,-260.154023,2.53340888,-8.77270457,-24.1443909,False,False
NGC 6624,-532.7,263.076878,-31.0716351,8.17979657,-3.34362282,1.2985986,0.0422487336,-0.476964686,0.18528115,0.478832191,0.513429032,-20.401223,14.1873622,-258.461103,2.46189756,-8.77595156,-25.0977595,False,False
NGC 6624,-532.8,262.891362,-30.978402,8.18254369,-3.35250676,1.48268251,0.0443468949,-0.478353844,0.211619819,0.480405086,0.524949516,-20.6292971,12.9823137,-256.585298,2.38689989,-8.77575165,-26.029015,False,False
NGC 6624,-532.9,262.708255,-30.8850173,8.18538597,-3.36052263,1.6652372,0.0464681291,-0.479620866,0.237758283,0.481866643,0.537330869,-20.8523558,11.7991404,-254.54964,2.30897228,-8.77238858,-26.9361716,False,False
NGC 6624,-533,262.527643,-30.7915655,8.18832052,-3.36768738,1.84615331,0.048611901,-0.480768059,0.263681299,0.483219457,0.550480582,-21.0699748,10.6391544,-252.375389,2.22862357,-8.76613338,-27.8176439,False,False
NGC 6624,-533.1,262.349599,-30.6981239,8.19134427,-3.3740188,2.02533636,0.0507776353,-0.481797849,0.289375694,0.484466238,0.564310046,-21.2817962,9.50334386,-250.081811,2.14631091,-8.75723994,-28.6722002,False,False
NGC 6624,-533.2,262.174179,-30.6047633,8.19445411,-3.3795353,2.20270539,0.0529647236,-0.482712745,0.314830163,0.485609777,0.578735594,-21.487526,8.39240719,-247.686142,2.06243981,-8.74594307,-29.4989168,False,False
NGC 6624,-533.3,262.00143,-30.5115481,8.1976468,-3.38425567,2.37819142,0.0551725305,-0.483515316,0.340035062,0.486652924,0.593679132,-21.6869302,7.30678828,-245.203658,1.97736652,-8.73245816,-30.2971348,False,False
NGC 6624,-533.4,261.831385,-30.4185374,8.2009191,-3.38819896,2.55173615,0.0574003993,-0.484208164,0.364982217,0.487598556,0.609068445,-21.8798293,6.24671165,-242.647817,1.89140187,-8.71698177,-31.0664214,False,False
NGC 6624,-533.5,261.664069,-30.3257849,8.20426773,-3.3913843,2.72329064,0.0596476578,-0.484793905,0.38966474,0.488449561,0.624837246,-22.0660939,5.21221574,-240.030415,1.80481558,-8.69969276,-31.806534,False,False
NGC 6624,-533.6,261.499497,-30.2333398,8.20768938,-3.39383079,2.89281419,0.0619136227,-0.485275151,0.414076876,0.48920882,0.640925057,-22.2456385,4.20318364,-237.361766,1.71784064,-8.68075359,-32.517391,False,False
NGC 6624,-533.7,261.337679,-30.1412469,8.21118078,-3.39555739,3.06027334,0.0641976041,-0.485654495,0.438213854,0.48987919,0.65727696,-22.4184166,3.21937078,-234.650859,1.63067763,-8.66031176,-33.1990442,False,False
NGC 6624,-533.8,261.178619,-30.0495475,8.21473866,-3.39658282,3.2256409,0.066498909,-0.485934497,0.462071761,0.490463496,0.67384327,-22.5844151,2.26042944,-231.905519,1.5434986,-8.63850117,-33.8516561,False,False
NGC 6624,-533.9,261.022313,-29.958279,8.2183598,-3.39692552,3.38889521,0.0688168447,-0.486117682,0.485647432,0.490964519,0.690579168,-22.7436497,1.32593,-229.13255,1.45645073,-8.61544345,-34.4754805,False,False
NGC 6624,-534,260.868755,-29.8674759,8.222041,-3.3966036,3.55001941,0.0711507212,-0.486206523,0.508938351,0.491384989,0.707444311,-22.8961605,0.415379388,-226.337857,1.36965946,-8.59124913,-35.0708453,False,False
NGC 6624,-534.1,260.717936,-29.7771698,8.2257791,-3.39563477,3.70900083,0.0734998539,-0.486203442,0.531942563,0.491727583,0.724402448,-23.0420077,-0.471763435,-223.526565,1.28323135,-8.56601877,-35.6381383,False,False
NGC 6624,-534.2,260.569841,-29.6873896,8.22957101,-3.39403631,3.86583044,0.075863565,-0.486110805,0.554658604,0.491994914,0.741421043,-23.1812681,-1.33607428,-220.703113,1.19725658,-8.53984395,-36.1777951,False,False
NGC 6624,-534.3,260.424454,-29.5981618,8.23341369,-3.39182509,4.02050239,0.0782411854,-0.485930916,0.577085432,0.492189535,0.758470919,-23.314032,-2.1781528,-217.871346,1.11181112,-8.51280815,-36.6902886,False,False
NGC 6624,-534.4,260.281757,-29.509511,8.23730415,-3.38901751,4.1730136,0.0806320558,-0.485666018,0.59922237,0.492313934,0.775525923,-23.4404005,-2.99861342,-215.034589,1.02695862,-8.48498757,-37.1761204,False,False
NGC 6624,-534.5,260.141729,-29.4214593,8.24123945,-3.38562952,4.32336337,0.0830355276,-0.485318289,0.621069058,0.492370531,0.792562625,-23.5604828,-3.79807796,-212.195715,0.942752052,-8.45645187,-37.6358137,False,False
NGC 6624,-534.6,260.004349,-29.3340275,8.24521674,-3.38167661,4.4715531,0.0854509639,-0.484889844,0.64262541,0.492361684,0.809560032,-23.6743946,-4.5771696,-209.3572,0.859235165,-8.42726475,-38.0699071,False,False
NGC 6624,-534.7,259.869593,-29.2472345,8.24923321,-3.37717379,4.617586,0.0878777396,-0.484382737,0.663891574,0.492289684,0.826499338,-23.7822558,-5.33650802,-206.521177,0.776443712,-8.3974846,-38.4789494,False,False
NGC 6624,-534.8,259.737437,-29.1610975,8.25328612,-3.37213562,4.76146684,0.0903152423,-0.483798954,0.684867902,0.492156755,0.84336369,-23.8841895,-6.07670559,-203.68948,0.694406528,-8.36716494,-38.8634953,False,False
NGC 6624,-534.9,259.607855,-29.0756326,8.25737279,-3.36657622,4.90320174,0.092762872,-0.483140424,0.705554917,0.49196506,0.86013799,-23.9803204,-6.79836437,-200.863678,0.613146463,-8.33635493,-39.2241024,False,False
NGC 6624,-535,259.480823,-28.9908546,8.26149061,-3.36050926,5.04279798,0.0952200418,-0.482409012,0.725953294,0.491716698,0.8768087,-24.0707741,-7.50207376,-198.045113,0.532681193,-8.30509976,-39.5613276,False,False
NGC 6624,-535.1,259.356314,-28.9067769,8.26563703,-3.35394797,5.18026388,0.0976861775,-0.481606524,0.746063833,0.491413709,0.893363686,-24.1556758,-8.18840878,-195.234928,0.453023919,-8.27344101,-39.8757252,False,False
NGC 6624,-535.2,259.234302,-28.8234119,8.26980955,-3.34690516,5.31560857,0.100160718,-0.480734708,0.76588744,0.491058071,0.909792064,-24.2351501,-8.85792883,-192.434088,0.374183973,-8.24141699,-40.1678449,False,False
NGC 6624,-535.3,259.114759,-28.7407711,8.27400576,-3.33939323,5.44884194,0.102643113,-0.479795257,0.785425116,0.490651706,0.926084072,-24.3093197,-9.51117676,-189.643408,0.296167348,-8.20906302,-40.43823,False,False
NGC 6624,-535.4,258.99766,-28.658865,8.27822328,-3.33142418,5.57997452,0.105132828,-0.478789806,0.804677934,0.490196481,0.942230952,-24.3783059,-10.1486783,-186.863567,0.218977154,-8.1764117,-40.6874165,False,False
NGC 6624,-535.5,258.882976,-28.5777033,8.2824598,-3.32300964,5.70901733,0.107629339,-0.477719941,0.823647033,0.489694207,0.958224844,-24.4422272,-10.770942,-184.09513,0.142614014,-8.14349315,-40.9159319,False,False
NGC 6624,-535.6,258.770683,-28.4972947,8.28671308,-3.31416083,5.83598185,0.110132132,-0.476587194,0.842333604,0.489146645,0.974058695,-24.5011998,-11.3784584,-181.338556,0.067076411,-8.11033523,-41.1242944,False,False
NGC 6624,-535.7,258.660751,-28.4176474,8.29098093,-3.30488865,5.96087993,0.112640709,-0.47539305,0.86073888,0.488555504,0.989726174,-24.5553369,-11.9717012,-178.594216,-0.00763901296,-8.07696369,-41.3130124,False,False
NGC 6624,-535.8,258.553156,-28.3387688,8.29526121,-3.29520363,6.0837237,0.115154579,-0.474138944,0.878864127,0.487922448,1.0052216,-24.6047489,-12.5511264,-175.862404,-0.0815371959,-8.04340239,-41.4825842,False,False
NGC 6624,-535.9,258.447871,-28.2606658,8.29955184,-3.28511597,6.20452552,0.117673266,-0.472826268,0.896710638,0.487249092,1.02053988,-24.6495429,-13.1171732,-173.143342,-0.154624429,-8.00967346,-41.6334973,False,False
NGC 6624,-536,258.344869,-28.1833446,8.30385079,-3.27463555,6.32329797,0.120196303,-0.471456367,0.914279727,0.486537005,1.03567643,-24.6898228,-13.670264,-170.437193,-0.226908157,-7.97579739,-41.7662285,False,False
NGC 6624,-536.1,258.244125,-28.1068109,8.30815609,-3.26377193,6.44005374,0.122723232,-0.470030547,0.931572721,0.485787718,1.05062717,-24.7256894,-14.2108054,-167.744068,-0.298396808,-7.94179318,-41.8812439,False,False
NGC 6624,-536.2,258.145613,-28.0310699,8.31246582,-3.25253439,6.55480563,0.125253609,-0.468550069,0.948590953,0.485002715,1.06538839,-24.7572402,-14.7391878,-165.064031,-0.369099644,-7.90767851,-41.9789986,False,False
NGC 6624,-536.3,258.049308,-27.9561263,8.3167781,-3.2409319,6.6675665,0.127786995,-0.467016159,0.965335766,0.484183445,1.07995683,-24.7845692,-15.2557866,-162.397107,-0.439026625,-7.87346974,-42.0599368,False,False
NGC 6624,-536.4,257.955186,-27.8819844,8.3210911,-3.22897317,6.77834923,0.130322964,-0.465430003,0.981808499,0.483331317,1.09432952,-24.8077674,-15.7609625,-159.743282,-0.5081883,-7.83918211,-42.1244919,False,False
NGC 6624,-536.5,257.863221,-27.808648,8.32540306,-3.21666663,6.88716672,0.132861098,-0.463792751,0.998010491,0.482447704,1.10850382,-24.8269226,-16.2550618,-157.102515,-0.576595706,-7.80482976,-42.1730866,False,False
NGC 6624,-536.6,257.77339,-27.7361208,8.32971223,-3.20402048,6.99403184,0.135400988,-0.462105519,1.01394307,0.481533943,1.12247739,-24.8421193,-16.7384173,-154.474736,-0.644260278,-7.77042583,-42.2061332,False,False
NGC 6624,-536.7,257.685669,-27.6644059,8.33401694,-3.19104265,7.09895741,0.137942233,-0.46036939,1.02960757,0.480591339,1.13624812,-24.8534389,-17.2113484,-151.859852,-0.711193776,-7.73598254,-42.2240334,False,False
NGC 6624,-536.8,257.600035,-27.593506,8.33831554,-3.17774083,7.20195618,0.140484441,-0.458585413,1.04500529,0.479621162,1.14981412,-24.8609599,-17.6741621,-149.25775,-0.77740822,-7.70151123,-42.227179,False,False
NGC 6624,-536.9,257.516464,-27.5234239,8.34260643,-3.16412251,7.30304085,0.143027228,-0.456754608,1.06013754,0.478624655,1.16317375,-24.8647578,-18.1271531,-146.668299,-0.842915827,-7.66702247,-42.2159515,False,False
NGC 6624,-537,257.434935,-27.4541617,8.34688806,-3.15019495,7.40222399,0.145570215,-0.454877966,1.07500561,0.477603027,1.17632551,-24.864905,-18.5706044,-144.091352,-0.907728967,-7.63252606,-42.1907229,False,False
NGC 6624,-537.1,257.355425,-27.3857214,8.3511589,-3.13596518,7.49951806,0.148113034,-0.452956448,1.08961076,0.476557462,1.1892681,-24.8614713,-19.004788,-141.526749,-0.971860116,-7.59803113,-42.1518556,False,False
NGC 6624,-537.2,257.277913,-27.3181049,8.35541749,-3.12144007,7.59493543,0.150655321,-0.450990988,1.10395425,0.475489113,1.20200037,-24.8545236,-19.429965,-138.974318,-1.03532182,-7.56354612,-42.0997028,False,False
NGC 6624,-537.3,257.202378,-27.2513136,8.35966237,-3.10662625,7.6884883,0.153196721,-0.448982494,1.11803731,0.474399109,1.21452128,-24.8441262,-19.8463865,-136.43388,-1.09812665,-7.52907892,-42.0346084,False,False
NGC 6624,-537.4,257.128798,-27.1853488,8.36389215,-3.0915302,7.78018874,0.155736884,-0.44693185,1.13186117,0.473288554,1.22682996,-24.8303408,-20.2542936,-133.905245,-1.16028719,-7.49463682,-41.9569077,False,False
NGC 6624,-537.5,257.057154,-27.1202118,8.36810547,-3.0761582,7.8700487,0.158275466,-0.444839914,1.14542701,0.472158524,1.23892563,-24.8132265,-20.6539179,-131.388216,-1.22181602,-7.4602266,-41.8669275,False,False
NGC 6624,-537.6,256.987425,-27.0559034,8.37230099,-3.06051637,7.95807992,0.16081213,-0.442707522,1.15873602,0.471010075,1.2508076,-24.7928402,-21.0454823,-128.88259,-1.28272565,-7.42585453,-41.764986,False,False
NGC 6624,-537.7,256.919592,-26.9924244,8.37647742,-3.04461066,8.04429402,0.163346544,-0.440535487,1.17178935,0.469844239,1.26247531,-24.7692361,-21.4292009,-126.388162,-1.34302856,-7.39152643,-41.6513936,False,False
NGC 6624,-537.8,256.853635,-26.9297756,8.3806335,-3.02844685,8.12870243,0.165878382,-0.438324601,1.18458814,0.468662025,1.27392824,-24.7424663,-21.8052796,-123.904718,-1.40273714,-7.35724768,-41.5264527,False,False
NGC 6624,-537.9,256.789537,-26.8679573,8.384768,-3.01203059,8.21131641,0.168407322,-0.436075636,1.19713349,0.467464422,1.28516598,-24.7125807,-22.1739165,-121.432044,-1.46186369,-7.32302327,-41.3904579,False,False
NGC 6624,-538,256.727279,-26.8069699,8.38887972,-2.99536735,8.29214706,0.170933048,-0.433789342,1.20942651,0.466252399,1.29618817,-24.6796268,-22.5353019,-118.969924,-1.52042043,-7.28885779,-41.2436968,False,False
NGC 6624,-538.1,256.666843,-26.7468136,8.3929675,-2.97846249,8.37120528,0.17345525,-0.431466451,1.22146824,0.465026905,1.30699453,-24.6436504,-22.8896193,-116.518137,-1.57841943,-7.25475548,-41.0864495,False,False
NGC 6624,-538.2,256.608211,-26.6874886,8.3970302,-2.96132121,8.44850178,0.175973619,-0.429107678,1.23325975,0.463788868,1.31758481,-24.604695,-23.2370449,-114.076464,-1.6358727,-7.22072023,-40.9189892,False,False
NGC 6624,-538.3,256.551367,-26.6289949,8.40106672,-2.94394858,8.52404711,0.178487854,-0.426713719,1.24480206,0.4625392,1.32795884,-24.5628021,-23.5777485,-111.64468,-1.69279207,-7.18675563,-40.7415824,False,False
NGC 6624,-538.4,256.496293,-26.5713323,8.40507599,-2.92634957,8.59785162,0.180997656,-0.424285252,1.25609616,0.461278794,1.33811647,-24.5180115,-23.9118935,-109.222565,-1.74918928,-7.15286497,-40.5544892,False,False
NGC 6624,-538.5,256.442974,-26.5145008,8.40905695,-2.90852898,8.66992546,0.18350273,-0.42182294,1.26714303,0.460008527,1.3480576,-24.470361,-24.2396373,-106.809896,-1.80507592,-7.11905126,-40.357963,False,False
NGC 6624,-538.6,256.391393,-26.4585,8.41300858,-2.89049153,8.74027861,0.186002787,-0.41932743,1.27794363,0.458729256,1.35778218,-24.4198868,-24.5611312,-104.406449,-1.86046343,-7.08531722,-40.1522514,False,False
NGC 6624,-538.7,256.341535,-26.4033296,8.41692989,-2.87224182,8.80892083,0.188497538,-0.416799355,1.28849889,0.457441826,1.36729017,-24.3666231,-24.8765214,-102.012001,-1.91536313,-7.05166535,-39.937596,False,False
NGC 6624,-538.8,256.293385,-26.3489893,8.42081992,-2.85378431,8.87586172,0.190986701,-0.414239329,1.29880971,0.456147062,1.37658157,-24.3106026,-25.1859484,-99.6263317,-1.9697862,-7.01809791,-39.7142324,False,False
NGC 6624,-538.9,256.246928,-26.2954785,8.42467772,-2.8351234,8.94111066,0.193469995,-0.411647958,1.30887699,0.454845776,1.3856564,-24.2518564,-25.4895477,-97.2492184,-2.02374364,-6.98461692,-39.4823908,False,False
NGC 6624,-539,256.20215,-26.2427968,8.42850237,-2.81626336,9.00467684,0.195947143,-0.40902583,1.31870159,0.453538766,1.39451471,-24.1904138,-25.7874499,-94.880441,-2.07724636,-6.95122421,-39.2422961,False,False
NGC 6624,-539.1,256.159035,-26.1909436,8.43229299,-2.79720835,9.06656927,0.19841787,-0.40637352,1.32828434,0.452226812,1.40315658,-24.1263027,-26.0797809,-92.51978,-2.13030508,-6.91792139,-38.9941678,False,False
NGC 6624,-539.2,256.117572,-26.1399183,8.4360487,-2.77796247,9.12679676,0.200881905,-0.403691594,1.33762608,0.450910681,1.41158208,-24.0595496,-26.366662,-90.167017,-2.1829304,-6.88470991,-38.7382203,False,False
NGC 6624,-539.3,256.077746,-26.0897203,8.43976866,-2.75852969,9.18536791,0.20333898,-0.400980601,1.34672759,0.449591129,1.41979131,-23.9901794,-26.6482102,-87.8219349,-2.23513275,-6.851591,-38.4746633,False,False
NGC 6624,-539.4,256.039544,-26.0403488,8.44345205,-2.73891392,9.24229115,0.205788827,-0.398241082,1.35558964,0.448268893,1.4277844,-23.9182155,-26.9245384,-85.484318,-2.28692246,-6.81856578,-38.2037015,False,False
NGC 6624,-539.5,256.002954,-25.9918032,8.44709806,-2.71911897,9.2975747,0.208231182,-0.395473564,1.364213,0.446944701,1.43556145,-23.8436802,-27.1957555,-83.1539517,-2.33830967,-6.78563515,-37.9255352,False,False
NGC 6624,-539.6,255.967963,-25.9440827,8.45070592,-2.69914857,9.35122658,0.210665784,-0.392678566,1.3725984,0.445619265,1.44312262,-23.7665941,-27.4619663,-80.8306233,-2.38930442,-6.75279989,-37.6403601,False,False
NGC 6624,-539.7,255.934559,-25.8971865,8.45427487,-2.67900637,9.40325464,0.213092373,-0.389856594,1.38074653,0.444293285,1.45046803,-23.6869767,-27.7232724,-78.5141212,-2.43991658,-6.72006065,-37.3483677,False,False
NGC 6624,-539.8,255.90273,-25.851114,8.45780417,-2.65869594,9.45366652,0.21551069,-0.387008145,1.38865809,0.44296745,1.45759784,-23.6048462,-27.9797712,-76.2042355,-2.4901559,-6.68741791,-37.0497452,False,False
NGC 6624,-539.9,255.872466,-25.8058643,8.46129311,-2.63822078,9.50246967,0.21792048,-0.384133704,1.39633375,0.441642433,1.4645122,-23.5202195,-28.2315573,-73.9007578,-2.54003199,-6.65487204,-36.7446758,False,False
NGC 6624,-540,255.843754,-25.7614367,8.46474099,-2.61758431,9.54967135,0.220321488,-0.381233751,1.40377414,0.440318897,1.47121126,-23.4331123,-28.4787217,-71.6034811,-2.58955433,-6.62242329,-36.433339,False,False
NGC 6624,-540.1,255.816585,-25.7178302,8.46814714,-2.59678988,9.59527863,0.222713462,-0.378308752,1.4109799,0.438997492,1.47769519,-23.343539,-28.7213521,-69.3122002,-2.63873227,-6.59007179,-36.1159102,False,False
NGC 6624,-540.2,255.790948,-25.6750441,8.47151088,-2.57584079,9.63929839,0.225096149,-0.375359167,1.41795163,0.437678856,1.48396415,-23.2515129,-28.9595335,-67.0267112,-2.68757503,-6.55781755,-35.7925612,False,False
NGC 6624,-540.3,255.766832,-25.6330777,8.4748316,-2.55474026,9.68173732,0.2274693,-0.372385447,1.4246899,0.436363614,1.49001829,-23.1570462,-29.1933477,-64.7468119,-2.7360917,-6.52566048,-35.4634604,False,False
NGC 6624,-540.4,255.744227,-25.59193,8.47810865,-2.53349144,9.72260192,0.229832665,-0.369388035,1.43119528,0.435052381,1.49585778,-23.0601499,-29.4228737,-62.4723014,-2.78429126,-6.4936004,-35.1287727,False,False
NGC 6624,-540.5,255.723125,-25.5516003,8.48134145,-2.51209743,9.7618985,0.232185996,-0.366367365,1.43746831,0.433745758,1.50148278,-22.9608337,-29.6481879,-60.2029805,-2.83218255,-6.46163703,-34.7886596,False,False
NGC 6624,-540.6,255.703516,-25.5120878,8.4845294,-2.49056127,9.79963319,0.234529047,-0.363323864,1.44350951,0.432444336,1.50689343,-22.8591067,-29.8693638,-57.9386513,-2.87977431,-6.42976998,-34.4432795,False,False
NGC 6624,-540.7,255.68539,-25.4733918,8.48767194,-2.46888594,9.83581192,0.236861572,-0.360257951,1.44931939,0.431148693,1.51208991,-22.7549763,-30.0864727,-55.6791173,-2.92707515,-6.39799881,-34.0927877,False,False
NGC 6624,-540.8,255.66874,-25.4355113,8.49076851,-2.44707436,9.87044045,0.239183324,-0.35717004,1.45489841,0.429859395,1.51707234,-22.6484493,-30.2995832,-53.4241835,-2.97409359,-6.36632296,-33.7373363,False,False
NGC 6624,-540.9,255.653556,-25.3984458,8.49381858,-2.42512941,9.90352434,0.241494059,-0.354060535,1.46024705,0.428576998,1.52184089,-22.5395313,-30.5087616,-51.1736561,-3.02083801,-6.33474182,-33.3770746,False,False
NGC 6624,-541,255.639831,-25.3621944,8.49682163,-2.40305389,9.93506898,0.243793533,-0.350929835,1.46536574,0.427302043,1.52639569,-22.4282268,-30.7140719,-48.9273427,-3.06731671,-6.30325469,-33.0121492,False,False
NGC 6624,-541.1,255.627557,-25.3267564,8.49977715,-2.3808506,9.96507955,0.246081502,-0.347778333,1.47025491,0.426035063,1.53073687,-22.3145393,-30.9155758,-46.6850522,-3.11353788,-6.2718608,-32.6427039,False,False
NGC 6624,-541.2,255.616726,-25.2921312,8.50268466,-2.35852223,9.99356109,0.248357722,-0.344606416,1.47491495,0.424776577,1.53486457,-22.1984714,-31.113333,-44.4465946,-3.1595096,-6.24055931,-32.2688797,False,False
NGC 6624,-541.3,255.60733,-25.258318,8.50554368,-2.33607147,10.0205184,0.25062195,-0.341414462,1.47934624,0.423527091,1.5387789,-22.0800245,-31.307401,-42.2117811,-3.20523985,-6.20934933,-31.8908153,False,False
NGC 6624,-541.4,255.599364,-25.2253162,8.50835376,-2.31350094,10.0459562,0.252873943,-0.338202848,1.48354916,0.422287103,1.54247999,-21.9591992,-31.4978353,-39.9804239,-3.25073652,-6.17822988,-31.5086468,False,False
NGC 6624,-541.5,255.592819,-25.1931252,8.51111446,-2.29081323,10.0698789,0.255113457,-0.334971941,1.48752405,0.421057095,1.54596794,-21.835995,-31.6846896,-37.7523365,-3.29600742,-6.14719995,-31.1225081,False,False
NGC 6624,-541.6,255.587689,-25.1617443,8.51382534,-2.26801088,10.0922908,0.257340249,-0.331722104,1.49127122,0.419837538,1.54924285,-21.7104104,-31.8680156,-35.5273331,-3.34106025,-6.11625845,-30.7325304,False,False
NGC 6624,-541.7,255.583968,-25.1311731,8.51648599,-2.24509639,10.113196,0.259554076,-0.328453698,1.49479099,0.418628893,1.55230482,-21.582443,-32.047863,-33.3052291,-3.38590263,-6.08540425,-30.3388432,False,False
NGC 6624,-541.8,255.581651,-25.1014109,8.51909601,-2.22207221,10.1325984,0.261754694,-0.325167074,1.49808365,0.417431606,1.55515394,-21.4520894,-32.22428,-31.0858407,-3.43054211,-6.05463616,-29.9415734,False,False
NGC 6624,-541.9,255.58073,-25.0724573,8.52165501,-2.19894077,10.1505019,0.263941857,-0.32186258,1.50114945,0.416246111,1.55779027,-21.3193452,-32.3973129,-28.8689849,-3.47498612,-6.02395293,-29.5408462,False,False
NGC 6624,-542,255.581201,-25.0443117,8.52416263,-2.17570446,10.1669099,0.266115323,-0.318540562,1.50398866,0.415072831,1.56021388,-21.184205,-32.5670064,-26.6544795,-3.51924206,-5.99335329,-29.1367845,False,False
NGC 6624,-542.1,255.583059,-25.0169739,8.5266185,-2.15236561,10.1818258,0.268274844,-0.315201358,1.5066015,0.413912175,1.56242484,-21.0466626,-32.7334035,-24.4421429,-3.56331721,-5.96283589,-28.7295095,False,False
NGC 6624,-542.2,255.586298,-24.9904433,8.52902227,-2.12892655,10.195253,0.270420176,-0.311845303,1.50898818,0.412764539,1.56442319,-20.9067107,-32.8965457,-22.2317944,-3.60721881,-5.93239936,-28.3191403,False,False
NGC 6624,-542.3,255.590913,-24.9647196,8.53137362,-2.10538955,10.2071944,0.272551071,-0.308472728,1.51114891,0.411630308,1.56620897,-20.7643409,-33.056473,-20.0232538,-3.65095401,-5.90204228,-27.9057945,False,False
NGC 6624,-542.4,255.5969,-24.9398025,8.53367222,-2.08175685,10.2176528,0.274667282,-0.30508396,1.51308385,0.410509852,1.56778221,-20.6195442,-33.2132236,-17.8163413,-3.69452989,-5.87176318,-27.4895878,False,False
NGC 6624,-542.5,255.604254,-24.9156917,8.53591775,-2.05803068,10.2266311,0.27676856,-0.301679322,1.51479315,0.409403528,1.56914294,-20.4723102,-33.3668346,-15.6108777,-3.73795348,-5.84156055,-27.0706341,False,False
NGC 6624,-542.6,255.612972,-24.892387,8.53810994,-2.03421321,10.2341316,0.278854655,-0.298259132,1.51627698,0.408311681,1.57029115,-20.3226277,-33.5173415,-13.4066843,-3.78123173,-5.81143287,-26.649046,False,False
NGC 6624,-542.7,255.62305,-24.8698881,8.54024849,-2.01030661,10.2401567,0.280925316,-0.294823708,1.51753543,0.407234639,1.57122685,-20.1704848,-33.6647783,-11.2035825,-3.82437154,-5.78137854,-26.2249343,False,False
NGC 6624,-542.8,255.634483,-24.8481951,8.54233313,-1.98631299,10.2447087,0.28298029,-0.29137336,1.51856861,0.406172721,1.57195004,-20.015868,-33.8091779,-9.00139414,-3.86737976,-5.75139595,-25.7984085,False,False
NGC 6624,-542.9,255.647269,-24.8273076,8.54436359,-1.96223445,10.2477894,0.285019325,-0.287908399,1.51937662,0.405126229,1.57246068,-19.8587634,-33.9505716,-6.79994137,-3.91026315,-5.72148346,-25.3695766,False,False
NGC 6624,-543,255.661405,-24.8072257,8.54633965,-1.93807307,10.2494007,0.287042165,-0.284429129,1.51995951,0.404095451,1.57275874,-19.6991557,-34.0889896,-4.59904637,-3.95302847,-5.69163938,-24.9385451,False,False
NGC 6624,-543.1,255.676886,-24.7879494,8.54826105,-1.91383089,10.2495442,0.289048552,-0.280935854,1.52031733,0.403080662,1.57284418,-19.5370288,-34.2244607,-2.39853148,-3.99568238,-5.66186199,-24.5054193,False,False
NGC 6624,-543.2,255.693712,-24.7694788,8.55012756,-1.88950993,10.2482214,0.29103823,-0.277428874,1.52045012,0.40208212,1.57271695,-19.3723654,-34.3570126,-0.198219052,-4.03823152,-5.63214955,-24.0703032,False,False
NGC 6624,-543.3,255.711879,-24.7518138,8.55193899,-1.8651122,10.2454336,0.293010936,-0.273908486,1.52035788,0.401100072,1.57237697,-19.2051473,-34.4866716,2.00206857,-4.08068247,-5.60250027,-23.6332997,False,False
NGC 6624,-543.4,255.731384,-24.7349547,8.55369512,-1.84063966,10.2411819,0.29496641,-0.270374984,1.52004061,0.400134746,1.57182418,-19.0353551,-34.6134629,4.20250913,-4.12304179,-5.57291235,-23.1945103,False,False
NGC 6624,-543.5,255.752226,-24.7189016,8.55539576,-1.81609427,10.2354672,0.296904386,-0.266828661,1.51949828,0.399186358,1.57105848,-18.8629684,-34.7374105,6.40328055,-4.16531597,-5.54338395,-22.7540356,False,False
NGC 6624,-543.6,255.774404,-24.7036547,8.55704074,-1.79147796,10.2282902,0.298824598,-0.263269806,1.51873085,0.398255108,1.57007978,-18.6879659,-34.8585372,8.60456094,-4.20751148,-5.51391321,-22.311975,False,False
NGC 6624,-543.7,255.797915,-24.6892145,8.55862987,-1.76679264,10.2196516,0.300726778,-0.259698706,1.51773825,0.39734118,1.56888796,-18.5103248,-34.9768648,10.8065287,-4.24963476,-5.48449823,-21.8684269,False,False
NGC 6624,-543.8,255.822758,-24.6755812,8.56016301,-1.7420402,10.2095518,0.302610654,-0.256115648,1.51652042,0.396444741,1.56748289,-18.3300215,-35.0924139,13.0093626,-4.29169219,-5.45513709,-21.4234888,False,False
NGC 6624,-543.9,255.848932,-24.6627552,8.56164,-1.71722252,10.1979911,0.304475953,-0.252520913,1.51507725,0.395565946,1.56586446,-18.1470312,-35.2052039,15.2132419,-4.33369015,-5.42582784,-20.9772572,False,False
NGC 6624,-544,255.876436,-24.650737,8.5630607,-1.69234144,10.1849694,0.306322399,-0.248914783,1.51340863,0.39470493,1.5640325,-17.9613278,-35.3152533,17.4183461,-4.37563497,-5.39656851,-20.5298277,False,False
NGC 6624,-544.1,255.905269,-24.6395272,8.56442499,-1.66739882,10.1704866,0.308149714,-0.245297538,1.51151441,0.393861813,1.56198686,-17.7728841,-35.4225794,19.6248554,-4.41753297,-5.36735711,-20.081295,False,False
NGC 6624,-544.2,255.935431,-24.6291262,8.56573276,-1.64239645,10.1545425,0.309957614,-0.241669455,1.50939446,0.3930367,1.55972737,-17.5816718,-35.5271986,21.8329507,-4.45939042,-5.33819161,-19.6317532,False,False
NGC 6624,-544.3,255.966922,-24.6195347,8.56698388,-1.61733616,10.1371366,0.311745816,-0.23803081,1.50704859,0.392229678,1.55725385,-17.3876612,-35.6291259,24.0428135,-4.50121361,-5.30906996,-19.1812955,False,False
NGC 6624,-544.4,255.999741,-24.6107535,8.56817827,-1.59221973,10.1182683,0.313514032,-0.234381878,1.50447662,0.391440817,1.55456611,-17.1908213,-35.7283757,26.2546259,-4.54300876,-5.27999009,-18.7300142,False,False
NGC 6624,-544.5,256.033889,-24.6027832,8.56931583,-1.56704894,10.0979366,0.315261971,-0.230722932,1.50167833,0.39067017,1.55166394,-16.9911201,-35.8249611,28.4685709,-4.58478212,-5.2509499,-18.2780013,False,False
NGC 6624,-544.6,256.069366,-24.5956248,8.5703965,-1.54182555,10.0761407,0.316989339,-0.227054244,1.49865351,0.389917774,1.54854713,-16.7885239,-35.9188943,30.6848326,-4.6265399,-5.22194729,-17.8253478,False,False
NGC 6624,-544.7,256.106173,-24.5892789,8.5714202,-1.5165513,10.0528794,0.318695837,-0.223376084,1.49540189,0.389183647,1.54521543,-16.5829978,-36.0101864,32.9035956,-4.66828829,-5.1929801,-17.3721444,False,False
NGC 6624,-544.8,256.14431,-24.5837467,8.57238687,-1.49122794,10.0281511,0.320381164,-0.219688722,1.49192323,0.388467792,1.54166863,-16.3745057,-36.0988476,35.1250459,-4.71003349,-5.16404618,-16.9184809,False,False
NGC 6624,-544.9,256.183779,-24.5790291,8.57329648,-1.46585719,10.0019546,0.322045016,-0.215992427,1.48821723,0.387770191,1.53790645,-16.1630098,-36.184887,37.3493704,-4.75178169,-5.13514333,-16.4644468,False,False
NGC 6624,-545,256.22458,-24.5751271,8.57414897,-1.44044077,9.97428787,0.323687082,-0.212287466,1.4842836,0.38709081,1.53392865,-15.948471,-36.2683127,39.576757,-4.79353906,-5.10626936,-16.010131,False,False
NGC 6624,-545.1,256.266716,-24.5720419,8.57494433,-1.41498037,9.94514917,0.325307049,-0.208574107,1.480122,0.386429598,1.52973493,-15.7308486,-36.3491321,41.807395,-4.83531178,-5.07742203,-15.5556219,False,False
NGC 6624,-545.2,256.310188,-24.5697747,8.57568253,-1.3894777,9.91453637,0.326904601,-0.204852615,1.47573209,0.385786485,1.52532502,-15.5101005,-36.4273512,44.041475,-4.87710602,-5.04859909,-15.1010077,False,False
NGC 6624,-545.3,256.354998,-24.5683267,8.57636357,-1.36393443,9.8824472,0.328479415,-0.201123256,1.47111352,0.385161382,1.52069862,-15.2861828,-36.5029752,46.2791888,-4.91892794,-5.01979827,-14.6463758,False,False
NGC 6624,-545.4,256.401148,-24.5676992,8.57698744,-1.33835226,9.84887919,0.330031164,-0.197386296,1.4662659,0.384554182,1.51585541,-15.0590501,-36.5760084,48.5207295,-4.96078373,-4.99101728,-14.1918135,False,False
NGC 6624,-545.5,256.44864,-24.5678937,8.57755417,-1.31273285,9.8138297,0.331559518,-0.193641998,1.46118884,0.383964761,1.51079507,-14.8286554,-36.646454,50.7662919,-5.00267957,-4.96225381,-13.7374076,False,False
NGC 6624,-545.6,256.497478,-24.5689116,8.57806375,-1.28707786,9.7772959,0.333064141,-0.189890629,1.4558819,0.383392974,1.50551728,-14.5949498,-36.7143143,53.0160721,-5.04462165,-4.93350551,-13.2832449,False,False
NGC 6624,-545.7,256.547664,-24.5707545,8.57851624,-1.26138895,9.73927477,0.33454469,-0.186132452,1.45034465,0.38283866,1.50002168,-14.3578828,-36.7795904,55.2702679,-5.08661615,-4.90477004,-12.8294114,False,False
NGC 6624,-545.8,256.599201,-24.5734239,8.57891166,-1.23566777,9.69976309,0.336000821,-0.18236773,1.44457663,0.382301636,1.49430792,-14.1174017,-36.8422826,57.5290788,-5.12866929,-4.87604503,-12.3759932,False,False
NGC 6624,-545.9,256.652093,-24.5769214,8.57925006,-1.20991598,9.65875747,0.33743218,-0.17859673,1.43857735,0.381781702,1.48837564,-13.8734523,-36.9023903,59.7927057,-5.17078728,-4.84732807,-11.9230762,False,False
NGC 6624,-546,256.706342,-24.5812489,8.5795315,-1.18413521,9.61625432,0.33883841,-0.174819714,1.43234631,0.381278639,1.48222446,-13.6259783,-36.9599115,62.0613517,-5.21297637,-4.81861676,-11.4707458,False,False
NGC 6624,-546.1,256.761953,-24.5864081,8.57975606,-1.15832711,9.57224984,0.340219149,-0.171036948,1.42588299,0.380792209,1.47585399,-13.3749212,-37.0148436,64.3352212,-5.2552428,-4.78990867,-11.0190874,False,False
NGC 6624,-546.2,256.81893,-24.592401,8.5799238,-1.13249331,9.52674006,0.341574025,-0.167248696,1.41918684,0.380322154,1.46926384,-13.1202206,-37.0671827,66.6145209,-5.29759284,-4.76120134,-10.5681862,False,False
NGC 6624,-546.3,256.877276,-24.5992294,8.5800348,-1.10663544,9.47972081,0.342902664,-0.163455225,1.4122573,0.379868198,1.4624536,-12.8618138,-37.116924,68.8994592,-5.34003278,-4.73249231,-10.1181273,False,False
NGC 6624,-546.4,256.936997,-24.6068954,8.58008918,-1.08075516,9.43118771,0.344204683,-0.159656799,1.40509378,0.379430043,1.45542286,-12.5996361,-37.1640616,71.1902463,-5.38256893,-4.70377909,-9.66899564,False,False
NGC 6624,-546.5,256.998098,-24.6154011,8.58008703,-1.05485407,9.38113619,0.345479693,-0.155853686,1.39769567,0.379007375,1.44817118,-12.3336201,-37.2085886,73.4870947,-5.42520763,-4.67505917,-9.22087604,False,False
NGC 6624,-546.6,257.060582,-24.6247486,8.58002846,-1.02893383,9.32956148,0.346727299,-0.152046153,1.39006234,0.378599858,1.44069815,-12.0636963,-37.250497,75.7902188,-5.46795524,-4.64633004,-8.77385322,False,False
NGC 6624,-546.7,257.124455,-24.6349403,8.5799136,-1.00299607,9.27645862,0.347947096,-0.148234468,1.38219313,0.378207138,1.43300331,-11.7897925,-37.2897775,78.0998351,-5.51081814,-4.61758915,-8.32801187,False,False
NGC 6624,-546.8,257.189724,-24.6459784,8.57974258,-0.977042409,9.22182242,0.349138673,-0.144418901,1.37408738,0.37782884,1.42508623,-11.511834,-37.3264201,80.4161621,-5.55380275,-4.58883396,-7.88343659,False,False
NGC 6624,-546.9,257.256392,-24.6578653,8.57951555,-0.951074501,9.1656475,0.350301613,-0.140599722,1.36574438,0.377464571,1.41694644,-11.2297433,-37.3604133,82.7394204,-5.59691551,-4.56006189,-7.44021194,False,False
NGC 6624,-547,257.324467,-24.6706035,8.57923265,-0.925093983,9.10792828,0.351435489,-0.136777202,1.35716341,0.377113916,1.40858349,-10.9434404,-37.3917446,85.069833,-5.64016289,-4.53127036,-6.99842247,False,False
NGC 6624,-547.1,257.393955,-24.6841956,8.57889404,-0.899102499,9.04865897,0.352539865,-0.132951615,1.34834374,0.376776443,1.3999969,-10.6528419,-37.4204004,87.4076246,-5.6835514,-4.50245678,-6.55815267,False,False
NGC 6624,-547.2,257.464861,-24.6986442,8.57849991,-0.873101699,8.98783356,0.353614298,-0.129123234,1.33928459,0.376451698,1.39118621,-10.3578619,-37.4463659,89.7530225,-5.72708757,-4.47361854,-6.11948702,False,False
NGC 6624,-547.3,257.537194,-24.713952,8.57805042,-0.847093237,8.92544584,0.354658335,-0.125292336,1.32998517,0.376139208,1.38215095,-10.0584111,-37.4696249,92.1062557,-5.77077797,-4.44475302,-5.68251001,False,False
NGC 6624,-547.4,257.610958,-24.7301218,8.57754576,-0.821078774,8.86148938,0.355671514,-0.121459199,1.32044467,0.37583848,1.37289064,-9.75439693,-37.49016,94.4675557,-5.8146292,-4.41585759,-5.2473061,False,False
NGC 6624,-547.5,257.686163,-24.7471565,8.57698614,-0.795059976,8.79595754,0.356653364,-0.117624101,1.31066226,0.375549,1.36340479,-9.44572351,-37.5079528,96.8371557,-5.85864789,-4.38692962,-4.81395974,False,False
NGC 6624,-547.6,257.762815,-24.7650589,8.57637177,-0.769038519,8.72884346,0.357603403,-0.113787325,1.30063707,0.375270235,1.35369293,-9.13229141,-37.5229834,99.2152911,-5.9028407,-4.35796646,-4.38255537,False,False
NGC 6624,-547.7,257.840922,-24.7838321,8.57570285,-0.743016086,8.66014007,0.358521139,-0.109949153,1.29036822,0.375001631,1.34375458,-8.81399754,-37.5352303,101.602199,-5.94721433,-4.32896547,-3.95317742,False,False
NGC 6624,-547.8,257.920492,-24.8034793,8.57497962,-0.716994371,8.58984008,0.35940607,-0.106109873,1.2798548,0.374742616,1.33358927,-8.49073496,-37.5446712,103.99812,-5.99177551,-4.29992399,-3.52591029,False,False
NGC 6624,-547.9,258.001533,-24.8240036,8.57420231,-0.690975077,8.51793597,0.360257682,-0.102269771,1.26909588,0.374492594,1.32319653,-8.16239277,-37.5512818,106.403292,-6.03653099,-4.27083939,-3.10083835,False,False
NGC 6624,-548,258.084055,-24.8454083,8.57337117,-0.664959919,8.44442001,0.361075449,-0.0984291397,1.25809049,0.374250952,1.31257589,-7.82885589,-37.5550368,108.817961,-6.08148754,-4.24170901,-2.6780459,False,False
NGC 6624,-548.1,258.168065,-24.8676967,8.57248646,-0.638950621,8.36928424,0.361858834,-0.0945882712,1.24683766,0.374017054,1.30172689,-7.49000494,-37.5559092,111.242368,-6.12665197,-4.21253022,-2.2576172,False,False
NGC 6624,-548.2,258.253572,-24.8908722,8.57154843,-0.612948924,8.29252048,0.362607287,-0.0907474622,1.23533637,0.373790244,1.2906491,-7.14571598,-37.5538704,113.67676,-6.17203111,-4.18330039,-1.8396364,False,False
NGC 6624,-548.3,258.340587,-24.9149384,8.57055737,-0.58695658,8.21412031,0.363320246,-0.0869070117,1.22358559,0.373569846,1.27934207,-6.79586037,-37.5488904,116.121382,-6.21763179,-4.1540169,-1.4241875,False,False
NGC 6624,-548.4,258.429119,-24.9398988,8.56951356,-0.560975358,8.13407511,0.363997135,-0.0830672222,1.21158426,0.373355163,1.26780539,-6.44030456,-37.5409374,118.576483,-6.26346087,-4.12467717,-1.01135439,False,False
NGC 6624,-548.5,258.519178,-24.9657571,8.56841729,-0.535007041,8.05237601,0.364637363,-0.0792283995,1.1993313,0.373145475,1.25603866,-6.07890988,-37.529978,121.042308,-6.30952522,-4.09527862,-0.601220773,False,False
NGC 6624,-548.6,258.610774,-24.9925171,8.56726886,-0.509053433,7.96901393,0.365240326,-0.0753908529,1.1868256,0.372940044,1.24404151,-5.71153228,-37.5159771,123.519105,-6.35583168,-4.06581872,-0.193870123,False,False
NGC 6624,-548.7,258.703917,-25.0201824,8.56606859,-0.483116352,7.88397955,0.365805404,-0.0715548952,1.17406602,0.372738108,1.23181359,-5.3380221,-37.4988976,126.007122,-6.40238711,-4.03629496,0.210614372,False,False
NGC 6624,-548.8,258.798619,-25.0487572,8.5648168,-0.457197638,7.79726333,0.366331963,-0.0677208434,1.16105141,0.372538884,1.21935458,-4.95822386,-37.4787007,128.506604,-6.44919834,-4.00670488,0.612149846,False,False
NGC 6624,-548.9,258.89489,-25.0782452,8.56351381,-0.431299151,7.70885549,0.366819352,-0.0638890183,1.14778057,0.372341568,1.20666419,-4.57197593,-37.4553456,131.017796,-6.49627218,-3.97704608,1.01065382,False,False
NGC 6624,-549,258.992742,-25.1086506,8.56215998,-0.405422771,7.61874604,0.367266901,-0.060059745,1.1342523,0.372145334,1.19374219,-4.1791103,-37.4287896,133.540942,-6.54361539,-3.94731623,1.40604428,False,False
NGC 6624,-549.1,259.092187,-25.1399774,8.56075565,-0.379570405,7.52692477,0.367673925,-0.0562333532,1.12046536,0.371949332,1.18058839,-3.7794523,-37.3989878,136.07628,-6.59123467,-3.91751304,1.79823972,False,False
NGC 6624,-549.2,259.193236,-25.1722299,8.55930117,-0.353743982,7.43338122,0.368039722,-0.0524101773,1.1064185,0.371752691,1.16720262,-3.37282025,-37.365893,138.624048,-6.63913667,-3.88763433,2.18715928,False,False
NGC 6624,-549.3,259.295902,-25.2054123,8.55779693,-0.327945455,7.33810472,0.368363566,-0.0485905565,1.09211043,0.371554517,1.15358483,-2.95902518,-37.3294562,141.184476,-6.68732791,-3.85767803,2.57272278,False,False
NGC 6624,-549.4,259.400198,-25.2395289,8.55624329,-0.302176807,7.24108441,0.368644717,-0.0447748352,1.07753985,0.371353892,1.13973498,-2.53787051,-37.2896255,143.75779,-6.73581484,-3.82764216,2.95485084,False,False
NGC 6624,-549.5,259.506136,-25.2745842,8.55464065,-0.27644005,7.14230917,0.36888241,-0.0409633633,1.06270542,0.371149875,1.12565316,-2.10915165,-37.2463471,146.344209,-6.78460372,-3.7975249,3.33346502,False,False
NGC 6624,-549.6,259.61373,-25.3105824,8.5529894,-0.250737224,7.04176772,0.369075863,-0.0371564962,1.04760579,0.370941502,1.1113395,-1.67265571,-37.1995642,148.943943,-6.83370069,-3.76732454,3.70848789,False,False
NGC 6624,-549.7,259.722992,-25.3475282,8.55128995,-0.225070402,6.93944853,0.369224267,-0.0333545954,1.0322396,0.370727782,1.09679427,-1.22816107,-37.1492178,151.557191,-6.88311166,-3.7370396,4.07984321,False,False
NGC 6624,-549.8,259.833937,-25.385426,8.54954271,-0.199441691,6.8353399,0.369326793,-0.0295580284,1.01660545,0.370507702,1.08201783,-0.775437023,-37.0952459,154.184141,-6.93284229,-3.70666875,4.44745603,False,False
NGC 6624,-549.9,259.946579,-25.4242804,8.54774811,-0.173853231,6.72942995,0.369382588,-0.0257671694,1.00070193,0.370280223,1.06701068,-0.314243353,-37.0375836,156.824968,-6.98289797,-3.67621093,4.81125288,False,False
NGC 6624,-550,260.060932,-25.4640961,8.54590657,-0.148307202,6.6217066,0.369390772,-0.0219823991,0.984527609,0.370044279,1.05177345,0.155670053,-36.9761634,159.479826,-7.03328374,-3.64566531,5.17116192,False,False
NGC 6624,-550.1,260.17701,-25.5048777,8.54401854,-0.122805822,6.51215762,0.369350441,-0.0182041055,0.968081053,0.36979878,1.03630693,0.63456365,-36.9109142,162.148854,-7.08400424,-3.61503138,5.52711313,False,False
NGC 6624,-550.2,260.294828,-25.5466298,8.54208447,-0.0973513488,6.40077063,0.369260662,-0.0144326839,0.951360801,0.369542607,1.02061213,1.12270866,-36.841762,164.832164,-7.13506367,-3.58430897,5.8790385,False,False
NGC 6624,-550.3,260.414401,-25.5893571,8.54010481,-0.0719460836,6.2875331,0.369120474,-0.0106685375,0.934365391,0.369274616,1.00469021,1.62038752,-36.7686294,167.529845,-7.18646567,-3.55349829,6.22687224,False,False
NGC 6624,-550.4,260.535745,-25.6330643,8.53808003,-0.0465923732,6.17243241,0.368928889,-0.00691207746,0.917093348,0.368993634,0.988542619,2.12789432,-36.6914354,170.241952,-7.23821324,-3.5226,6.57055101,False,False
NGC 6624,-550.5,260.658875,-25.6777561,8.53601061,-0.0212926113,6.05545581,0.368684884,-0.0031637234,0.899543195,0.368698458,0.97217103,2.64553525,-36.6100953,172.968506,-7.29030867,-3.49161528,6.91001416,False,False
NGC 6624,-550.6,260.783806,-25.7234369,8.53389702,0.00395075869,5.93659052,0.368387408,0.000576096155,0.881713456,0.368387858,0.955577435,3.17362902,-36.5245208,175.709486,-7.3427534,-3.46054587,7.24520396,False,False
NGC 6624,-550.7,260.910555,-25.7701115,8.53173976,0.0291352412,5.81582369,0.368035375,0.00430694344,0.86360266,0.368060575,0.938764156,3.71250732,-36.4346193,178.464823,-7.39554788,-3.42939417,7.57606589,False,False
NGC 6624,-550.8,261.039137,-25.8177843,8.52953931,0.0542582863,5.6931425,0.367627663,0.00802837104,0.845209342,0.367715316,0.921733902,4.26251519,-36.3402944,181.234394,-7.44869143,-3.39816335,7.90254894,False,False
NGC 6624,-550.9,261.169568,-25.8664597,8.52729618,0.0793172867,5.56853412,0.367163118,0.0117399214,0.826532057,0.36735076,0.904489813,4.82401143,-36.241445,184.018012,-7.50218207,-3.36685742,8.22460584,False,False
NGC 6624,-551,261.301864,-25.916142,8.52501089,0.104309575,5.44198585,0.366640544,0.0154411266,0.80756938,0.366965553,0.887035524,5.39736888,-36.1379659,186.815415,-7.55601629,-3.33548138,8.54219341,False,False
NGC 6624,-551.1,261.436041,-25.9668353,8.52268393,0.129232421,5.31348509,0.366058709,0.0191315073,0.788319919,0.366558308,0.869375229,5.98297473,-36.0297469,189.626258,-7.61018885,-3.30404137,8.85527286,False,False
NGC 6624,-551.2,261.572116,-26.0185437,8.52031583,0.154083029,5.18301946,0.36541634,0.0228105732,0.768782321,0.366127606,0.851513759,6.58123066,-35.9166732,192.450101,-7.66469247,-3.27254476,9.16381009,False,False
NGC 6624,-551.3,261.710104,-26.0712709,8.51790712,0.178858535,5.05057684,0.364712123,0.0264778215,0.748955283,0.365671995,0.833456672,7.19255297,-35.7986247,195.286388,-7.71951757,-3.24100045,9.46777601,False,False
NGC 6624,-551.4,261.85002,-26.1250204,8.51545833,0.203556,4.91614544,0.363944698,0.0301327371,0.728837567,0.365189985,0.815210356,7.8173725,-35.6754763,198.134437,-7.77465186,-3.20941896,9.76714684,False,False
NGC 6624,-551.5,261.991881,-26.1797953,8.51296998,0.228172413,4.77971395,0.363112663,0.0337747919,0.70842801,0.364680055,0.796782146,8.45613439,-35.5470975,200.993416,-7.83007994,-3.17781277,10.0619044,False,False
NGC 6624,-551.6,262.135701,-26.2355984,8.51044262,0.252704683,4.64127159,0.362214569,0.037403444,0.687725545,0.364140648,0.778180466,9.10929767,-35.4133522,203.862323,-7.88578285,-3.14619656,10.3520364,False,False
NGC 6624,-551.7,262.281495,-26.2924322,8.50787678,0.277149635,4.50080827,0.361248918,0.0410181373,0.666729217,0.36357017,0.759414984,9.7773345,-35.2740988,206.739957,-7.94173746,-3.11458751,10.6375367,False,False
NGC 6624,-551.8,262.429276,-26.3502985,8.50527301,0.30150401,4.35831471,0.360214166,0.0446183012,0.645438203,0.362966993,0.7404968,10.4607292,-35.1291897,209.624891,-7.99791586,-3.08300574,10.9184053,False,False
NGC 6624,-551.9,262.579058,-26.4091986,8.50263185,0.325764457,4.21378263,0.359108715,0.0482033492,0.62385184,0.362329452,0.721438667,11.1599766,-34.9784716,212.515434,-8.05428459,-3.0514747,11.1946488,False,False
NGC 6624,-552,262.730852,-26.469133,8.49995384,0.349927535,4.06720495,0.357930919,0.0517726794,0.601969655,0.361655849,0.702255238,11.8755804,-34.8217854,215.409592,-8.11080379,-3.02002168,11.4662801,False,False
NGC 6624,-552.1,262.884671,-26.5301015,8.49723953,0.373989701,3.91857598,0.35667908,0.0553256729,0.579791394,0.36094445,0.682963364,12.6080502,-34.6589659,218.305021,-8.16742619,-2.98867838,11.7333185,False,False
NGC 6624,-552.2,263.040522,-26.5921029,8.49448946,0.397947315,3.76789172,0.355351445,0.0588616937,0.557317065,0.360193488,0.663582444,13.3578982,-34.4898426,221.19897,-8.22409592,-2.95748162,11.9957896,False,False
NGC 6624,-552.3,263.198413,-26.6551349,8.49170418,0.42179663,3.61515012,0.353946213,0.0623800883,0.534546978,0.359401164,0.644134822,14.1256349,-34.3142391,224.088223,-8.28074716,-2.92647407,12.2537246,False,False
NGC 6624,-552.4,263.358351,-26.7191939,8.48888424,0.44553379,3.46035149,0.352461527,0.0658801846,0.511481802,0.358565652,0.624646268,14.9117639,-34.1319743,226.969022,-8.3373026,-2.8957052,12.5071599,False,False
NGC 6624,-552.5,263.520338,-26.7842749,8.48603016,0.46915483,3.30349881,0.350895481,0.0693612919,0.488122619,0.357685095,0.605146526,15.7167745,-33.9428624,229.836982,-8.39367156,-2.86523225,12.7561363,False,False
NGC 6624,-552.6,263.684374,-26.850371,8.4831425,0.492655667,3.1445983,0.34924612,0.0728227004,0.464470997,0.356757618,0.585669963,16.5411336,-33.7467138,232.686999,-8.44974796,-2.8351215,13.0006978,False,False
NGC 6624,-552.7,263.850456,-26.9174736,8.48022179,0.516032105,2.98365988,0.347511443,0.0762636805,0.440529067,0.355781326,0.566256312,17.3852749,-33.5433367,235.513132,-8.50540785,-2.80544957,13.2408901,False,False
NGC 6624,-552.8,264.018577,-26.9855715,8.47726856,0.539279825,2.82069783,0.345689406,0.0796834831,0.416299616,0.354754313,0.546951546,18.2495861,-33.3325384,238.308481,-8.56050669,-2.77630504,13.4767585,False,False
NGC 6624,-552.9,264.188724,-27.054651,8.47428335,0.562394394,2.6557315,0.343777929,0.0830813395,0.391786192,0.353674672,0.527808861,19.1343932,-33.1141275,241.06504,-8.61487617,-2.7477902,13.7083459,False,False
NGC 6624,-553,264.360879,-27.1246954,8.47126668,0.585371255,2.48878613,0.341774903,0.0864564614,0.366993223,0.3525405,0.508889802,20.0399407,-32.8879171,243.773536,-8.66832072,-2.72002302,13.9356897,False,False
NGC 6624,-553.1,264.535019,-27.1956842,8.4682191,0.608205742,2.31989382,0.339678199,0.089808042,0.341926162,0.351349915,0.490265503,20.9663692,-32.6537288,246.423247,-8.72061356,-2.69313939,14.158818,False,False
NGC 6624,-553.2,264.71111,-27.2675931,8.46514112,0.630893079,2.14909457,0.337485679,0.0931352568,0.316591636,0.35010107,0.472018033,21.9136872,-32.4113982,249.001813,-8.77149249,-2.66729547,14.3777461,False,False
NGC 6624,-553.3,264.889113,-27.3403929,8.46203328,0.653428392,1.97643753,0.335195213,0.0964372658,0.290997632,0.348792169,0.454241785,22.8817381,-32.1607822,251.495034,-8.82065553,-2.64267012,14.5924712,False,False
NGC 6624,-553.4,265.068975,-27.4140491,8.45889612,0.675806721,1.80198235,0.332804697,0.0997132152,0.265153691,0.34742149,0.437044816,23.8701621,-31.9017682,253.886672,-8.86775657,-2.61946731,14.8029677,False,False
NGC 6624,-553.5,265.250634,-27.4885212,8.45573017,0.698023048,1.62580065,0.330312078,0.102962242,0.239071123,0.345987416,0.42054999,24.8783512,-31.6342872,256.158294,-8.91240174,-2.59791809,15.0091815,False,False
NGC 6624,-553.6,265.434014,-27.5637618,8.45253599,0.720072326,1.44797763,0.327715376,0.10618348,0.212763245,0.34448846,0.404895663,25.9053995,-31.358329,258.289165,-8.95414709,-2.57828177,15.2110244,False,False
NGC 6624,-553.7,265.619024,-27.6397157,8.44931414,0.741949519,1.26861372,0.325012724,0.109376065,0.186245609,0.342923306,0.390235597,26.9500489,-31.0739621,260.256275,-8.99249894,-2.56084552,15.4083689,False,False
NGC 6624,-553.8,265.805555,-27.7163193,8.44606519,0.763649663,1.08782607,0.322202403,0.112539143,0.159536229,0.341290855,0.376737648,28.0106329,-30.7813569,262.034564,-9.0269185,-2.54592142,15.6010444,False,False
NGC 6624,-553.9,265.993483,-27.7935003,8.44278976,0.785167935,0.905749887,0.319282889,0.115671887,0.132655765,0.339590266,0.364580719,29.0850249,-30.4808124,263.597447,-9.05683301,-2.53383969,15.7888345,False,False
NGC 6624,-554,266.182662,-27.8711764,8.43948846,0.806499747,0.722539264,0.3162529,0.118773507,0.105627636,0.337821022,0.353949488,30.1705969,-30.172783,264.917746,-9.08165549,-2.52493684,15.9714765,False,False
NGC 6624,-554.1,266.37293,-27.9492564,8.43616194,0.827640853,0.538367152,0.313111448,0.121843268,0.0784780162,0.335982977,0.345026607,31.2642004,-29.8579036,265.969089,-9.10081471,-2.5195378,16.1486624,False,False
NGC 6624,-554.2,266.564105,-28.0276401,8.43281091,0.84858747,0.353424259,0.309857895,0.12488051,0.0512356549,0.334076423,0.337982468,32.3621812,-29.5370055,266.727753,-9.11379467,-2.51793256,16.3200414,False,False
NGC 6624,-554.3,266.755989,-28.10622,8.42943608,0.86933641,0.167916545,0.306491999,0.127884669,0.023931505,0.332102144,0.332963287,33.4604405,-29.2111195,267.174764,-9.12017976,-2.52034959,16.4852223,False,False
NGC 6624,-554.4,266.948375,-28.1848831,8.42603823,0.889885203,-0.0179387364,0.303013956,0.130855295,-0.00340187062,0.330061457,0.330078988,34.5545465,-28.8814576,267.297885,-9.11969779,-2.52693072,16.6437779,False,False
NGC 6624,-554.5,267.141046,-28.263514,8.42261815,0.910232203,-0.203918197,0.299424426,0.13379207,-0.0307310648,0.327956255,0.329392931,35.6398942,-28.5493735,267.093051,-9.11225103,-2.53771337,16.7952533,False,False
NGC 6624,-554.6,267.333786,-28.3419971,8.41917671,0.930376664,-0.389798208,0.29572454,0.136694819,-0.0580226996,0.325789008,0.330915565,36.7118983,-28.2163025,266.564841,-9.09792681,-2.55262479,16.9391832,False,False
NGC 6624,-554.7,267.526382,-28.4202205,8.41571481,0.950318766,-0.575360711,0.291915889,0.139563517,-0.0852442846,0.323562763,0.334603422,37.7661914,-27.8836893,265.72587,-9.07698484,-2.57149031,17.0751212,False,False
NGC 6624,-554.8,267.718631,-28.4980779,8.41223338,0.970059599,-0.760398319,0.288000492,0.14239828,-0.112364969,0.321281112,0.340363687,38.7988022,-27.552914,264.595271,-9.04982491,-2.59405273,17.2026785,False,False
NGC 6624,-554.9,267.910344,-28.5754712,8.4087334,0.989601097,-0.944718173,0.283980745,0.145199362,-0.139356107,0.318948144,0.348063274,39.8062874,-27.2252291,263.196693,-9.01694404,-2.61999801,17.3215653,False,False
NGC 6624,-555,268.101347,-28.6523108,8.40521585,1.00894593,-1.12814437,0.279859371,0.147967137,-0.166191615,0.316568383,0.357540478,40.7858084,-26.9017134,261.556251,-8.9788925,-2.64898127,17.4316247,False,False
NGC 6624,-555.1,268.291483,-28.7285171,8.40168173,1.0280974,-1.31051907,0.275639346,0.150702076,-0.192848128,0.314146725,0.368617099,41.7351511,-26.5832481,259.700762,-8.93623591,-2.68064919,17.5328531,False,False
NGC 6624,-555.2,268.480613,-28.80402,8.39813203,1.04705928,-1.49170252,0.271323846,0.153404734,-0.219305004,0.311688373,0.381109337,42.6527013,-26.270512,257.656418,-8.88952686,-2.7146568,17.6254031,False,False
NGC 6624,-555.3,268.668613,-28.8787585,8.39456769,1.06583571,-1.67157234,0.26691618,0.156075723,-0.245544205,0.309198768,0.394836466,43.5373881,-25.9639921,255.447918,-8.83928621,-2.75067853,17.7095723,False,False
NGC 6624,-555.4,268.855375,-28.9526803,8.39098964,1.08443104,-1.85002231,0.262419744,0.158715695,-0.271550123,0.30668354,0.409626981,44.3886125,-25.6640037,253.097976,-8.78599264,-2.78841451,17.7857817,False,False
NGC 6624,-555.5,269.040806,-29.0257409,8.38739873,1.10284978,-2.02696095,0.257837973,0.161325329,-0.297309361,0.304148454,0.425322394,45.2061694,-25.370716,250.627108,-8.73007813,-2.82759331,17.8545496,True,True
NGC 6624,-555.6,269.224824,-29.0979028,8.38379578,1.12109646,-2.20230999,0.253174308,0.163905314,-0.322810506,0.301599373,0.441779135,45.9901738,-25.084178,248.053611,-8.67192761,-2.86797228,17.9164646,True,True
NGC 6624,-555.7,269.407358,-29.1691348,8.38018152,1.13917559,-2.3760029,0.248432163,0.166456337,-0.348043905,0.299042224,0.458869057,46.7409932,-24.8043429,245.393656,-8.61188096,-2.90933643,17.972161,True,True
NGC 6624,-555.8,269.588348,-29.2394113,8.37655661,1.1570916,-2.54798349,0.243614904,0.168979079,-0.37300146,0.296482968,0.476479002,47.4591898,-24.5310911,242.661442,-8.55023639,-2.9514966,18.0222974,True,True
NGC 6624,-555.9,269.767743,-29.3087116,8.37292165,1.17484879,-2.71820462,0.238725833,0.171474204,-0.397676428,0.293927586,0.494509825,48.1454714,-24.2642478,239.869376,-8.48725432,-2.99428708,18.0675397,True,True
NGC 6624,-556,269.945498,-29.3770191,8.36927718,1.19245132,-2.88662703,0.233768172,0.173942358,-0.422063255,0.291382056,0.512875125,48.8006517,-24.0035994,237.028261,-8.42316147,-3.03756329,18.1085471,True,True
NGC 6624,-556.1,270.121575,-29.4443211,8.36562364,1.20990316,-3.05321835,0.228745059,0.176384162,-0.446157415,0.28885234,0.531499871,49.4256173,-23.7489054,234.147483,-8.35815474,-3.08119943,18.1459621,True,True
NGC 6624,-556.2,270.295943,-29.5106078,8.36196142,1.22720811,-3.21795214,0.223659534,0.178800211,-0.469955277,0.286344378,0.550319058,50.0213023,-23.4999087,231.235177,-8.29240484,-3.12508632,18.1804036,True,True
NGC 6624,-556.3,270.468573,-29.5758726,8.35829085,1.24436976,-3.38080713,0.218514545,0.181191076,-0.493453987,0.283864074,0.569276426,50.5886675,-23.2563426,228.298382,-8.22605959,-3.16912937,18.2124613,True,True
NGC 6624,-556.4,270.639445,-29.640111,8.3546122,1.26139152,-3.54176651,0.213312938,0.183557296,-0.516651357,0.281417289,0.588323309,51.1286848,-23.0179374,225.343183,-8.15924688,-3.21324678,18.2426926,True,True
NGC 6624,-556.5,270.808537,-29.7033208,8.35092567,1.2782766,-3.70081733,0.208057459,0.185899387,-0.539545782,0.279009836,0.607417599,51.6423243,-22.7844242,222.374831,-8.09207722,-3.25736798,18.2716208,True,True
NGC 6624,-556.6,270.975836,-29.7655014,8.34723141,1.295028,-3.85794993,0.202750758,0.188217835,-0.562136153,0.276647471,0.626522847,52.1305455,-22.5555384,219.397852,-8.02464604,-3.30143215,18.2997343,True,True
NGC 6624,-556.7,271.141327,-29.8266541,8.34352953,1.31164857,-4.01315756,0.197395385,0.190513101,-0.584421792,0.274335888,0.645607474,52.5942895,-22.3310222,216.416142,-7.95703569,-3.34538702,18.3274862,True,True
NGC 6624,-556.8,271.305,-29.8867811,8.33982009,1.32814094,-4.16643589,0.191993797,0.192785618,-0.60640239,0.272080709,0.664644094,53.0344745,-22.1106256,213.433049,-7.88931718,-3.38918774,18.3552953,True,True
NGC 6624,-556.9,271.466847,-29.9458861,8.33610309,1.34450759,-4.31778275,0.186548357,0.195035794,-0.628077958,0.269887477,0.683608932,53.4519914,-21.8941082,210.451445,-7.82155165,-3.43279598,18.3835469,True,True
NGC 6624,-557,271.62686,-30.0039736,8.33237852,1.36075082,-4.46719775,0.18106134,0.197264016,-0.649448776,0.267761649,0.702481326,53.8477016,-21.6812393,207.473791,-7.75379167,-3.47617904,18.4125934,True,True
NGC 6624,-557.1,271.785036,-30.0610489,8.32864631,1.37687277,-4.61468206,0.175534932,0.199470645,-0.670515359,0.265708582,0.721243299,54.2224354,-21.4717987,204.502184,-7.68608243,-3.51930914,18.4427569,True,True
NGC 6624,-557.2,271.941369,-30.1171181,8.32490637,1.39287543,-4.76023818,0.169971239,0.20165602,-0.691278418,0.263733525,0.739879195,54.5769907,-21.2655764,201.538415,-7.61846264,-3.56216281,18.4743294,True,True
NGC 6624,-557.3,272.095858,-30.172188,8.32115858,1.40876065,-4.90386974,0.164372283,0.20382046,-0.711738836,0.261841608,0.758375367,54.9121333,-21.0623727,198.584,-7.55096541,-3.60472033,18.5075755,True,True
NGC 6624,-557.4,272.248501,-30.2262657,8.31740279,1.42453013,-5.04558132,0.158740014,0.205964265,-0.731897635,0.260037825,0.77671991,55.2285961,-20.8619981,195.640218,-7.48361899,-3.64696526,18.5427331,True,True
NGC 6624,-557.5,272.399297,-30.2793588,8.31363881,1.44018545,-5.1853783,0.153076305,0.208087714,-0.751755961,0.258327025,0.794902433,55.5270802,-20.6642728,192.708147,-7.41644739,-3.68888397,18.5800158,True,True
NGC 6624,-557.6,272.548247,-30.3314752,8.30986646,1.45572805,-5.32326674,0.14738296,0.21019107,-0.771315058,0.256713893,0.812913859,55.8082555,-20.4690266,189.788682,-7.34947092,-3.73046537,18.6196137,True,True
NGC 6624,-557.7,272.695349,-30.3826233,8.30608552,1.47115926,-5.45925327,0.141661717,0.212274578,-0.790576255,0.255202936,0.830746263,56.072761,-20.2760982,186.882565,-7.28270671,-3.77170052,18.6616954,True,True
NGC 6624,-557.8,272.840607,-30.4328114,8.30229576,1.48648032,-5.59334497,0.135914248,0.214338466,-0.809540949,0.253798466,0.848392721,56.3212064,-20.0853351,183.990402,-7.21616905,-3.81258238,18.7064093,True,True
NGC 6624,-557.9,272.984021,-30.4820483,8.29849693,1.50169233,-5.72554931,0.130142168,0.21638295,-0.828210592,0.252504584,0.865847186,56.5541726,-19.8965929,181.112681,-7.14986982,-3.85310558,18.753885,True,True
NGC 6624,-558,273.125594,-30.5303427,8.29468878,1.51679631,-5.85587403,0.124347029,0.218408228,-0.846586683,0.251325164,0.883104382,56.7722134,-19.709735,178.249789,-7.08381875,-3.8932662,18.8042346,True,True
NGC 6624,-558.1,273.265328,-30.5777034,8.29087102,1.53179319,-5.98432715,0.118530332,0.220414487,-0.864670753,0.250263832,0.900159707,56.9758559,-19.5246322,175.402021,-7.01802372,-3.93306158,18.8575538,True,True
NGC 6624,-558.2,273.403224,-30.6241396,8.28704337,1.54668378,-6.11091684,0.112693523,0.2224019,-0.882464362,0.249323956,0.917009152,57.1656023,-19.3411621,172.569595,-6.95249101,-3.97249017,18.9139234,True,True
NGC 6624,-558.3,273.539287,-30.66966,8.28320556,1.56146884,-6.23565141,0.106837998,0.224370627,-0.899969086,0.248508624,0.933649234,57.3419307,-19.1592091,169.752663,-6.88722544,-4.0115514,18.9734098,True,True
NGC 6624,-558.4,273.67352,-30.7142738,8.27935728,1.57614903,-6.35853925,0.100965107,0.226320819,-0.917186516,0.247820632,0.950076929,57.5052961,-18.9786636,166.951316,-6.82223062,-4.05024552,19.0360667,True,True
NGC 6624,-558.5,273.805924,-30.7579899,8.27549823,1.59072495,-6.47958879,0.0950761519,0.228252614,-0.934118248,0.247262472,0.96628962,57.6561319,-18.7994217,164.165594,-6.75750908,-4.08857354,19.1019357,True,True
NGC 6624,-558.6,273.936504,-30.8008174,8.2716281,1.6051971,-6.5988085,0.0891723942,0.230166139,-0.950765879,0.246836317,0.982285052,57.7948505,-18.6213851,161.395494,-6.6930624,-4.12653711,19.1710472,True,True
NGC 6624,-558.7,274.065262,-30.8427651,8.26774659,1.61956595,-6.71620681,0.0832550523,0.232061515,-0.967131006,0.246544013,0.998061287,57.9218446,-18.4444604,158.640973,-6.62889134,-4.16413842,19.243421,True,True
NGC 6624,-558.8,274.192203,-30.883842,8.26385338,1.63383186,-6.83179213,0.0773253061,0.233938849,-0.983215218,0.24638707,1.01361667,58.0374882,-18.2685591,155.901955,-6.56499592,-4.20138018,19.3190678,True,True
NGC 6624,-558.9,274.317328,-30.9240568,8.25994816,1.64799516,-6.94557279,0.071384298,0.235798242,-0.999020096,0.246366656,1.0289498,58.1421374,-18.0935972,153.178335,-6.50137555,-4.23826549,19.3979889,True,True
NGC 6624,-559,274.440643,-30.9634183,8.25603063,1.66205611,-7.05755705,0.065433135,0.237639787,-1.01454721,0.246483597,1.04405948,58.2361312,-17.9194947,150.469983,-6.4380291,-4.27479784,19.4801777,True,True
NGC 6624,-559.1,274.56215,-31.0019351,8.25210046,1.67601492,-7.16775309,0.0594728903,0.239463566,-1.02979811,0.246738372,1.05894474,58.3197927,-17.7461757,147.776747,-6.37495493,-4.31098103,19.5656198,True,True
NGC 6624,-559.2,274.681852,-31.0396157,8.24815736,1.68987173,-7.27616895,0.0535046045,0.241269657,-1.04477433,0.247131119,1.07360477,58.3934296,-17.573568,145.098459,-6.31215102,-4.34681913,19.654294,True,True
NGC 6624,-559.3,274.799753,-31.0764687,8.244201,1.70362664,-7.38281256,0.0475292878,0.243058128,-1.0594774,0.247661638,1.0880389,58.457335,-17.4016027,142.434932,-6.24961496,-4.38231645,19.7461721,True,True
NGC 6624,-559.4,274.915855,-31.1125023,8.24023109,1.71727971,-7.48769173,0.0415479212,0.244829043,-1.07390882,0.248329398,1.10224663,58.5117884,-17.2302142,139.785966,-6.18734404,-4.4174775,19.8412203,True,True
NGC 6624,-559.5,275.030164,-31.1477247,8.23624733,1.73083094,-7.5908141,0.0355614574,0.246582456,-1.08807005,0.249133548,1.11622756,58.5570561,-17.05934,137.151353,-6.12533526,-4.45230696,19.939399,True,True
NGC 6624,-559.6,275.14268,-31.1821441,8.23224942,1.74428028,-7.69218718,0.0295708229,0.248318417,-1.10196257,0.250072929,1.1299814,58.593392,-16.8889202,134.53087,-6.0635854,-4.48680966,20.0406632,True,True
NGC 6624,-559.7,275.253408,-31.2157684,8.22823706,1.75762765,-7.79181831,0.0235769187,0.25003697,-1.1155878,0.251146088,1.14350798,58.6210382,-16.7188977,131.924292,-6.00209104,-4.52099055,20.1449634,True,True
NGC 6624,-559.8,275.36235,-31.2486055,8.22420998,1.77087292,-7.88971469,0.0175806215,0.251738153,-1.12894715,0.252351295,1.15680718,58.6402254,-16.549218,129.331382,-5.94084856,-4.55485468,20.2522454,True,True
NGC 6624,-559.9,275.46951,-31.280663,8.22016788,1.78401593,-7.98588332,0.0115827851,0.253421997,-1.14204201,0.253686558,1.16987898,58.6511738,-16.3798285,126.751902,-5.87985422,-4.58840717,20.3624508,True,True
NGC 6624,-560,275.57489,-31.3119486,8.21611049,1.79705647,-8.08033105,0.00558424138,0.255088531,-1.15487374,0.255149647,1.18272343,58.6540935,-16.2106792,124.185607,-5.81910411,-4.62165323,20.4755174,True,True
NGC 6624,-560.1,275.678492,-31.3424697,8.21203754,1.8099943,-8.17306454,-0.000414198987,0.256737776,-1.16744368,0.25673811,1.19534062,58.6491847,-16.041722,121.632249,-5.75859426,-4.65459811,20.5913794,True,True
NGC 6624,-560.2,275.78032,-31.3722336,8.20794878,1.82282915,-8.2640903,-0.0064117452,0.258369749,-1.17975313,0.258449294,1.20773072,58.6366386,-15.8729105,119.091579,-5.69832056,-4.68724711,20.7099676,True,True
NGC 6624,-560.3,275.880377,-31.4012475,8.20384394,1.8355607,-8.35341463,-0.0124076256,0.259984463,-1.19180339,0.260280368,1.21989392,58.6166375,-15.7042002,116.563345,-5.63827884,-4.71960554,20.8312097,True,True
NGC 6624,-560.4,275.978663,-31.4295185,8.19972278,1.84818861,-8.44104366,-0.0184010866,0.261581926,-1.2035957,0.262228343,1.23183047,58.5893556,-15.5355485,114.047293,-5.57846489,-4.75167874,20.9550303,True,True
NGC 6624,-560.5,276.075183,-31.4570534,8.19558505,1.8607125,-8.52698333,-0.0243913924,0.263162142,-1.2151313,0.264290093,1.24354064,58.5549589,-15.3669139,111.543171,-5.5188744,-4.78347208,21.0813516,True,True
NGC 6624,-560.6,276.169937,-31.483859,8.19143053,1.87313196,-8.61123941,-0.0303778233,0.264725111,-1.22641141,0.266462374,1.25502476,58.513606,-15.1982566,109.050723,-5.45950305,-4.8149909,21.2100928,True,True
NGC 6624,-560.7,276.262928,-31.5099419,8.18725899,1.88544657,-8.69381748,-0.0363596757,0.266270829,-1.23743719,0.268741847,1.26628314,58.4654481,-15.0295382,106.569698,-5.40034648,-4.84624057,21.3411711,True,True
NGC 6624,-560.8,276.354159,-31.5353087,8.18307021,1.89765585,-8.77472292,-0.0423362612,0.267799286,-1.24820981,0.271125094,1.27731615,58.4106296,-14.8607215,104.099842,-5.34140028,-4.87722642,21.4745012,True,True
NGC 6624,-560.9,276.44363,-31.5599657,8.178864,1.9097593,-8.85396094,-0.0483069057,0.269310472,-1.2587304,0.273608639,1.28812418,58.3492883,-14.6917704,101.640903,-5.28266004,-4.9079538,21.6099958,True,True
NGC 6624,-561,276.531344,-31.5839191,8.17464014,1.92175642,-8.93153656,-0.0542709488,0.270804371,-1.26900005,0.276188963,1.29870762,58.2815558,-14.5226499,99.1926306,-5.22412135,-4.93842801,21.7475653,True,True
NGC 6624,-561.1,276.617302,-31.6071749,8.17039846,1.93364664,-9.00745462,-0.0602277433,0.272280963,-1.27901986,0.278862518,1.30906688,58.2075574,-14.3533262,96.7547753,-5.16577974,-4.96865436,21.8871187,True,True
NGC 6624,-561.2,276.701507,-31.6297392,8.16613878,1.9454294,-9.08171977,-0.0661766547,0.273740227,-1.28879086,0.281625747,1.31920239,58.1274131,-14.1837662,94.3270894,-5.10763079,-4.9986381,22.0285628,True,True
NGC 6624,-561.3,276.783958,-31.6516176,8.16186092,1.95710409,-9.15433646,-0.0721170602,0.275182136,-1.29831409,0.284475093,1.32911457,58.0412368,-14.0139379,91.909327,-5.04967004,-5.02838449,22.1718029,True,True
NGC 6624,-561.4,276.864658,-31.672816,8.15756473,1.96867008,-9.22530899,-0.0780483485,0.276606662,-1.30759055,0.287407011,1.33880388,57.9491376,-13.84381,89.5012442,-4.99189304,-5.05789873,22.3167424,True,True
NGC 6624,-561.5,276.943608,-31.6933397,8.15325006,1.98012674,-9.29464145,-0.0839699194,0.278013772,-1.31662121,0.290417983,1.34827075,57.8512194,-13.6733519,87.1025988,-4.93429536,-5.08718601,22.4632836,True,True
NGC 6624,-561.6,277.020808,-31.7131942,8.14891677,1.99147337,-9.36233776,-0.0898811827,0.27940343,-1.32540704,0.293504521,1.35751564,57.7475812,-13.502534,84.7131511,-4.87687257,-5.11625146,22.6113268,True,True
NGC 6624,-561.7,277.09626,-31.7323848,8.14456473,2.0027093,-9.42840164,-0.0957815584,0.2807756,-1.33394895,0.296663183,1.366539,57.6383173,-13.331327,82.3326633,-4.81962022,-5.14510021,22.7607713,True,True
NGC 6624,-561.8,277.169965,-31.7509165,8.14019382,2.01383379,-9.49283665,-0.101670476,0.282130238,-1.34224786,0.299890575,1.37534129,57.5235176,-13.1597023,79.9608997,-4.76253391,-5.17373733,22.9115147,True,True
NGC 6624,-561.9,277.241923,-31.7687944,8.13580393,2.02484611,-9.55564616,-0.107547373,0.283467302,-1.35030464,0.303183358,1.38392296,57.4032678,-12.9876321,77.5976273,-4.70560923,-5.20216785,23.0634534,True,True
NGC 6624,-562,277.312135,-31.7860233,8.13139498,2.03574548,-9.61683336,-0.113411697,0.284786744,-1.35812015,0.306538256,1.39228447,57.2776492,-12.8150886,75.2426149,-4.64884178,-5.23039677,23.2164826,True,True
NGC 6624,-562.1,277.380601,-31.802608,8.12696686,2.04653112,-9.67640128,-0.119262902,0.286088514,-1.36569522,0.309952057,1.40042626,57.1467394,-12.6420451,72.8956338,-4.59222719,-5.25842906,23.370496,True,True
NGC 6624,-562.2,277.447321,-31.818553,8.12251952,2.05720223,-9.73435273,-0.125100452,0.287372561,-1.37303066,0.31342162,1.40834879,57.0106121,-12.4684747,70.5564577,-4.53576109,-5.28626964,23.5253863,True,True
NGC 6624,-562.3,277.512297,-31.8338627,8.11805288,2.06775796,-9.7906904,-0.130923816,0.288638828,-1.38012727,0.316943873,1.4160525,56.8693372,-12.2943512,68.2248624,-4.47943913,-5.31392338,23.6810448,True,True
NGC 6624,-562.4,277.575527,-31.8485416,8.11356689,2.07819748,-9.84541675,-0.136732471,0.289887257,-1.38698579,0.32051582,1.42353784,56.7229812,-12.1196488,65.9006261,-4.42325697,-5.34139514,23.8373616,True,True
NGC 6624,-562.5,277.637013,-31.8625938,8.10906151,2.08851989,-9.8985341,-0.142525902,0.291117789,-1.39360698,0.32413454,1.43080524,56.571607,-11.9443419,63.5835292,-4.36721029,-5.36868971,23.9942258,True,True
NGC 6624,-562.6,277.696753,-31.8760235,8.10453671,2.09872432,-9.95004459,-0.148303596,0.292330361,-1.39999156,0.327797188,1.43785513,56.4152743,-11.7684052,61.2733544,-4.31129478,-5.39581186,24.1515252,True,True
NGC 6624,-562.7,277.754748,-31.8888344,8.09999248,2.10880984,-9.99995017,-0.154065052,0.293524905,-1.40614021,0.331500996,1.44468793,56.2540396,-11.5918134,58.9698864,-4.25550615,-5.42276631,24.3091463,True,True
NGC 6624,-562.8,277.810997,-31.9010305,8.09542881,2.11877553,-10.0482527,-0.159809769,0.294701355,-1.41205362,0.335243272,1.45130406,56.0879563,-11.4145419,56.6729123,-4.19984012,-5.44955775,24.4669748,True,True
NGC 6624,-562.9,277.8655,-31.9126155,8.0908457,2.12862041,-10.0949536,-0.165537255,0.295859639,-1.41773244,0.339021399,1.45770394,55.9170746,-11.2365658,54.3822211,-4.14429243,-5.47619082,24.6248949,True,True
NGC 6624,-563,277.918256,-31.9235929,8.08624317,2.13834353,-10.1400546,-0.171247022,0.296999685,-1.4231773,0.342832839,1.46388797,55.7414422,-11.0578605,52.0976041,-4.08885884,-5.50267013,24.7827898,True,True
NGC 6624,-563.1,277.969265,-31.9339662,8.08162126,2.14794387,-10.1835568,-0.176938585,0.298121416,-1.42838881,0.346675124,1.46985654,55.5611036,-10.8784017,49.8188545,-4.0335351,-5.52900025,24.9405415,True,True
NGC 6624,-563.2,278.018525,-31.9437386,8.07698001,2.15742043,-10.2254614,-0.182611466,0.299224753,-1.43336757,0.350545861,1.47561004,55.3761008,-10.698165,47.5457674,-3.97831701,-5.55518571,25.0980307,True,True
NGC 6624,-563.3,278.066036,-31.9529134,8.07231948,2.16677216,-10.2657693,-0.18826519,0.300309617,-1.43811413,0.354442728,1.48114884,55.186473,-10.5171259,45.2781399,-3.92320034,-5.581231,25.255137,True,True
NGC 6624,-563.4,278.111796,-31.9614937,8.06763972,2.175998,-10.3044813,-0.193899285,0.301375924,-1.44262905,0.358363475,1.48647332,54.9922568,-10.3352603,43.015771,-3.86818092,-5.60714058,25.4117389,True,True
NGC 6624,-563.5,278.155805,-31.9694823,8.06294083,2.18509689,-10.341598,-0.199513285,0.302423587,-1.44691285,0.362305916,1.49158385,54.7934864,-10.1525439,40.7584614,-3.81325457,-5.63291887,25.5677135,True,True
NGC 6624,-563.6,278.198062,-31.9768821,8.05822289,2.19406772,-10.3771199,-0.205106724,0.30345252,-1.45096605,0.366267935,1.49648076,54.5901936,-9.9689524,38.5060137,-3.7584171,-5.65857024,25.7229366,True,True
NGC 6624,-563.7,278.238564,-31.9836959,8.05348602,2.20290937,-10.4110472,-0.210679142,0.30446263,-1.45478912,0.370247477,1.50116441,54.3824076,-9.78446141,36.2582322,-3.70366437,-5.68409905,25.877283,True,True
NGC 6624,-563.8,278.27731,-31.9899261,8.04873033,2.2116207,-10.4433801,-0.216230082,0.305453826,-1.45838255,0.374242552,1.50563513,54.1701554,-9.59904653,34.0149225,-3.64899223,-5.70950962,26.030626,True,True
NGC 6624,-563.9,278.314299,-31.9955753,8.04395596,2.22020055,-10.4741185,-0.221759086,0.30642601,-1.46174676,0.378251229,1.50989324,53.9534617,-9.41268328,31.7758923,-3.59439654,-5.73480621,26.1828376,True,True
NGC 6624,-564,278.349528,-32.0006458,8.03916305,2.22864774,-10.5032623,-0.227265703,0.307379085,-1.4648822,0.382271634,1.51393906,53.7323489,-9.22534704,29.5409503,-3.53987318,-5.75999307,26.3337885,True,True
NGC 6624,-564.1,278.382997,-32.0051397,8.03435177,2.23696108,-10.5308111,-0.232749482,0.308312951,-1.46778927,0.386301951,1.51777289,53.5068375,-9.03701305,27.3099071,-3.48541803,-5.78507441,26.4833479,True,True
NGC 6624,-564.2,278.414703,-32.0090593,8.02952229,2.24513933,-10.5567643,-0.238209973,0.309227503,-1.47046836,0.390340415,1.52139503,53.2769454,-8.84765639,25.0825743,-3.431027,-5.81005442,26.6313837,True,True
NGC 6624,-564.3,278.444643,-32.0124065,8.0246748,2.25318126,-10.5811213,-0.243646729,0.310122637,-1.47291985,0.394385317,1.52480577,53.0426888,-8.65725196,22.858765,-3.37669597,-5.83493723,26.7777623,True,True
NGC 6624,-564.4,278.472817,-32.0151832,8.0198095,2.2610856,-10.6038813,-0.249059305,0.310998242,-1.47514407,0.398434994,1.52800539,52.8040816,-8.46577445,20.6382937,-3.32242085,-5.85972696,26.9223487,True,True
NGC 6624,-564.5,278.499221,-32.017391,8.0149266,2.26885106,-10.6250432,-0.254447257,0.311854209,-1.47714136,0.402487831,1.53099414,52.5611358,-8.27319833,18.4209759,-3.26819757,-5.88442768,27.0650062,True,True
NGC 6624,-564.6,278.523852,-32.0190317,8.01002635,2.27647634,-10.6446059,-0.25981014,0.312690424,-1.47891204,0.406542261,1.53377229,52.3138614,-8.0794978,16.2066283,-3.21402204,-5.90904346,27.2055967,True,True
NGC 6624,-564.7,278.546709,-32.0201067,8.00510898,2.28396012,-10.6625681,-0.265147514,0.31350677,-1.4804564,0.41059676,1.53634008,52.0622663,-7.88464681,13.9950686,-3.1598902,-5.93357831,27.3439803,True,True
NGC 6624,-564.8,278.567789,-32.0206174,8.00017475,2.29130103,-10.6789282,-0.270458936,0.314303129,-1.48177471,0.414649843,1.53869776,51.8063567,-7.688619,11.7861156,-3.10579798,-5.95803623,27.4800157,True,True
NGC 6624,-564.9,278.587089,-32.0205652,7.99522395,2.29849771,-10.6936848,-0.275743965,0.315079378,-1.48286724,0.41870007,1.54084555,51.5461367,-7.49138769,9.57958908,-3.05174132,-5.98242117,27.6135597,True,True
NGC 6624,-565,278.604606,-32.0199511,7.99025686,2.30554876,-10.706836,-0.281002161,0.315835393,-1.48373422,0.422746035,1.54278367,51.2816084,-7.29292588,7.37530967,-2.99771617,-6.00673706,27.7444673,True,True
NGC 6624,-565.1,278.620337,-32.0187762,7.98527379,2.31245276,-10.7183798,-0.286233083,0.316571048,-1.48437588,0.426786371,1.54451233,51.0127724,-7.09320618,5.17309879,-2.94371846,-6.03098782,27.8725919,True,True
NGC 6624,-565.2,278.634279,-32.0170415,7.98027505,2.31920828,-10.7283142,-0.291436291,0.317286211,-1.4847924,0.430819744,1.54603174,50.7396271,-6.89220083,2.97277866,-2.88974417,-6.05517731,27.997785,True,True
NGC 6624,-565.3,278.646429,-32.0147477,7.975261,2.32581384,-10.7366369,-0.296611343,0.317980751,-1.48498399,0.434844853,1.54734208,50.4621691,-6.68988168,0.774172206,-2.83578923,-6.0793094,28.1198959,True,True
NGC 6624,-565.4,278.656783,-32.0118955,7.97023197,2.33226797,-10.7433455,-0.301757798,0.31865453,-1.48495081,0.438860432,1.54844354,50.1803935,-6.48622011,-1.42289702,-2.78184961,-6.10338788,28.2387724,True,True
NGC 6624,-565.5,278.665338,-32.0084856,7.96518835,2.33856914,-10.7484375,-0.306875215,0.319307411,-1.484693,0.44286524,1.54933628,49.894293,-6.28118707,-3.61860488,-2.72792127,-6.12741657,28.3542599,True,True
NGC 6624,-565.6,278.67209,-32.0045183,7.96013052,2.34471583,-10.7519102,-0.311963151,0.319939252,-1.48421069,0.446858067,1.55002049,49.603859,-6.07475303,-5.8131267,-2.67400018,-6.15139922,28.4662019,True,True
NGC 6624,-565.7,278.677037,-31.9999941,7.95505887,2.35070647,-10.7537606,-0.317021161,0.320549907,-1.483504,0.450837731,1.5504963,49.3090809,-5.86688796,-8.00663734,-2.62008229,-6.17533959,28.5744397,True,True
NGC 6624,-565.8,278.680173,-31.9949132,7.94997384,2.35653948,-10.7539859,-0.322048802,0.32113923,-1.48257302,0.454803073,1.55076388,49.0099462,-5.65756129,-10.1993113,-2.56616358,-6.19924137,28.6788124,True,True
NGC 6624,-565.9,278.681495,-31.9892756,7.94487585,2.36221324,-10.7525827,-0.327045626,0.321707068,-1.48141783,0.45875296,1.55082335,48.7064408,-5.44674191,-12.3913226,-2.51224001,-6.22310826,28.7791568,True,True
NGC 6624,-566,278.680999,-31.9830814,7.93976537,2.36772612,-10.7495479,-0.332011186,0.322253267,-1.48003849,0.462686282,1.55067486,48.3985485,-5.23439813,-14.5828452,-2.45830755,-6.24694393,28.8753073,True,True
NGC 6624,-566.1,278.678682,-31.9763305,7.93464286,2.37307645,-10.7448778,-0.336945033,0.322777671,-1.47843503,0.46660195,1.55031852,48.0862517,-5.02049765,-16.7740526,-2.40436217,-6.27075201,28.9670961,True,True
NGC 6624,-566.2,278.674538,-31.9690227,7.92950881,2.37826256,-10.738569,-0.341846714,0.323280118,-1.47660749,0.470498895,1.54975446,47.7695307,-4.80500756,-18.9651183,-2.35039984,-6.2945361,29.0543527,True,True
NGC 6624,-566.3,278.668563,-31.9611575,7.92436373,2.38328271,-10.7306176,-0.346715777,0.323760443,-1.47455586,0.474376069,1.54898277,47.4483641,-4.58789427,-21.1562155,-2.29641652,-6.3182998,29.1369041,True,True
NGC 6624,-566.4,278.660753,-31.9527346,7.91920815,2.38813517,-10.7210196,-0.351551766,0.32421848,-1.47228014,0.47823244,1.54800357,47.1227285,-4.36912351,-23.3475175,-2.24240819,-6.34204666,29.2145746,True,True
NGC 6624,-566.5,278.651104,-31.9437534,7.91404262,2.39281816,-10.7097711,-0.356354221,0.324654057,-1.46978029,0.482066995,1.54681695,46.7925989,-4.14866029,-25.5391976,-2.18837082,-6.36578022,29.287186,True,True
NGC 6624,-566.6,278.63961,-31.9342132,7.90886769,2.39732988,-10.6968679,-0.361122683,0.325066998,-1.46705627,0.485878736,1.545423,46.4579483,-3.9264689,-27.7314289,-2.13430037,-6.38950398,29.3545571,True,True
NGC 6624,-566.7,278.626268,-31.9241131,7.90368396,2.4016685,-10.6823054,-0.365856688,0.325457126,-1.46410801,0.48966668,1.54382179,46.1187479,-3.70251282,-29.9243848,-2.08019281,-6.41322142,29.4165037,True,True
NGC 6624,-566.8,278.611071,-31.9134524,7.89849201,2.40583216,-10.6660792,-0.370555768,0.325824258,-1.46093543,0.493429858,1.54201341,45.774967,-3.47675475,-32.118239,-2.02604413,-6.436936,29.472839,True,True
NGC 6624,-566.9,278.594016,-31.9022299,7.89329249,2.40981896,-10.6481847,-0.375219454,0.326168208,-1.45753843,0.497167314,1.53999793,45.426573,-3.24915654,-34.313165,-1.97185027,-6.46065115,29.5233727,True,True
NGC 6624,-567,278.575096,-31.8904445,7.88808604,2.413627,-10.628617,-0.379847271,0.326488785,-1.45391689,0.500878105,1.53777541,45.0735313,-3.01967917,-36.5093368,-1.91760722,-6.48437026,29.5679118,True,True
NGC 6624,-567.1,278.554308,-31.878095,7.8828733,2.4172543,-10.6073711,-0.384438744,0.326785795,-1.45007067,0.504561298,1.53534591,44.7158055,-2.78828271,-38.7069287,-1.86331093,-6.50809672,29.6062597,True,True
NGC 6624,-567.2,278.531645,-31.8651799,7.87765499,2.42069889,-10.5844419,-0.38899339,0.32705904,-1.44599963,0.508215971,1.53270949,44.3533571,-2.5549263,-40.9061153,-1.8089574,-6.53183386,29.6382166,True,True
NGC 6624,-567.3,278.507102,-31.8516979,7.87243179,2.42395874,-10.5598242,-0.393510725,0.327308317,-1.44170358,0.511841211,1.52986621,43.9861458,-2.31956809,-43.1070715,-1.75454257,-6.555585,29.6635792,True,True
NGC 6624,-567.4,278.480674,-31.8376472,7.86720444,2.42703181,-10.5335125,-0.39799026,0.32753342,-1.43718233,0.515436114,1.52681612,43.6141289,-2.08216522,-45.3099728,-1.70006244,-6.57935343,29.6821407,True,True
NGC 6624,-567.5,278.452355,-31.8230262,7.86197369,2.429916,-10.5055013,-0.4024315,0.327734137,-1.43243569,0.518999785,1.52355925,43.2372621,-1.84267377,-47.514995,-1.64551297,-6.6031424,29.6936906,True,True
NGC 6624,-567.6,278.422139,-31.807833,7.85674031,2.43260919,-10.4757849,-0.406833947,0.327910253,-1.42746342,0.522531333,1.52009566,42.8554987,-1.60104873,-49.7223146,-1.59089013,-6.62695515,29.6980147,True,True
NGC 6624,-567.7,278.390021,-31.7920658,7.85150511,2.43510923,-10.4443574,-0.411197099,0.328061545,-1.42226528,0.526029877,1.51642539,42.4687899,-1.35724395,-51.9321085,-1.53618992,-6.65079485,29.6948949,True,True
NGC 6624,-567.8,278.355995,-31.7757224,7.84626889,2.43741391,-10.4112127,-0.415520447,0.328187791,-1.41684101,0.52949454,1.51254849,42.0770848,-1.11121208,-54.1445543,-1.48140831,-6.67466469,29.6841091,True,True
NGC 6624,-567.9,278.320054,-31.7588007,7.84103251,2.439521,-10.3763449,-0.419803476,0.328288758,-1.41119033,0.532924448,1.50846499,41.6803302,-0.862904582,-56.3598301,-1.42654129,-6.69856777,29.665431,True,True
NGC 6624,-568,278.282192,-31.7412983,7.83579683,2.44142823,-10.3397476,-0.424045669,0.328364212,-1.40531293,0.536318734,1.50417493,41.2784708,-0.612271604,-58.5781147,-1.37158485,-6.7225072,29.6386301,True,True
NGC 6624,-568.1,278.242404,-31.723213,7.83056275,2.44313329,-10.3014143,-0.428246499,0.328413913,-1.39920851,0.539676535,1.49967837,40.8714488,-0.35926199,-60.7995876,-1.316535,-6.74648603,29.6034716,True,True
NGC 6624,-568.2,278.200683,-31.7045421,7.82533118,2.44463382,-10.2613385,-0.432405436,0.328437614,-1.39287672,0.542996986,1.49497535,40.4592042,-0.10382321,-63.0244289,-1.26138775,-6.77050727,29.5597161,True,True
NGC 6624,-568.3,278.157022,-31.685283,7.82010307,2.44592744,-10.2195134,-0.436521943,0.328435064,-1.38631722,0.546279231,1.49006592,40.0416744,0.154098693,-65.2528197,-1.2061391,-6.79457389,29.5071198,True,True
NGC 6624,-568.4,278.111416,-31.6654331,7.81487939,2.44701169,-10.1759323,-0.440595475,0.328406007,-1.37952963,0.549522409,1.48495012,39.6187946,0.414559156,-67.4849415,-1.1507851,-6.81868884,29.4454338,True,True
NGC 6624,-568.5,278.063857,-31.6449895,7.80966113,2.4478841,-10.1305881,-0.444625483,0.328350181,-1.37251355,0.552725665,1.47962803,39.1904972,0.67761515,-69.7209768,-1.09532177,-6.84285499,29.3744045,True,True
NGC 6624,-568.6,278.014339,-31.6239491,7.80444933,2.44854215,-10.0834737,-0.448611408,0.328267315,-1.36526859,0.555888142,1.47409971,38.7567122,0.943325243,-71.9611087,-1.03974517,-6.8670752,29.2937731,True,True
NGC 6624,-568.7,277.962855,-31.6023089,7.79924502,2.44898326,-10.0345818,-0.452552686,0.328157138,-1.35779431,0.559008981,1.46836522,38.317367,1.21174966,-74.2055211,-0.984051369,-6.89135225,29.2032758,True,True
NGC 6624,-568.8,277.909398,-31.5800658,7.7940493,2.44920481,-9.98390495,-0.456448744,0.328019366,-1.35009026,0.562087324,1.46242465,37.872386,1.48295033,-76.4543987,-0.928236457,-6.91568888,29.1026432,True,True
NGC 6624,-568.9,277.853961,-31.5572164,7.78886328,2.44920414,-9.9314357,-0.460299001,0.327853714,-1.34215598,0.565122313,1.4562781,37.4216911,1.75699099,-78.7079268,-0.872296539,-6.9400878,28.9916005,True,True
NGC 6624,-569,277.796538,-31.5337573,7.78368808,2.44897853,-9.87716632,-0.46410287,0.327659888,-1.33399098,0.568113084,1.44992566,36.9652011,2.03393722,-80.9662916,-0.816227748,-6.96455162,28.8698671,True,True
NGC 6624,-569.1,277.737121,-31.509685,7.77852489,2.44852521,-9.82108902,-0.467859753,0.327437586,-1.32559476,0.571058772,1.44336745,36.5028321,2.31385652,-83.2296798,-0.760026241,-6.98908291,28.7371565,True,True
NGC 6624,-569.2,277.675703,-31.4849959,7.7733749,2.44784136,-9.76319585,-0.471569045,0.327186502,-1.3169668,0.57395851,1.43660361,36.034497,2.5968184,-85.4982788,-0.703688203,-7.01368419,28.5931764,True,True
NGC 6624,-569.3,277.612276,-31.4596863,7.76823934,2.4469241,-9.70347873,-0.47523013,0.326906321,-1.30810655,0.576811424,1.42963428,35.5601056,2.88289444,-87.7722768,-0.647209856,-7.03835788,28.437628,True,True
NGC 6624,-569.4,277.546834,-31.4337522,7.76311949,2.44577051,-9.64192948,-0.478842385,0.32659672,-1.29901346,0.579616638,1.42245963,35.0795646,3.17215838,-90.0518621,-0.590587455,-7.06310635,28.270206,True,True
NGC 6624,-569.5,277.479369,-31.4071898,7.75801663,2.4443776,-9.57853977,-0.482405177,0.326257369,-1.28968693,0.58237327,1.41507986,34.5927771,3.4646862,-92.3372238,-0.533817298,-7.0879319,28.0905989,True,True
NGC 6624,-569.6,277.409873,-31.379995,7.7529321,2.44274231,-9.51330116,-0.48591786,0.325887931,-1.28012637,0.58508043,1.40749517,34.0996433,3.76055623,-94.6285514,-0.476895726,-7.11283672,27.8984879,True,True
NGC 6624,-569.7,277.33834,-31.3521636,7.74786726,2.44086155,-9.44620509,-0.489379781,0.325488059,-1.27033117,0.587737225,1.3997058,33.6000594,4.05984918,-96.9260344,-0.419819137,-7.13782293,27.6935475,True,True
NGC 6624,-569.8,277.26476,-31.3236914,7.74282351,2.43873215,-9.37724288,-0.492790274,0.3250574,-1.26030067,0.590342754,1.39171202,33.0939184,4.36264827,-99.2298625,-0.362583982,-7.16289257,27.4754449,True,True
NGC 6624,-569.9,277.189127,-31.2945741,7.73780229,2.43635087,-9.30640573,-0.496148664,0.32459559,-1.25003423,0.592896107,1.38351413,32.5811092,4.66903934,-101.540225,-0.305186775,-7.18804754,27.2438398,True,True
NGC 6624,-570,277.111433,-31.2648071,7.73280508,2.43371442,-9.23368476,-0.499454262,0.324102258,-1.23953116,0.595396367,1.37511248,32.0615173,4.97911095,-103.857313,-0.247624102,-7.21328969,26.9983841,True,True
NGC 6624,-570.1,277.03167,-31.2343859,7.72783338,2.43081943,-9.15907094,-0.502706369,0.323577022,-1.22879076,0.597842607,1.36650742,31.5350239,5.29295446,-106.181314,-0.189892625,-7.2386207,26.7387222,True,True
NGC 6624,-570.2,276.949831,-31.2033058,7.72288874,2.42766247,-9.08255517,-0.505904273,0.323019492,-1.21781233,0.600233893,1.35769938,31.0015063,5.61066415,-108.512417,-0.131989095,-7.26404217,26.4644899,True,True
NGC 6624,-570.3,276.865907,-31.1715622,7.71797276,2.42424003,-9.00412825,-0.509047249,0.322429268,-1.20659512,0.602569278,1.34868882,30.4608374,5.93233734,-110.85081,-0.0739103557,-7.28955555,26.1753148,True,True
NGC 6624,-570.4,276.77989,-31.1391502,7.71308705,2.42054854,-8.92378086,-0.512134559,0.321805939,-1.19513838,0.604847806,1.33947625,29.9128861,6.2580745,-113.19668,-0.0156533587,-7.31516217,25.870816,True,True
NGC 6624,-570.5,276.691773,-31.1060649,7.7082333,2.41658433,-8.84150362,-0.515165451,0.321149084,-1.18344134,0.60706851,1.33006224,29.3575165,6.58797937,-115.550211,0.0427848283,-7.34086317,25.5506036,True,True
NGC 6624,-570.6,276.601548,-31.0723012,7.70341321,2.41234367,-8.75728706,-0.518139159,0.320458272,-1.17150319,0.60923041,1.32044743,28.7945883,6.92215911,-117.911587,0.101407008,-7.36665958,25.2142785,True,True
NGC 6624,-570.7,276.509206,-31.0378541,7.69862854,2.40782275,-8.67112163,-0.521054903,0.319733059,-1.15932314,0.611332513,1.31063251,28.2239562,7.26072437,-120.280989,0.160215839,-7.39255222,24.8614323,True,True
NGC 6624,-570.8,276.41474,-31.0027184,7.69388108,2.40301767,-8.58299772,-0.523911888,0.318972992,-1.14690035,0.613373814,1.30061825,27.6454703,7.60378949,-122.658594,0.219213823,-7.41854175,24.4916468,True,True
NGC 6624,-570.9,276.318142,-30.966889,7.68917269,2.39792444,-8.49290564,-0.526709302,0.318177604,-1.13423397,0.615353294,1.2904055,27.0589753,7.95147259,-125.044579,0.278403285,-7.44462862,24.104494,True,True
NGC 6624,-571,276.219403,-30.9303604,7.68450525,2.39253899,-8.40083565,-0.529446318,0.317346417,-1.12132313,0.617269918,1.2799952,26.4643108,8.30389573,-127.439114,0.337786356,-7.47081306,23.6995356,True,True
NGC 6624,-571.1,276.118515,-30.8931274,7.67988071,2.38685717,-8.306778,-0.532122092,0.316478939,-1.10816696,0.619122637,1.26938838,25.8613111,8.66118506,-129.842365,0.397364952,-7.49709508,23.2763228,True,True
NGC 6624,-571.2,276.015472,-30.8551845,7.67530104,2.3808747,-8.21072284,-0.534735764,0.315574667,-1.09476456,0.620910386,1.25858617,25.2498049,9.02347095,-132.254494,0.457140753,-7.52347445,22.8343959,True,True
NGC 6624,-571.3,275.910264,-30.8165263,7.67076829,2.37458723,-8.11266036,-0.537286453,0.314633082,-1.081115,0.622632081,1.24758982,24.629615,9.39088817,-134.675656,0.517115176,-7.54995063,22.3732843,True,True
NGC 6624,-571.4,275.802884,-30.7771472,7.66628455,2.36799032,-8.01258068,-0.539773263,0.313653652,-1.06721736,0.624286624,1.23640069,24.0005584,9.76357601,-137.105998,0.577289346,-7.57652285,21.892506,True,True
NGC 6624,-571.5,275.693324,-30.7370417,7.66185195,2.3610794,-7.91047396,-0.542195277,0.312635831,-1.05307069,0.625872895,1.22502031,23.3624463,10.1416784,-139.54566,0.637664067,-7.60318998,21.3915671,True,True
NGC 6624,-571.6,275.581576,-30.6962042,7.65747269,2.35384981,-7.80633035,-0.544551559,0.311579059,-1.03867403,0.627389759,1.21345031,22.7150831,10.5253443,-141.994771,0.698239785,-7.62995057,20.8699621,True,True
NGC 6624,-571.7,275.467632,-30.6546291,7.65314901,2.34629677,-7.70014004,-0.546841153,0.310482757,-1.0240264,0.628836059,1.2016925,22.0582674,10.9147273,-144.453451,0.75901655,-7.65680279,20.3271732,True,True
NGC 6624,-571.8,275.351485,-30.6123109,7.64888323,2.33841539,-7.59189325,-0.549063081,0.309346334,-1.00912684,0.630210617,1.18974888,21.3917908,11.3099866,-146.921807,0.819993975,-7.68374444,19.7626701,True,True
NGC 6624,-571.9,275.233128,-30.5692438,7.64467769,2.33020068,-7.48158027,-0.551216345,0.308169179,-0.993974327,0.631512234,1.17762161,20.7154384,11.7112864,-149.399929,0.881171181,-7.71077285,19.1759097,True,True
NGC 6624,-572,275.112553,-30.5254222,7.64053483,2.32164751,-7.36919148,-0.553299923,0.306950667,-0.978567875,0.632739691,1.16531309,20.0289883,12.1187963,-151.887894,0.942546754,-7.73788491,18.5663361,True,True
NGC 6624,-572.1,274.989753,-30.4808407,7.63645713,2.31275063,-7.25471735,-0.555312771,0.305690153,-0.96290647,0.633891744,1.15282593,19.3322117,12.5326918,-154.38576,1.00411867,-7.76507698,17.9333802,True,True
NGC 6624,-572.2,274.86472,-30.4354936,7.63244712,2.30350466,-7.13814848,-0.557253821,0.304386976,-0.946989097,0.634967126,1.14016297,18.6248725,12.9531539,-156.893562,1.06588425,-7.79234488,17.2764595,True,True
NGC 6624,-572.3,274.737449,-30.3893755,7.6285074,2.29390411,-7.01947563,-0.559121979,0.303040453,-0.93081474,0.635964546,1.12732736,17.9067276,13.3803694,-159.411313,1.12784005,-7.81968381,16.594978,True,True
NGC 6624,-572.4,274.607932,-30.3424809,7.62464067,2.28394332,-6.89868974,-0.560916129,0.301649886,-0.914382381,0.636882688,1.11432253,17.1775263,13.8145312,-161.938997,1.18998181,-7.84708831,15.8883261,True,True
NGC 6624,-572.5,274.476163,-30.2948045,7.62084963,2.27361652,-6.77578198,-0.562635127,0.300214552,-0.897691007,0.637720208,1.10115222,16.4370108,14.255838,-164.476569,1.25230434,-7.87455221,15.1558805,True,True
NGC 6624,-572.6,274.342136,-30.246341,7.61713711,2.26291778,-6.65074375,-0.564277801,0.298733711,-0.880739609,0.638475737,1.08782054,15.6849157,14.7044949,-167.023947,1.31480142,-7.90206852,14.3970044,True,True
NGC 6624,-572.7,274.205845,-30.1970854,7.61350597,2.25184103,-6.52356675,-0.565842954,0.297206601,-0.863527192,0.63914788,1.07433199,14.9209684,15.1607128,-169.58101,1.37746566,-7.92962942,13.611047,True,True
NGC 6624,-572.8,274.067286,-30.1470326,7.60995916,2.24038006,-6.39424303,-0.567329359,0.295632437,-0.846052772,0.63973521,1.06069149,14.1448889,15.6247089,-172.147593,1.44028839,-7.9572261,12.7973445,True,True
NGC 6624,-572.9,273.926452,-30.0961779,7.60649968,2.22852849,-6.26276501,-0.56873576,0.294010412,-0.828315387,0.640236275,1.04690442,13.3563901,16.0967062,-174.723477,1.50325951,-7.98484874,11.9552198,True,True
NGC 6624,-573,273.78334,-30.0445167,7.60313063,2.21627978,-6.12912555,-0.570060874,0.292339697,-0.810314099,0.640649591,1.03297669,12.555178,16.5769337,-177.308388,1.56636725,-8.01248635,11.0839829,True,True
NGC 6624,-573.1,273.637947,-29.9920447,7.59985518,2.20362726,-5.99331803,-0.571303383,0.290619437,-0.792048002,0.640973645,1.01891474,11.7409522,17.0656263,-179.901983,1.62959806,-8.04012666,10.1829317,True,True
NGC 6624,-573.2,273.490267,-29.9387578,7.59667655,2.19056405,-5.85533637,-0.572461942,0.288848755,-0.773516228,0.641206893,1.00472565,10.9134058,17.563024,-182.503847,1.69293634,-8.06775603,9.2513528,True,True
NGC 6624,-573.3,273.3403,-29.8846524,7.59359807,2.17708315,-5.71517516,-0.573535173,0.287026749,-0.754717956,0.64134776,0.990417156,10.0722266,18.069372,-185.113477,1.75636416,-8.09535925,8.28852214,True,True
NGC 6624,-573.4,273.188043,-29.8297249,7.59062312,2.16317735,-5.5728297,-0.574521665,0.285152489,-0.735652422,0.64139464,0.975997731,9.21709751,18.5849201,-187.730275,1.81986103,-8.12291941,7.2937065,True,True
NGC 6624,-573.5,273.033494,-29.7739724,7.58775519,2.1488393,-5.42829614,-0.575419974,0.283225022,-0.716318929,0.641345897,0.96147666,8.34769746,19.1099219,-190.353532,1.88340352,-8.15041768,6.26616493,True,True
NGC 6624,-573.6,272.876655,-29.7173925,7.58499782,2.13406147,-5.28157152,-0.576228625,0.281243368,-0.696716856,0.64119986,0.946864108,7.46370258,19.644634,-192.982415,1.94696489,-8.17783313,5.20515064,True,True
NGC 6624,-573.7,272.717525,-29.6599831,7.58235465,2.11883615,-5.13265397,-0.576946109,0.27920652,-0.676845677,0.64095483,0.93217121,6.56478761,20.1893154,-195.615948,2.01051468,-8.20514248,4.10991337,True,True
NGC 6624,-573.8,272.556107,-29.6017429,7.5798294,2.10315547,-4.98154277,-0.577570883,0.277113447,-0.656704974,0.640609076,0.917410165,5.6506276,20.7442255,-198.252991,2.07401821,-8.23231981,2.97970223,True,True
NGC 6624,-573.9,272.392404,-29.5426711,7.57742585,2.08701138,-4.82823856,-0.578101372,0.274963089,-0.636294454,0.640160836,0.902594332,4.72089996,21.3096232,-200.892221,2.137436,-8.2593363,1.81376908,True,True
NGC 6624,-574,272.226422,-29.4827678,7.57514789,2.07039569,-4.67274348,-0.578535966,0.272754359,-0.615613968,0.639608321,0.887738341,3.77528694,21.8857648,-203.532102,2.20072313,-8.2861598,0.611372749,True,True
NGC 6624,-574.1,272.058166,-29.422034,7.57299946,2.05330002,-4.51506136,-0.578873026,0.270486146,-0.59466354,0.638949713,0.872858214,2.81347863,22.4729019,-206.170857,2.26382851,-8.31275451,-0.628216066,True,True
NGC 6624,-574.2,271.887646,-29.3604714,7.57098461,2.03571585,-4.35519794,-0.57911088,0.268157314,-0.573443387,0.638183168,0.857971488,1.83517646,23.0712784,-208.806431,2.32669405,-8.33908048,-1.90570881,True,True
NGC 6624,-574.3,271.714872,-29.2980831,7.56910745,2.01763452,-4.19316115,-0.579247826,0.2657667,-0.551953953,0.637306819,0.843097354,0.840097397,23.6811275,-211.436456,2.38925363,-8.36509311,-3.22179198,True,True
NGC 6624,-574.4,271.539857,-29.2348732,7.56737216,1.99904723,-4.02896135,-0.579282134,0.26331312,-0.530195942,0.63631878,0.8282568,-0.172021085,24.3026683,-214.058201,2.45143205,-8.39074254,-4.57711879,True,True
NGC 6624,-574.5,271.362616,-29.1708473,7.56578298,1.9799451,-3.86261166,-0.579212051,0.260795367,-0.508170357,0.635217147,0.813472763,-1.20141528,24.9361006,-216.668518,2.5131437,-8.41597297,-5.9722992,True,True
NGC 6624,-574.6,271.183169,-29.1060125,7.56434425,1.9603191,-3.69412832,-0.579035798,0.258212217,-0.485878549,0.634000004,0.798770285,-2.24828842,25.5816006,-219.263787,2.57429113,-8.44072188,-7.40788815,True,True
NGC 6624,-574.7,271.001537,-29.0403778,7.56306032,1.94016019,-3.52353112,-0.578751579,0.255562428,-0.463322263,0.632665429,0.784176679,-3.31280284,26.2393142,-221.839843,2.63476334,-8.46491913,-8.88437171,True,True
NGC 6624,-574.8,270.817748,-28.9739539,7.56193564,1.91945924,-3.35084385,-0.578357584,0.252844744,-0.440503705,0.631211501,0.769721686,-4.39507092,26.9093502,-224.391895,2.6944339,-8.48848594,-10.4021509,True,True
NGC 6624,-574.9,270.63183,-28.9067541,7.56097467,1.89820715,-3.17609485,-0.577851994,0.250057902,-0.417425604,0.629636308,0.755437632,-5.4951447,27.5917729,-226.914439,2.75315876,-8.51133374,-11.9615229,True,True
NGC 6624,-575,270.44382,-28.8387941,7.5601819,1.87639486,-2.99931758,-0.577232987,0.247200633,-0.394091294,0.627937954,0.741359577,-6.61300401,28.2865922,-229.401152,2.81077378,-8.53336281,-13.5626586,True,True
NGC 6624,-575.1,270.253759,-28.7700923,7.55956184,1.85401336,-2.82055138,-0.576498751,0.244271673,-0.370504801,0.626114574,0.727525441,-7.74854308,28.9937543,-231.844776,2.86709198,-8.55446078,-15.2055773,True,True
NGC 6624,-575.2,270.061695,-28.7006707,7.55911902,1.83105385,-2.63984219,-0.575647486,0.241269764,-0.34667095,0.624164342,0.713976102,-8.90155567,29.7131298,-234.236992,2.92190053,-8.574501,-16.8901169,True,True
NGC 6624,-575.3,269.867682,-28.6305547,7.5588579,1.80750769,-2.45724345,-0.57467742,0.238193668,-0.322595473,0.622085493,0.70075545,-10.0717186,30.4445019,-236.568273,2.97495744,-8.59334067,-18.6159003,True,True
NGC 6624,-575.4,269.671785,-28.5597741,7.55878294,1.78336658,-2.27281711,-0.573586823,0.235042173,-0.298285147,0.619876331,0.687910383,-11.2585741,31.1875529,-238.827743,3.02598807,-8.6108189,-20.3822965,True,True
NGC 6624,-575.5,269.474074,-28.4883632,7.55889851,1.75862257,-2.08663473,-0.572374016,0.231814106,-0.273747934,0.617535257,0.675490729,-12.4615103,31.9418505,-241.003018,3.0746818,-8.62675479,-22.1883771,True,True
NGC 6624,-575.6,269.274634,-28.4163618,7.55920885,1.73326821,-1.89877867,-0.571037393,0.228508345,-0.248993149,0.615060784,0.663549061,-13.6797419,32.7068335,-243.080075,3.12068883,-8.64094557,-24.0328675,False,False
NGC 6624,-575.7,269.073559,-28.3438156,7.5597181,1.70729665,-1.70934343,-0.56957544,0.22512383,-0.224031628,0.612451566,0.652140392,-14.9122904,33.4817982,-245.04314,3.16361803,-8.65316522,-25.914094,False,False
NGC 6624,-575.8,268.870957,-28.2707768,7.56043017,1.68070173,-1.51843694,-0.567986749,0.221659585,-0.198875912,0.60970642,0.641321719,-16.1579649,34.2658854,-246.874649,3.20303632,-8.66316405,-27.8299267,False,False
NGC 6624,-575.9,268.66695,-28.1973051,7.56134874,1.65347817,-1.32618198,-0.566270051,0.218114726,-0.173540427,0.60682436,0.631151396,-17.4153457,35.0580702,-248.555321,3.23847096,-8.67066972,-29.7777215,False,False
NGC 6624,-576,268.461676,-28.123468,7.56247722,1.62562164,-1.13271727,-0.56442423,0.214488487,-0.14804165,0.603804622,0.621688308,-18.6827714,35.8571541,-250.064405,3.26941602,-8.67539086,-31.7542639,False,False
NGC 6624,-576.1,268.255288,-28.0493413,7.56381864,1.59712895,-0.938198455,-0.562448354,0.210780228,-0.122398235,0.600646698,0.612990851,-19.9583327,36.6617626,-251.380178,3.29534501,-8.6770241,-33.7557217,False,False
NGC 6624,-576.2,268.047956,-27.9750094,7.56537561,1.56799814,-0.742798448,-0.560341699,0.206989465,-0.0966310744,0.597350365,0.605115711,-21.2398736,37.4703485,-252.480755,3.31573089,-8.67526563,-35.7776148,False,False
NGC 6624,-576.3,267.839868,-27.9005652,7.56715026,1.53822867,-0.546707036,-0.558103776,0.203115875,-0.0707632586,0.59391572,0.598116478,-22.525005,38.2812032,-253.345243,3.33007429,-8.66982765,-37.8148139,False,False
NGC 6624,-576.4,267.631224,-27.8261092,7.56914416,1.50782149,-0.350129462,-0.555734346,0.19915932,-0.0448199044,0.590343204,0.592042162,-23.8111303,39.0924749,-253.955178,3.33793832,-8.66045899,-39.8615803,False,False
NGC 6624,-576.5,267.422237,-27.7517482,7.57135827,1.47677915,-0.153283808,-0.553233449,0.195119857,-0.0188278256,0.586633623,0.586935682,-25.0954854,39.9021977,-254.296084,3.33898604,-8.64696764,-41.9116566,False,False
NGC 6624,-576.6,267.213129,-27.6775937,7.57379289,1.44510587,0.0436027701,-0.550601413,0.19099775,0.00718494746,0.582788174,0.582832463,-26.3751922,40.708326,-254.358884,3.33301385,-8.62924115,-43.9584112,False,False
NGC 6624,-576.7,267.004126,-27.6037591,7.57644764,1.41280759,0.240298796,-0.547838862,0.186793471,0.0331897772,0.578808448,0.579759244,-27.6473216,41.5087766,-254.140831,3.31997329,-8.60726034,-45.9950273,False,False
NGC 6624,-576.8,266.79545,-27.5303573,7.57932142,1.37989196,0.43657361,-0.54494672,0.182507708,0.0591580804,0.574696434,0.577733217,-28.9089629,42.3014729,-253.645741,3.29997567,-8.58110291,-48.0147158,False,False
NGC 6624,-576.9,266.58732,-27.4574979,7.58241247,1.34636831,0.632202421,-0.541926206,0.178141358,0.0850619794,0.570454517,0.57676156,-30.1572918,43.0843885,-252.883456,3.27327832,-8.55093583,-50.0109245,False,False
NGC 6624,-577,266.379943,-27.3852854,7.58571837,1.31224759,0.826970677,-0.53877882,0.173695522,0.110874867,0.566085462,0.576841388,-31.3896315,43.8555881,-251.868701,3.24025638,-8.51699885,-51.9775183,False,False
NGC 6624,-577.1,266.173515,-27.3138167,7.58923608,1.27754225,1.02067734,-0.535506324,0.169171491,0.136571826,0.561592394,0.577960103,-32.6035044,44.6132615,-250.61962,3.20136716,-8.47958297,-53.9089118,False,False
NGC 6624,-577.2,265.968213,-27.2431808,7.59296204,1.24226614,1.21313707,-0.532110726,0.164570735,0.162129909,0.556978771,0.580096077,-33.7966697,45.3557509,-249.156298,3.15711427,-8.43900859,-55.8001519,False,False
NGC 6624,-577.3,265.764201,-27.1734577,7.5968922,1.20643434,1.4041812,-0.528594245,0.159894884,0.187528266,0.552248359,0.583219598,-34.9671478,46.0815697,-247.499477,3.10801682,-8.39560639,-57.6469522,False,False
NGC 6624,-577.4,265.561625,-27.1047185,7.60102211,1.17006305,1.59365795,-0.524959292,0.155145711,0.212748156,0.547405197,0.587293988,-36.1132335,46.7894139,-245.669591,3.05458617,-8.34970257,-59.4456916,False,False
NGC 6624,-577.5,265.360615,-27.0370257,7.60534696,1.13316939,1.78143187,-0.521208437,0.150325114,0.237772887,0.542453569,0.592276811,-37.2334972,47.4781668,-243.686113,2.99731039,-8.30160885,-61.1933874,False,False
NGC 6624,-577.6,265.161288,-26.9704336,7.60986167,1.09577126,1.96738299,-0.517344382,0.145435094,0.26258769,0.537397968,0.598121118,-38.3267787,48.1468973,-241.567171,2.93664513,-8.25161638,-62.8876521,False,False
NGC 6624,-577.7,264.963744,-26.9049892,7.61456094,1.0578872,2.15140569,-0.513369935,0.140477739,0.287179574,0.53224307,0.604776647,-39.3921746,48.7948538,-239.329375,2.87300937,-8.19999268,-64.5266425,False,False
NGC 6624,-577.8,264.768074,-26.8407324,7.61943928,1.0195362,2.33340745,-0.509287984,0.135455204,0.311537166,0.526993703,0.612190958,-40.4290208,49.4214547,-236.987768,2.80678442,-8.1469808,-66.109005,False,False
NGC 6624,-577.9,264.574355,-26.7776969,7.6244911,0.980737622,2.51330767,-0.505101474,0.130369697,0.335650552,0.521654825,0.620310446,-41.4368726,50.026276,-234.55587,2.73831488,-8.09279969,-67.6338211,False,False
NGC 6624,-578,264.382655,-26.715911,7.62971072,0.941511013,2.69103652,-0.500813383,0.12522346,0.359511129,0.516231498,0.629081244,-42.4154824,50.6090375,-232.045771,2.66791079,-8.03764545,-69.1005546,False,False
NGC 6624,-578.1,264.193033,-26.6553979,7.6350924,0.901876042,2.86653378,-0.496426707,0.120018759,0.383111461,0.510728869,0.638449974,-43.3647779,51.1695879,-229.468242,2.59585027,-7.98169301,-70.5090017,False,False
NGC 6624,-578.2,264.005538,-26.5961765,7.6406304,0.861852372,3.03974791,-0.491944442,0.114757867,0.406445151,0.505152158,0.648364375,-44.2848393,51.7078902,-226.832855,2.52238231,-7.92509786,-71.8592451,False,False
NGC 6624,-578.3,263.820213,-26.5382617,7.64631899,0.821459581,3.21063508,-0.487369568,0.109443058,0.429506724,0.499506635,0.658773788,-45.1758786,52.2240071,-224.148104,2.44772959,-7.86799793,-73.1516118,False,False
NGC 6624,-578.4,263.637096,-26.4816651,7.65215247,0.780717086,3.37915837,-0.482705037,0.104076593,0.452291524,0.49379762,0.669629534,-46.0382189,52.718087,-221.421519,2.37209105,-7.81051535,-74.3866351,False,False
NGC 6624,-578.5,263.456215,-26.4263952,7.65812521,0.739644076,3.54528705,-0.477953763,0.0986607156,0.474795622,0.488030466,0.680885173,-46.8722766,53.1903509,-218.659765,2.2956444,-7.75275807,-75.5650206,False,False
NGC 6624,-578.6,263.277597,-26.3724579,7.66423161,0.698259461,3.70899586,-0.473118615,0.0931976432,0.497015727,0.48221056,0.692496684,-47.6785439,53.6410809,-215.868742,2.21854825,-7.69482141,-76.687616,False,False
NGC 6624,-578.7,263.101262,-26.3198565,7.67046621,0.656581826,3.87026446,-0.468202406,0.0876895612,0.51894912,0.476343313,0.704422559,-48.4575744,54.0706088,-213.053669,2.14094416,-7.63678942,-77.7553842,False,False
NGC 6624,-578.8,262.927226,-26.2685927,7.67682361,0.614629394,4.02907689,-0.463207892,0.0821386194,0.540593581,0.470434166,0.716623837,-49.2099692,54.4793069,-210.219158,2.06295839,-7.57873615,-78.7693806,False,False
NGC 6624,-578.9,262.755501,-26.218666,7.68329851,0.572420001,4.18542108,-0.458137765,0.0765469276,0.561947335,0.464488584,0.729064093,-49.9363655,54.8675793,-207.369285,1.98470355,-7.52072675,-79.7307325,False,False
NGC 6624,-579,262.586097,-26.1700745,7.68988574,0.529971073,4.33928843,-0.45299465,0.070916553,0.583008999,0.458512062,0.741709379,-50.6374265,55.2358542,-204.50765,1.90627998,-7.46281848,-80.6406218,False,False
NGC 6624,-579.1,262.41902,-26.122815,7.69658023,0.487299609,4.49067343,-0.447781104,0.0652495181,0.603777535,0.452510128,0.754528149,-51.3138328,55.5845779,-201.637426,1.82777707,-7.4050616,-81.5002702,False,False
NGC 6624,-579.2,262.254273,-26.076883,7.70337703,0.444422173,4.63957332,-0.442499611,0.0595477991,0.624252212,0.44648835,0.767491153,-51.9662749,55.9142088,-198.761414,1.74927436,-7.34750017,-82.3109265,False,False
NGC 6624,-579.3,262.091859,-26.0322729,7.71027132,0.401354883,4.78598779,-0.437152589,0.0538133248,0.644432565,0.440452335,0.780571323,-52.5954471,56.2252129,-195.882081,1.67084259,-7.29017274,-83.0738555,False,False
NGC 6624,-579.4,261.931777,-25.9889784,7.71725839,0.358113414,4.92991871,-0.43174238,0.0480479762,0.66431837,0.434407747,0.793743654,-53.2020422,56.5180594,-193.001595,1.59254458,-7.23311296,-83.7903294,False,False
NGC 6624,-579.5,261.774023,-25.9469923,7.72433367,0.314712992,5.07136987,-0.42627126,0.0422535864,0.683909607,0.428360307,0.80698507,-53.7867478,56.793218,-190.121864,1.51443606,-7.17635019,-84.4616202,False,False
NGC 6624,-579.6,261.618593,-25.9063067,7.73149269,0.271168402,5.21034677,-0.420741431,0.0364319403,0.703206442,0.422315804,0.820274306,-54.3502419,57.0511553,-187.24456,1.43656637,-7.11990991,-85.088993,False,False
NGC 6624,-579.7,261.465483,-25.8669131,7.73873111,0.22749399,5.34685642,-0.415155029,0.0305847756,0.722209198,0.416280106,0.833591778,-54.8931911,57.292333,-184.371148,1.35897914,-7.06381424,-85.6737015,False,False
NGC 6624,-579.8,261.314684,-25.8288028,7.74604472,0.183703669,5.4809072,-0.409514122,0.0247137829,0.740918341,0.410259171,0.846919462,-55.4162478,57.5172061,-181.502907,1.28171284,-7.00808223,-86.2169832,False,False
NGC 6624,-579.9,261.166189,-25.7919663,7.75342942,0.139810929,5.61250864,-0.403820712,0.0188206069,0.759334459,0.404259053,0.860240782,-55.9200487,57.7262209,-178.640953,1.20480129,-6.95273028,-86.7200566,False,False
NGC 6624,-580,261.019989,-25.756394,7.76088123,0.0958288435,5.74167132,-0.398076735,0.012906847,0.777458244,0.398285919,0.873540494,-56.4052137,57.9198143,-175.786254,1.12827416,-6.89777241,-87.184118,False,False
NGC 6624,-580.1,260.876074,-25.7220759,7.76839628,0.0517700814,5.86840673,-0.392284067,0.00697405837,0.795290483,0.392346054,0.886804589,-56.8723445,58.0984125,-172.939648,1.05215733,-6.84322051,-87.6103399,False,False
NGC 6624,-580.2,260.734433,-25.6890019,7.77597083,0.00764691535,5.99272718,-0.386444522,0.00102375335,0.812832041,0.386445878,0.90002019,-57.3220247,58.2624307,-170.101857,0.976473337,-6.78908459,-87.9998691,False,False
NGC 6624,-580.3,260.595055,-25.6571615,7.78360122,-0.036528766,6.11464565,-0.380559856,-0.00494259768,0.830083852,0.380591951,0.913175468,-57.7548187,58.4122721,-167.2735,0.901241624,-6.735373,-88.3538256,False,False
NGC 6624,-580.4,260.457928,-25.6265442,7.79128392,-0.0807454475,6.23417574,-0.374631768,-0.010923565,0.847046909,0.374790989,0.926259549,-58.171272,58.5483281,-164.455103,0.8264789,-6.68209261,-88.6733021,False,False
NGC 6624,-580.5,260.323039,-25.5971394,7.7990155,-0.124991976,6.35133157,-0.368661901,-0.0169177581,0.863722254,0.369049872,0.939262445,-58.5719113,58.6709777,-161.647109,0.752199386,-6.62924896,-88.9593628,False,False
NGC 6624,-580.6,260.190376,-25.5689363,7.80679264,-0.16925755,6.46612769,-0.362651848,-0.022923825,0.88011097,0.363375653,0.952174975,-58.9572439,58.7805876,-158.849891,0.67841506,-6.57684643,-89.2130442,False,False
NGC 6624,-580.7,260.059925,-25.5419241,7.81461209,-0.213531706,6.57857904,-0.356603148,-0.0289404501,0.896214175,0.357775565,0.964988706,-59.3277589,58.8775121,-156.063753,0.605135875,-6.52488833,-89.435354,False,False
NGC 6624,-580.8,259.931674,-25.516092,7.82247074,-0.25780431,6.68870088,-0.350517293,-0.0349663538,0.912033015,0.352257035,0.977695883,-59.6839269,58.9620932,-153.288942,0.532369956,-6.47337709,-89.6272719,False,False
NGC 6624,-580.9,259.805608,-25.4914292,7.83036553,-0.302065543,6.79650874,-0.344395727,-0.0410002906,0.927568661,0.346827681,0.990289382,-60.0262006,59.0346609,-150.525654,0.460123777,-6.42231426,-89.7897496,False,False
NGC 6624,-581,259.681713,-25.4679248,7.83829353,-0.346305894,6.90201834,-0.338239847,-0.0470410483,0.942822297,0.341495321,1.00276265,-60.3550151,59.0955332,-147.774038,0.38840232,-6.37170071,-89.923711,False,False
NGC 6624,-581.1,259.559975,-25.4455681,7.84625187,-0.390516146,7.00524557,-0.332051009,-0.0530874465,0.957795124,0.336267973,1.01510967,-60.6707886,59.1450162,-145.034202,0.317209218,-6.32153663,-90.0300533,False,False
NGC 6624,-581.2,259.440381,-25.4243483,7.85423779,-0.434687366,7.10620648,-0.325830527,-0.0591383356,0.97248835,0.331153854,1.02732491,-60.9739229,59.1834049,-142.306216,0.246546887,-6.27182164,-90.1096466,False,False
NGC 6624,-581.3,259.322916,-25.4042546,7.86224858,-0.478810898,7.20491717,-0.319579673,-0.0651925956,0.986903189,0.326161374,1.03940326,-61.2648036,59.2109827,-139.590119,0.176416643,-6.22255483,-90.1633351,False,False
NGC 6624,-581.4,259.207566,-25.3852764,7.87028165,-0.522878347,7.30139381,-0.31329968,-0.0712491348,1.00104086,0.321299127,1.05134006,-61.5438012,59.2280224,-136.885919,0.106818807,-6.17373488,-90.1919379,False,False
NGC 6624,-581.5,259.094317,-25.3674032,7.87833447,-0.566881575,7.39565262,-0.306991747,-0.0773068891,1.01490257,0.31657588,1.063131,-61.811271,59.2347862,-134.1936,0.0377528034,-6.12536002,-90.1962488,False,False
NGC 6624,-581.6,258.983153,-25.3506245,7.88640457,-0.610812686,7.4877098,-0.300657034,-0.0833648204,1.02848955,0.312000553,1.07477211,-62.0675541,59.2315258,-131.513122,-0.030782753,-6.07742816,-90.1770379,False,False
NGC 6624,-581.7,258.874062,-25.3349298,7.89448959,-0.654664023,7.57758153,-0.294296668,-0.089421916,1.04180299,0.307582197,1.08625976,-62.3129778,59.2184831,-128.844424,-0.0987899794,-6.02993686,-90.1350516,False,False
NGC 6624,-581.8,258.767029,-25.3203089,7.90258721,-0.698428155,7.66528395,-0.287911745,-0.0954771874,1.0548441,0.303329963,1.09759061,-62.5478562,59.1958905,-126.187427,-0.166271653,-5.98288345,-90.0710138,False,False
NGC 6624,-581.9,258.66204,-25.3067516,7.91069519,-0.742097867,7.75083313,-0.281503327,-0.10152967,1.06761407,0.299253065,1.10876156,-62.7724905,59.1639708,-123.542036,-0.233231144,-5.93626499,-89.9856263,False,False
NGC 6624,-582,258.55908,-25.2942477,7.91881137,-0.785666158,7.83424506,-0.275072447,-0.107578419,1.08011408,0.295360741,1.11976979,-62.9871697,59.1229381,-120.908142,-0.299672359,-5.89007831,-89.8795693,False,False
NGC 6624,-582.1,258.458137,-25.2827874,7.92693363,-0.829126226,7.91553563,-0.268620108,-0.113622515,1.0923453,0.291662199,1.13061271,-63.1921711,59.0729975,-118.285624,-0.365599686,-5.8443201,-89.7535027,False,False
NGC 6624,-582.2,258.359196,-25.2723607,7.93505994,-0.872471464,7.99472064,-0.262147287,-0.119661057,1.10430889,0.288166564,1.14128791,-63.3877607,59.0143458,-115.674347,-0.431017946,-5.79898684,-89.6080662,False,False
NGC 6624,-582.3,258.262245,-25.2629579,7.94318832,-0.915695452,8.07181572,-0.255654933,-0.125693163,1.11600599,0.284882811,1.15179321,-63.5741935,58.9471719,-113.074169,-0.495932349,-5.75407492,-89.4438802,False,False
NGC 6624,-582.4,258.167268,-25.2545693,7.95131683,-0.958791951,8.1468364,-0.249143971,-0.131717971,1.12743773,0.281819697,1.16212658,-63.7517144,58.8716566,-110.484939,-0.560348453,-5.70958056,-89.2615463,False,False
NGC 6624,-582.5,258.074254,-25.2471855,7.95944363,-1.00175489,8.21979806,-0.242615298,-0.137734636,1.13860522,0.278985686,1.17228617,-63.9205583,58.7879732,-107.906497,-0.62427213,-5.66549992,-89.0616483,False,False
NGC 6624,-582.6,257.983188,-25.2407971,7.9675669,-1.04457837,8.2907159,-0.236069792,-0.143742333,1.14950955,0.276388866,1.18227028,-64.0809503,58.696288,-105.338678,-0.687709526,-5.62182906,-88.8447523,False,False
NGC 6624,-582.7,257.894059,-25.2353948,7.97568489,-1.08725665,8.35960496,-0.229508306,-0.14974025,1.1601518,0.274036868,1.19207735,-64.2331067,58.5967601,-102.78131,-0.750667039,-5.57856395,-88.6114077,False,False
NGC 6624,-582.8,257.806854,-25.2309694,7.98379589,-1.12978414,8.42648014,-0.22293167,-0.155727595,1.17053304,0.271936782,1.20170596,-64.3772349,58.4895416,-100.234216,-0.813151287,-5.53570053,-88.3621477,False,False
NGC 6624,-582.9,257.721559,-25.227512,7.99189827,-1.17215539,8.49135612,-0.216340696,-0.161703586,1.1806543,0.27009507,1.21115479,-64.5135339,58.3747786,-97.6972159,-0.875169082,-5.49323468,-88.0974896,False,False
NGC 6624,-583,257.638163,-25.2250137,7.99999042,-1.21436511,8.55424741,-0.209736175,-0.167667461,1.1905166,0.268517487,1.22042264,-64.6421945,58.2526104,-95.1701253,-0.93672741,-5.45116224,-87.8179358,False,False
NGC 6624,-583.1,257.556654,-25.2234657,8.00807078,-1.25640812,8.61516833,-0.203118879,-0.173618469,1.20012096,0.267209004,1.22950842,-64.7634002,58.1231706,-92.6527565,-0.997833409,-5.40947903,-87.5239741,False,False
NGC 6624,-583.2,257.477019,-25.2228594,8.01613787,-1.2982794,8.67413301,-0.19648956,-0.179555873,1.20946835,0.266173737,1.23841114,-64.8773267,57.9865868,-90.1449195,-1.05849435,-5.36818085,-87.216078,False,False
NGC 6624,-583.3,257.399247,-25.2231863,8.02419021,-1.33997404,8.73115537,-0.189848955,-0.185478947,1.21855974,0.265414893,1.24712986,-64.9841428,57.842981,-87.6464218,-1.11871761,-5.3272635,-86.8947076,False,False
NGC 6624,-583.4,257.323326,-25.224438,8.03222639,-1.38148724,8.78624913,-0.183197782,-0.191386981,1.22739607,0.264934716,1.25566378,-65.0840105,57.6924697,-85.1570694,-1.17851069,-5.28672276,-86.5603099,False,False
NGC 6624,-583.5,257.249246,-25.2266062,8.04024505,-1.42281434,8.8394278,-0.176536744,-0.197279274,1.23597828,0.264734459,1.26401212,-65.1770851,57.5351642,-82.6766666,-1.23788115,-5.24655442,-86.2133193,False,False
NGC 6624,-583.6,257.176995,-25.2296828,8.04824485,-1.46395076,8.8907047,-0.169866529,-0.203155136,1.24430726,0.264814363,1.2721742,-65.2635159,57.3711706,-80.205017,-1.29683664,-5.20675429,-85.8541578,False,False
NGC 6624,-583.7,257.106562,-25.2336598,8.0562245,-1.50489206,8.94009292,-0.163187808,-0.209013888,1.2523839,0.265173653,1.2801494,-65.3434461,57.2005902,-77.741923,-1.35538487,-5.16731818,-85.4832358,False,False
NGC 6624,-583.8,257.037938,-25.2385293,8.06418276,-1.54563386,8.98760534,-0.156501238,-0.214854862,1.26020906,0.265810552,1.28793716,-65.4170131,57.0235195,-75.2871865,-1.41353358,-5.12824192,-85.1009526,False,False
NGC 6624,-583.9,256.971111,-25.2442835,8.07211842,-1.58617193,9.03325463,-0.149807465,-0.220677399,1.2677836,0.266722311,1.29553697,-65.4843487,56.8400505,-72.8406091,-1.47129059,-5.08952137,-84.7076962,False,False
NGC 6624,-584,256.906071,-25.2509147,8.08003029,-1.62650208,9.07705324,-0.143107119,-0.226480849,1.27510833,0.267905249,1.30294838,-65.5455796,56.6502706,-70.4019923,-1.52866371,-5.05115243,-84.3038443,False,False
NGC 6624,-584.1,256.842809,-25.2584155,8.08791725,-1.66662026,9.1190134,-0.136400817,-0.232264571,1.28218406,0.26935481,1.31017097,-65.600827,56.4542631,-67.9711373,-1.58566079,-5.013131,-83.8897644,False,False
NGC 6624,-584.2,256.781315,-25.2667784,8.0957782,-1.70652246,9.15914713,-0.129689166,-0.238027932,1.28901157,0.271065631,1.31720439,-65.6502077,56.2521069,-65.5478458,-1.64228972,-4.97545304,-83.4658143,False,False
NGC 6624,-584.3,256.721579,-25.2759961,8.10361206,-1.74620477,9.19746623,-0.12297276,-0.243770307,1.29559163,0.273031614,1.32404831,-65.6938335,56.0438771,-63.1319196,-1.69855837,-4.93811453,-83.0323421,False,False
NGC 6624,-584.4,256.663593,-25.2860614,8.1114178,-1.78566338,9.23398227,-0.116252182,-0.249491078,1.30192497,0.275246014,1.33070245,-65.7318115,55.8296446,-60.7231609,-1.75447462,-4.90111151,-82.5896872,False,False
NGC 6624,-584.5,256.607347,-25.2969672,8.11919442,-1.82489453,9.26870662,-0.109528004,-0.255189636,1.30801233,0.27770152,1.33716655,-65.7642447,55.6094769,-58.3213723,-1.81004636,-4.86444005,-82.1381799,False,False
NGC 6624,-584.6,256.552834,-25.3087065,8.12694095,-1.86389453,9.30165041,-0.102800789,-0.260865376,1.3138544,0.280390347,1.34344041,-65.7912319,55.3834373,-55.9263572,-1.86528148,-4.82809626,-81.6781422,False,False
NGC 6624,-584.7,256.500043,-25.3212725,8.13465646,-1.90265976,9.33282457,-0.0960710879,-0.266517701,1.31945186,0.283304322,1.34952383,-65.8128676,55.1515859,-53.5379194,-1.92018783,-4.7920763,-81.209888,False,False
NGC 6624,-584.8,256.448969,-25.3346584,8.14234003,-1.94118669,9.36223979,-0.089339444,-0.272146019,1.32480539,0.28643497,1.35541666,-65.8292427,54.9139793,-51.1558635,-1.97477328,-4.75637639,-80.7337233,False,False
NGC 6624,-584.9,256.399601,-25.3488576,8.1499908,-1.97947182,9.38990656,-0.0826063908,-0.277749746,1.32991562,0.289773596,1.36111877,-65.8404441,54.6706705,-48.779995,-2.02904567,-4.72099278,-80.2499466,False,False
NGC 6624,-585,256.351933,-25.3638635,8.1576079,-2.01751173,9.41583514,-0.0758724529,-0.283328299,1.33478317,0.29331136,1.36663004,-65.8465552,54.4217092,-46.4101198,-2.08301282,-4.68592178,-79.7588488,False,False
NGC 6624,-585.1,256.305957,-25.3796696,8.16519052,-2.05530304,9.44003558,-0.069138147,-0.288881103,1.33940866,0.29703935,1.37195041,-65.8476558,54.1671422,-44.046045,-2.13668254,-4.65115977,-79.2607143,False,False
NGC 6624,-585.2,256.261666,-25.3962697,8.17273786,-2.09284244,9.4625177,-0.0624039814,-0.294407588,1.34379265,0.300948642,1.3770798,-65.8438225,53.9070128,-41.6875784,-2.19006259,-4.61670315,-78.7558203,False,False
NGC 6624,-585.3,256.219053,-25.4136574,8.18024915,-2.13012666,9.48329112,-0.055670457,-0.299907187,1.34793572,0.30503036,1.38201817,-65.8351284,53.6413614,-39.3345286,-2.24316074,-4.5825484,-78.2444376,False,False
NGC 6624,-585.4,256.178111,-25.4318266,8.18772366,-2.16715248,9.50236522,-0.0489380674,-0.305379336,1.35183841,0.309275723,1.3867655,-65.8216437,53.3702253,-36.9867051,-2.2959847,-4.54869204,-77.7268308,False,False
NGC 6624,-585.5,256.138833,-25.4507713,8.19516067,-2.20391673,9.51974919,-0.0422072989,-0.310823477,1.35550124,0.31367609,1.39132178,-65.8034354,53.093639,-34.6439183,-2.34854216,-4.51513068,-77.2032585,False,False
NGC 6624,-585.6,256.101215,-25.4704855,8.20255948,-2.24041627,9.535452,-0.0354786315,-0.316239053,1.35892473,0.318222991,1.39568703,-65.7805676,52.8116342,-32.3059794,-2.40084081,-4.48186094,-76.6739732,False,False
NGC 6624,-585.7,256.065248,-25.4909632,8.20991943,-2.27664803,9.54948239,-0.0287525384,-0.321625513,1.36210935,0.322908159,1.39986126,-65.7531015,52.5242394,-29.9727007,-2.45288826,-4.44887954,-76.1392221,False,False
NGC 6624,-585.8,256.030928,-25.5121988,8.21723988,-2.31260893,9.5618489,-0.0220294869,-0.326982306,1.36505557,0.327723552,1.40384452,-65.7210956,52.2314809,-27.6438949,-2.50469213,-4.41618324,-75.5992468,False,False
NGC 6624,-585.9,255.998249,-25.5341865,8.22452021,-2.34829598,9.57255986,-0.0153099384,-0.332308885,1.36776384,0.332661373,1.40763685,-65.6846057,51.9333818,-25.3193761,-2.55625998,-4.38376885,-75.0542837,False,False
NGC 6624,-586,255.967206,-25.5569207,8.23175982,-2.38370618,9.58162339,-0.00859434886,-0.337604705,1.37023459,0.33771408,1.41123834,-65.6436849,51.6299628,-22.9989587,-2.60759936,-4.35163328,-74.5045644,False,False
NGC 6624,-586.1,255.937793,-25.5803959,8.23895813,-2.41883659,9.58904739,-0.00188316867,-0.342869222,1.37246824,0.342874394,1.41464904,-65.5983841,51.3212419,-20.6824582,-2.65871778,-4.31977345,-73.9503155,False,False
NGC 6624,-586.2,255.910007,-25.6046066,8.2461146,-2.45368428,9.59483955,0.00482315663,-0.348101896,1.37446516,0.348135309,1.41786906,-65.5487515,51.0072346,-18.3696909,-2.7096227,-4.28818638,-73.3917591,False,False
NGC 6624,-586.3,255.883841,-25.6295475,8.25322869,-2.48824636,9.59900736,0.0115241864,-0.353302186,1.37622574,0.353490087,1.42089849,-65.4948329,50.6879539,-16.0604737,-2.76032157,-4.25686915,-72.8291126,False,False
NGC 6624,-586.4,255.859292,-25.6552133,8.26029989,-2.52251995,9.60155812,0.0182194846,-0.358469554,1.37775032,0.358932265,1.42373745,-65.436672,50.3634102,-13.7546243,-2.8108218,-4.22581889,-72.2625895,False,False
NGC 6624,-586.5,255.836356,-25.6815988,8.26732771,-2.5565022,9.60249888,0.0249086193,-0.363603462,1.37903925,0.364455644,1.42638605,-65.3743101,50.0336114,-11.4519611,-2.86113078,-4.19503279,-71.6923988,False,False
NGC 6624,-586.6,255.815029,-25.7086987,8.27431168,-2.59019029,9.60183652,0.0315911631,-0.368703372,1.38009284,0.370054291,1.42884444,-65.3077863,49.698563,-9.15230317,-2.91125585,-4.16450813,-71.118746,False,False
NGC 6624,-586.7,255.795307,-25.7365082,8.28125135,-2.62358141,9.59957772,0.0382666922,-0.373768748,1.38091138,0.375722526,1.43111274,-65.2371378,49.3582682,-6.85547024,-2.96120433,-4.13424223,-70.5418325,False,False
NGC 6624,-586.8,255.777187,-25.7650221,8.28814628,-2.65667277,9.59572892,0.0449347865,-0.378799053,1.38149516,0.381454923,1.43319111,-65.1623994,49.0127276,-4.56128262,-3.01098351,-4.10423249,-69.961856,False,False
NGC 6624,-586.9,255.760665,-25.7942356,8.29499608,-2.68946157,9.59029639,0.0515950295,-0.383793752,1.38184444,0.387246292,1.4350797,-65.0836042,48.6619396,-2.26956119,-3.06060064,-4.07447638,-69.3790111,False,False
NGC 6624,-587,255.745739,-25.8241437,8.30180034,-2.72194506,9.5832862,0.058247008,-0.388752306,1.38195946,0.393091681,1.4367787,-65.0007832,48.3059001,0.0198726457,-3.11006296,-4.04497141,-68.7934888,False,False
NGC 6624,-587.1,255.732406,-25.8547418,8.30855868,-2.75412049,9.5747042,0.0648903116,-0.393674179,1.38184045,0.398986355,1.43828827,-64.9139653,47.9446029,2.30719697,-3.15937767,-4.0157152,-68.2054768,False,False
NGC 6624,-587.2,255.720664,-25.886025,8.31527076,-2.7859851,9.56455605,0.0715245331,-0.398558832,1.38148761,0.404925797,1.4396086,-64.8231779,47.5780391,4.5925894,-3.20855195,-3.9867054,-67.6151601,False,False
NGC 6624,-587.3,255.710509,-25.9179888,8.32193622,-2.81753614,9.55284722,0.0781492677,-0.403405727,1.38090113,0.410905693,1.44073989,-64.7284463,47.2061978,6.87622714,-3.25759294,-3.95793975,-67.0227206,False,False
NGC 6624,-587.4,255.701941,-25.9506285,8.32855476,-2.8487709,9.53958297,0.0847641133,-0.408214322,1.38008118,0.416921921,1.44168234,-64.629794,46.8290656,9.15828701,-3.30650779,-3.92941606,-66.4283373,False,False
NGC 6624,-587.5,255.694958,-25.9839395,8.33512605,-2.87968663,9.52476837,0.0913686701,-0.412984077,1.37902792,0.422970545,1.44243616,-64.5272429,46.4466269,11.4389454,-3.35530358,-3.9011322,-65.8321867,False,False
NGC 6624,-587.6,255.689558,-26.0179175,8.34164983,-2.9102806,9.5084083,0.0979625403,-0.417714447,1.37774148,0.429047804,1.44300159,-64.420813,46.0588636,13.7183786,-3.4039874,-3.87308612,-65.2344429,False,False
NGC 6624,-587.7,255.685739,-26.0525578,8.3481258,-2.94055008,9.49050744,0.104545328,-0.422404887,1.37622197,0.435150105,1.44337885,-64.3105226,45.6657556,15.9967624,-3.45256631,-3.84527584,-64.6352772,False,False
NGC 6624,-587.8,255.683501,-26.0878562,8.35455373,-2.97049234,9.47107026,0.11111664,-0.427054849,1.37446949,0.44127401,1.44356819,-64.1963886,45.2672802,18.2742724,-3.50104735,-3.81769944,-64.0348591,False,False
NGC 6624,-587.9,255.682843,-26.1238083,8.36093336,-3.00010463,9.45010108,0.117676083,-0.431663783,1.37248413,0.447416229,1.44356987,-64.0784259,44.8634125,20.551084,-3.54943755,-3.7903551,-63.4333556,False,False
NGC 6624,-588,255.683765,-26.1604099,8.36726448,-3.02938421,9.42760398,0.124223267,-0.436231135,1.37026594,0.453573614,1.44338414,-63.9566481,44.4541252,22.8273725,-3.5977439,-3.76324106,-62.8309317,False,False
NGC 6624,-588.1,255.686265,-26.1976566,8.37354687,-3.05832832,9.40358287,0.130757802,-0.440756352,1.36781497,0.45974315,1.44301128,-63.8310671,44.0393888,25.103313,-3.6459734,-3.73635562,-62.2277507,False,False
NGC 6624,-588.2,255.690345,-26.2355443,8.37978035,-3.08693421,9.37804149,0.1372793,-0.445238872,1.36513125,0.465921946,1.44245159,-63.7016931,43.6191712,27.3790805,-3.69413302,-3.70969719,-61.6239738,False,False
NGC 6624,-588.3,255.696003,-26.2740688,8.38596474,-3.1151991,9.35098335,0.143787372,-0.449678135,1.36221479,0.472107227,1.44170537,-63.5685349,43.1934381,29.65485,-3.74222971,-3.68326423,-61.0197606,False,False
NGC 6624,-588.4,255.703242,-26.3132261,8.39209988,-3.1431202,9.32241181,0.150281634,-0.454073574,1.35906557,0.478296331,1.44077292,-63.4315999,42.7621528,31.9307964,-3.79027043,-3.65705529,-60.4152692,False,False
NGC 6624,-588.5,255.71206,-26.353012,8.39818561,-3.1706947,9.29233001,0.156761698,-0.458424619,1.35568357,0.484486699,1.43965458,-63.2908937,42.3252761,34.2070946,-3.83826212,-3.63106901,-59.8106561,False,False
NGC 6624,-588.6,255.722459,-26.3934225,8.40422181,-3.19791979,9.26074092,0.163227179,-0.462730697,1.35206875,0.49067587,1.43835069,-63.1464207,41.8827665,36.4839195,-3.8862117,-3.60530409,-59.2060763,False,False
NGC 6624,-588.7,255.734441,-26.4344536,8.41020836,-3.22479262,9.22764732,0.169677692,-0.466991228,1.34822104,0.496861476,1.43686161,-62.9981836,41.4345799,38.7614461,-3.93412608,-3.57975933,-58.6016837,False,False
NGC 6624,-588.8,255.748006,-26.4761012,8.41614516,-3.25131035,9.1930518,0.176112852,-0.471205631,1.34414036,0.503041235,1.43518772,-62.8461838,40.9806696,41.0398494,-3.98201219,-3.5544336,-57.9976311,False,False
NGC 6624,-588.9,255.763157,-26.5183616,8.42203211,-3.27747007,9.15695678,0.182532275,-0.475373318,1.33982661,0.509212944,1.4333294,-62.6904213,40.5209867,43.3193046,-4.02987692,-3.52932588,-57.39407,False,False
NGC 6624,-589,255.779894,-26.5612306,8.42786915,-3.30326889,9.11936448,0.188935575,-0.479493694,1.33527968,0.51537448,1.43128707,-62.5308944,40.0554795,45.5999869,-4.07772718,-3.50443522,-56.7911509,False,False
NGC 6624,-589.1,255.798221,-26.6047045,8.43365622,-3.32870387,9.08027693,0.195322368,-0.483566163,1.33049943,0.521523787,1.42906116,-62.3676003,39.5840937,47.8820717,-4.12556987,-3.47976076,-56.1890237,False,False
NGC 6624,-589.2,255.81814,-26.6487794,8.43939325,-3.35377205,9.039696,0.201692267,-0.487590119,1.32548571,0.527658881,1.42665212,-62.2005345,39.1067724,50.1657345,-4.17341187,-3.45530174,-55.5878373,False,False
NGC 6624,-589.3,255.839652,-26.6934513,8.44508024,-3.37847044,8.99762336,0.208044888,-0.491564953,1.32023835,0.533777836,1.42406042,-62.0296914,38.6234561,52.451151,-4.22126009,-3.43105747,-54.9877399,False,False
NGC 6624,-589.4,255.862762,-26.7387165,8.45071715,-3.40279601,8.95406049,0.214379842,-0.495490048,1.31475716,0.539878787,1.42128656,-61.8550637,38.1340823,54.7384969,-4.26912142,-3.4070274,-54.3888792,False,False
NGC 6624,-589.5,255.887472,-26.7845711,8.45630398,-3.42674569,8.90900872,0.220696744,-0.499364782,1.30904193,0.545959923,1.41833107,-61.6766429,37.6385862,57.0279483,-4.31700275,-3.38321104,-53.7914025,False,False
NGC 6624,-589.6,255.913785,-26.8310113,8.46184074,-3.4503164,8.86246917,0.226995203,-0.503188525,1.30309245,0.552019487,1.41519449,-61.494419,37.1368996,59.3196814,-4.36491097,-3.35960801,-53.1954565,False,False
NGC 6624,-589.7,255.941705,-26.8780333,8.46732746,-3.473505,8.81444278,0.233274832,-0.50696064,1.29690846,0.558055766,1.4118774,-61.3083806,36.6289518,61.6138723,-4.41285299,-3.33621804,-52.6011879,False,False
NGC 6624,-589.8,255.971237,-26.9256333,8.47276417,-3.49630832,8.76493033,0.239535238,-0.510680484,1.29048971,0.564067094,1.40838041,-61.1185152,36.1146692,63.9106974,-4.4608357,-3.31304096,-52.0087428,False,False
NGC 6624,-589.9,256.002384,-26.9738075,8.47815091,-3.51872313,8.71393242,0.24577603,-0.514347404,1.28383591,0.570051848,1.40470415,-60.9248084,35.5939748,66.2103334,-4.50886601,-3.29007672,-51.4182676,False,False
NGC 6624,-590,256.03515,-27.0225521,8.48348777,-3.54074617,8.66144944,0.251996815,-0.517960741,1.27694678,0.576008441,1.40084932,-60.7272449,35.0667889,68.5129567,-4.55695083,-3.26732537,-50.8299085,False,False
NGC 6624,-590.1,256.069541,-27.0718632,8.4887748,-3.56237414,8.60748165,0.258197197,-0.521519826,1.269822,0.581935324,1.39681661,-60.5258077,34.5330286,70.818744,-4.60509707,-3.24478708,-50.2438119,False,False
NGC 6624,-590.2,256.105561,-27.1217371,8.4940121,-3.58360368,8.55202909,0.264376778,-0.525023984,1.26246123,0.587830983,1.39260677,-60.3204785,33.9926077,73.1278717,-4.65331164,-3.22246213,-49.6601242,False,False
NGC 6624,-590.3,256.143215,-27.17217,8.49919978,-3.60443137,8.49509164,0.270535161,-0.528472527,1.25486413,0.593693932,1.38822061,-60.1112378,33.4454367,75.4405165,-4.70160147,-3.20035094,-49.0789924,False,False
NGC 6624,-590.4,256.182509,-27.2231579,8.50433795,-3.62485375,8.43666902,0.276671943,-0.531864761,1.24703032,0.599522717,1.38365895,-59.8980643,32.891423,77.7568547,-4.74997348,-3.17845405,-48.5005636,False,False
NGC 6624,-590.5,256.223448,-27.2746971,8.50942674,-3.6448673,8.37676075,0.282786722,-0.535199982,1.23895942,0.60531591,1.37892269,-59.6809357,32.3304702,80.0770625,-4.7984346,-3.15677213,-47.9249857,False,False
NGC 6624,-590.6,256.266039,-27.3267838,8.51446631,-3.66446844,8.31536619,0.288879091,-0.538477474,1.23065102,0.611072107,1.37401276,-59.459828,31.7624787,82.4013157,-4.84699175,-3.13530599,-47.3524069,False,False
NGC 6624,-590.7,256.310288,-27.3794139,8.5194568,-3.68365353,8.25248453,0.294948643,-0.541696513,1.22210471,0.616789927,1.36893014,-59.234716,31.1873452,84.7297897,-4.89565188,-3.11405657,-46.7829764,False,False
NGC 6624,-590.8,256.356201,-27.4325836,8.5243984,-3.70241887,8.18811478,0.300994967,-0.544856362,1.21332003,0.622468012,1.36367589,-59.005573,30.6049626,87.0626594,-4.94442191,-3.09302496,-46.2168439,False,False
NGC 6624,-590.9,256.403785,-27.4862889,8.52929128,-3.72076067,8.12225578,0.307017648,-0.547956275,1.20429654,0.62810502,1.35825111,-58.7723708,30.0152201,89.4000991,-4.99330877,-3.07221242,-45.6541604,False,False
NGC 6624,-591,256.453048,-27.5405259,8.53413564,-3.73867511,8.05490621,0.313016271,-0.550995494,1.19503376,0.633699629,1.35265698,-58.53508,29.4180032,91.742282,-5.04231939,-3.05162033,-45.0950774,False,False
NGC 6624,-591.1,256.503995,-27.5952904,8.5389317,-3.75615827,7.98606458,0.318990416,-0.553973246,1.18553118,0.639250532,1.34689474,-58.2936695,28.8131932,94.0893803,-5.09146069,-3.03125028,-44.5397482,False,False
NGC 6624,-591.2,256.556636,-27.6505785,8.5436797,-3.77320617,7.91572922,0.324939659,-0.556888751,1.17578831,0.644756437,1.3409657,-58.0481069,28.2006674,96.4415652,-5.14073959,-3.011104,-43.9883267,False,False
NGC 6624,-591.3,256.610978,-27.706386,8.54837985,-3.78981474,7.84389831,0.330863574,-0.559741212,1.16580461,0.650216063,1.33487128,-57.7983583,27.5802989,98.7990061,-5.19016297,-2.9911834,-43.4409686,False,False
NGC 6624,-591.4,256.667029,-27.7627087,8.55303244,-3.80597983,7.77056987,0.336761732,-0.562529821,1.15557954,0.655628144,1.32861294,-57.5443884,26.9519565,101.161871,-5.23973772,-2.97149059,-42.8978309,False,False
NGC 6624,-591.5,256.724798,-27.8195424,8.55763771,-3.82169722,7.69574175,0.342633698,-0.565253754,1.14511253,0.660991421,1.32219225,-57.2861603,26.3155048,103.530325,-5.28947069,-2.95202786,-42.3590723,False,False
NGC 6624,-591.6,256.784293,-27.8768827,8.56219597,-3.8369626,7.61941163,0.348479036,-0.567912177,1.134403,0.666304644,1.3156109,-57.0236359,25.6708036,105.904531,-5.33936872,-2.93279772,-41.8248532,False,False
NGC 6624,-591.7,256.845523,-27.9347254,8.5667075,-3.85177156,7.54157706,0.354297303,-0.570504237,1.12345036,0.671566574,1.30887065,-56.7567753,25.0177082,108.284651,-5.38943859,-2.91380287,-41.2953356,False,False
NGC 6624,-591.8,256.908498,-27.9930659,8.57117262,-3.86611959,7.4622354,0.360088055,-0.573029069,1.11225399,0.676775976,1.30197337,-56.4855374,24.3560692,110.67084,-5.43968707,-2.89504627,-40.7706837,False,False
NGC 6624,-591.9,256.973228,-28.0518997,8.57559166,-3.88000212,7.38138389,0.365850842,-0.57548579,1.10081326,0.681931619,1.29492107,-56.2098793,23.6857323,113.063254,-5.49012083,-2.87653106,-40.2510639,False,False
NGC 6624,-592,257.039721,-28.1112223,8.57996496,-3.89341445,7.29901963,0.371585209,-0.577873504,1.08912754,0.68703228,1.28771586,-55.9297569,23.0065383,115.46204,-5.54074654,-2.85826069,-39.7366447,False,False
NGC 6624,-592.1,257.107989,-28.1710288,8.58429289,-3.90635178,7.21513955,0.377290697,-0.580191296,1.07719615,0.692076737,1.28036001,-55.6451245,22.3183228,117.867343,-5.59157073,-2.84023881,-39.2275969,False,False
NGC 6624,-592.2,257.178041,-28.2313144,8.58857581,-3.91880921,7.12974046,0.382966842,-0.582438235,1.06501844,0.69706377,1.27285591,-55.3559348,21.6209164,120.279302,-5.6425999,-2.82246939,-38.724094,False,False
NGC 6624,-592.3,257.249889,-28.2920742,8.59281411,-3.93078173,7.04281902,0.388613177,-0.584613372,1.0525937,0.701992162,1.26520611,-55.0621394,20.9141442,122.698049,-5.69384042,-2.80495666,-38.2263121,False,False
NGC 6624,-592.4,257.323543,-28.3533032,8.59700821,-3.94226421,6.95437178,0.394229228,-0.586715739,1.03992124,0.706860696,1.25741331,-54.7636878,20.1978259,125.123709,-5.74529854,-2.78770517,-37.73443,False,False
NGC 6624,-592.5,257.399014,-28.4149962,8.60115851,-3.9532514,6.86439516,0.399814515,-0.588744352,1.02700035,0.711668152,1.24948041,-54.4605287,19.4717756,127.556399,-5.79698038,-2.77071977,-37.2486295,False,False
NGC 6624,-592.6,257.476315,-28.4771477,8.60526547,-3.96373795,6.77288545,0.405368554,-0.590698206,1.0138303,0.716413313,1.24141046,-54.1526087,18.735802,129.996227,-5.84889192,-2.75400568,-36.7690957,False,False
NGC 6624,-592.7,257.555457,-28.5397525,8.60932953,-3.97371836,6.67983885,0.410890857,-0.592576274,1.00041036,0.721094957,1.23320673,-53.8398735,17.9897079,132.443289,-5.90103891,-2.73756846,-36.2960169,False,False
NGC 6624,-592.8,257.636451,-28.6028047,8.61335117,-3.98318701,6.58525145,0.416380927,-0.594377512,0.986739782,0.72571186,1.22487269,-53.5222669,17.2332902,134.897672,-5.95342695,-2.72141407,-35.8295847,False,False
NGC 6624,-592.9,257.719311,-28.6662987,8.61733087,-3.99213815,6.48911925,0.421838264,-0.596100854,0.972817812,0.730262794,1.21641204,-53.1997318,16.4663401,137.359446,-6.00606134,-2.70554885,-35.3699945,False,False
NGC 6624,-593,257.804048,-28.7302284,8.62126914,-4.00056588,6.39143817,0.42726236,-0.597745211,0.958643693,0.734746529,1.20782871,-52.8722092,15.6886427,139.82867,-6.05894715,-2.6899796,-34.9174455,False,False
NGC 6624,-593.1,257.890676,-28.7945878,8.62516651,-4.00846418,6.29220407,0.432652702,-0.599309473,0.94421666,0.739161826,1.19912689,-52.5396392,14.8999771,142.305383,-6.1120891,-2.67471357,-34.4721408,False,False
NGC 6624,-593.2,257.979208,-28.8593703,8.62902352,-4.01582685,6.19141273,0.438008771,-0.600792507,0.929535948,0.743507445,1.19031105,-52.2019605,14.1001165,144.789606,-6.16549157,-2.6597585,-34.0342877,False,False
NGC 6624,-593.3,258.069657,-28.9245694,8.63284072,-4.02264758,6.08905991,0.443330042,-0.602193156,0.914600786,0.747782136,1.18138593,-51.8591103,13.2888281,147.281338,-6.21915852,-2.64512268,-33.6040979,False,False
NGC 6624,-593.4,258.162036,-28.9901782,8.6366187,-4.02891988,5.98514134,0.448615981,-0.603510239,0.899410409,0.751984645,1.1723566,-51.511025,12.4658729,149.780554,-6.27309344,-2.63081492,-33.1817876,False,False
NGC 6624,-593.5,258.256359,-29.0561897,8.64035806,-4.0346371,5.87965272,0.453866051,-0.60474255,0.883964054,0.756113711,1.16322844,-51.1576397,11.6310061,152.287202,-6.3272993,-2.61684469,-32.7675776,False,False
NGC 6624,-593.6,258.35264,-29.1225966,8.64405942,-4.03979245,5.77258981,0.459079706,-0.605888858,0.868260964,0.760168064,1.15400719,-50.7988887,10.7839774,154.801199,-6.38177843,-2.60322206,-32.361694,False,False
NGC 6624,-593.7,258.450893,-29.1893911,8.64772341,-4.04437894,5.66394835,0.464256394,-0.606947907,0.852300394,0.764146427,1.14469897,-50.4347051,9.92453033,157.322426,-6.43653251,-2.58995783,-31.9643676,False,False
NGC 6624,-593.8,258.551131,-29.2565653,8.6513507,-4.04838944,5.55372418,0.469395556,-0.607918414,0.836081611,0.768047515,1.13531029,-50.0650214,9.05240349,159.850728,-6.4915624,-2.57706354,-31.5758348,False,False
NGC 6624,-593.9,258.65337,-29.3241109,8.65494196,-4.05181663,5.44191322,0.474496626,-0.608799067,0.819603902,0.771870035,1.12584808,-49.6897695,8.16733014,162.385903,-6.5468681,-2.56455154,-31.1963373,False,False
NGC 6624,-594,258.757624,-29.3920192,8.6584979,-4.05465301,5.3285115,0.47955903,-0.609588529,0.802866577,0.775612685,1.11631975,-49.3088808,7.2690389,164.927702,-6.60244858,-2.55243507,-30.8261227,False,False
NGC 6624,-594.1,258.863906,-29.4602814,8.66201924,-4.05689092,5.21351523,0.48458219,-0.610285434,0.785868973,0.779274155,1.10673314,-48.9222863,6.35725413,167.475817,-6.65830166,-2.54072831,-30.4654442,False,False
NGC 6624,-594.2,258.972232,-29.5288878,8.66550674,-4.05852248,5.0969208,0.489565517,-0.610888387,0.768610463,0.782853126,1.09709665,-48.5299169,5.43169653,170.02988,-6.71442386,-2.52944648,-30.1145611,False,False
NGC 6624,-594.3,259.082616,-29.5978287,8.66896116,-4.05953965,4.97872485,0.494508418,-0.611395967,0.75109046,0.786348271,1.08741918,-48.1317037,4.49208386,172.589451,-6.77081023,-2.51860591,-29.7737389,False,False
NGC 6624,-594.4,259.195072,-29.6670937,8.67238329,-4.0599342,4.85892432,0.499410291,-0.61180672,0.733308427,0.789758255,1.07771024,-47.7275782,3.53813185,175.154008,-6.82745411,-2.50822415,-29.4432493,False,False
NGC 6624,-594.5,259.309613,-29.7366719,8.67577395,-4.05969769,4.7375165,0.504270529,-0.612119166,0.715263884,0.793081736,1.0679799,-47.3174723,2.5695552,177.722939,-6.88434694,-2.49832012,-29.1233701,False,False
NGC 6624,-594.6,259.426255,-29.806552,8.679134,-4.05882152,4.6144991,0.509088516,-0.612331795,0.69695642,0.796317364,1.05823891,-46.9013193,1.5860689,180.295531,-6.94147799,-2.48891414,-28.8143857,False,False
NGC 6624,-594.7,259.54501,-29.876722,8.68246429,-4.05729687,4.48987035,0.51386363,-0.612443067,0.678385701,0.799463783,1.04849869,-46.4790535,0.587389684,182.870953,-6.99883404,-2.48002817,-28.5165867,False,False
NGC 6624,-594.8,259.665892,-29.9471692,8.68576572,-4.05511474,4.36362901,0.518595244,-0.612451414,0.659551486,0.802519633,1.03877135,-46.0506113,-0.426762191,185.448241,-7.05639908,-2.47168592,-28.2302698,False,False
NGC 6624,-594.9,259.788914,-30.0178803,8.68903921,-4.05226595,4.23577455,0.523282722,-0.612355239,0.64045364,0.805483548,1.02906978,-45.615931,-1.45666083,188.026284,-7.11415387,-2.463913,-27.9557378,False,False
NGC 6624,-595,259.914088,-30.0888413,8.69228571,-4.04874113,4.10630721,0.527925423,-0.612152919,0.62109215,0.80835416,1.01940763,-45.1749539,-2.50257226,190.6038,-7.17207553,-2.45673719,-27.693299,False,False
NGC 6624,-595.1,260.041425,-30.1600372,8.6955062,-4.04453073,3.97522815,0.5325227,-0.611842802,0.601467143,0.811130101,1.00979937,-44.7276245,-3.56475152,193.179316,-7.23013703,-2.45018858,-27.443267,False,False
NGC 6624,-595.2,260.170936,-30.2314525,8.69870168,-4.03962503,3.84253954,0.537073902,-0.611423213,0.581578909,0.813810003,1.00026034,-44.2738912,-4.64343936,195.751137,-7.28830657,-2.4442999,-27.20596,False,False
NGC 6624,-595.3,260.30263,-30.3030702,8.70187318,-4.03401417,3.70824477,0.54157837,-0.610892451,0.561427921,0.816392502,0.990806757,-43.8137073,-5.73885831,198.317323,-7.34654698,-2.43910674,-26.9816997,False,False
NGC 6624,-595.4,260.436517,-30.3748727,8.70502176,-4.02768811,3.57234861,0.546035443,-0.610248796,0.541014869,0.818876241,0.981455748,-43.3470312,-6.85120812,200.875647,-7.40481489,-2.43464792,-26.7708107,False,False
NGC 6624,-595.5,260.572602,-30.4468411,8.70814851,-4.0206367,3.43485739,0.550444455,-0.609490506,0.520340682,0.82125987,0.972225385,-42.8738279,-7.9806606,203.423563,-7.46305989,-2.43096585,-26.5736184,False,False
NGC 6624,-595.6,260.710891,-30.5189553,8.71125454,-4.01284967,3.29577928,0.554804736,-0.608615824,0.499406572,0.823542055,0.963134695,-42.3940695,-9.12735357,205.958153,-7.52122354,-2.42810691,-26.3904476,False,False
NGC 6624,-595.7,260.851388,-30.5911937,8.71434101,-4.00431667,3.15512451,0.559115616,-0.607622983,0.478214068,0.82572148,0.954203677,-41.9077363,-10.291384,208.476082,-7.57923821,-2.42612197,-26.22162,False,False
NGC 6624,-595.8,260.994093,-30.6635333,8.71740908,-3.99502727,3.01290567,0.563376422,-0.606510207,0.456765064,0.827796849,0.945453303,-41.4148186,-11.4728002,210.973539,-7.63702577,-2.42506689,-26.0674513,False,False
NGC 6624,-595.9,261.139005,-30.7359495,8.72045996,-3.98497105,2.86913811,0.56758648,-0.605275716,0.435061872,0.829766898,0.936905512,-40.9153171,-12.6715929,213.446164,-7.69449617,-2.42500314,-25.9282476,False,False
NGC 6624,-596,261.286118,-30.8084159,8.72349487,-3.97413756,2.72384024,0.571745117,-0.603917739,0.413107282,0.831630395,0.928583189,-40.4092453,-13.8876851,215.88898,-7.75154568,-2.42599849,-25.8043009,False,False
NGC 6624,-596.1,261.435424,-30.8809039,8.72651505,-3.96251646,2.57703404,0.575851662,-0.602434511,0.390904625,0.833386151,0.920510131,-39.8966303,-15.1209212,218.296304,-7.8080551,-2.42812773,-25.6958835,False,False
NGC 6624,-596.2,261.586911,-30.9533828,8.72952179,-3.95009748,2.42874553,0.579905449,-0.600824292,0.368457855,0.835033029,0.91271099,-39.3775156,-16.3710542,220.661652,-7.8638876,-2.43147357,-25.6032414,False,False
NGC 6624,-596.3,261.740562,-31.0258195,8.73251637,-3.93687057,2.27900536,0.583905815,-0.599085372,0.345771635,0.836569951,0.905211195,-38.8519628,-17.6377323,222.977634,-7.91888641,-2.43612749,-25.5265864,False,False
NGC 6624,-596.4,261.896352,-31.0981781,8.73550009,-3.9228259,2.12784943,0.587852107,-0.59721608,0.322851435,0.83799591,0.898036856,-38.3200541,-18.9204839,225.235843,-7.97287236,-2.44219077,-25.466086,False,False
NGC 6624,-596.5,262.054253,-31.1704198,8.73847427,-3.90795399,1.9753196,0.591743679,-0.595214802,0.299703641,0.83930998,0.891214629,-37.7818956,-20.2187023,227.426732,-8.02564121,-2.44977543,-25.4218518,False,False
NGC 6624,-596.6,262.214229,-31.2425024,8.74144023,-3.89224579,1.82146454,0.595579899,-0.593079995,0.27633568,0.840511331,0.884771556,-37.23762,-21.5316285,229.539498,-8.07696102,-2.45900524,-25.3939257,False,False
NGC 6624,-596.7,262.376235,-31.3143801,8.74439927,-3.87569277,1.66634051,0.59936015,-0.590810201,0.252756151,0.841599241,0.87873486,-36.6873913,-22.8583353,231.561969,-8.12656962,-2.47001642,-25.382264,False,False
NGC 6624,-596.8,262.540216,-31.3860028,8.7473527,-3.85828707,1.51001238,0.603083832,-0.588404064,0.228974972,0.842573113,0.873131713,-36.1314083,-24.1977099,233.480518,-8.17417272,-2.48295811,-25.3867177,False,False
NGC 6624,-596.9,262.706109,-31.4573164,8.75030178,-3.84002158,1.35255458,0.606750368,-0.585860355,0.205003534,0.843432489,0.867988948,-35.56991,-25.5484397,235.280025,-8.21944281,-2.49799216,-25.4070122,False,False
NGC 6624,-597,262.873838,-31.5282619,8.75324776,-3.82089011,1.19405208,0.610359209,-0.583177989,0.180854845,0.844177073,0.863332732,-35.0031807,-26.9089983,236.943916,-8.26201989,-2.51529182,-25.4427233,False,False
NGC 6624,-597.1,263.043314,-31.5987752,8.7561918,-3.8008875,1.03460129,0.613909837,-0.580356047,0.15654368,0.844806741,0.859188194,-34.4315549,-28.2776368,238.454333,-8.30151464,-2.535039,-25.4932526,False,False
NGC 6624,-597.2,263.214434,-31.668787,8.75913501,-3.7800098,0.874310793,0.617401769,-0.577393804,0.132086688,0.845321566,0.85557901,-33.8554222,-29.6523794,239.792473,-8.33751537,-2.55741922,-25.557804,False,False
NGC 6624,-597.3,263.387084,-31.7382228,8.76207839,-3.7582544,0.713301811,0.620834569,-0.574290744,0.107502471,0.845721834,0.852526951,-33.2752304,-31.0310264,240.939161,-8.36959955,-2.58261395,-25.6353627,False,False
NGC 6624,-597.4,263.561133,-31.8070033,8.76502284,-3.73562015,0.551708143,0.624207845,-0.571046591,0.0828115729,0.846008063,0.85005141,-32.6914863,-32.4111662,241.875672,-8.39735086,-2.61078987,-25.7246827,False,False
NGC 6624,-597.5,263.736435,-31.8750445,8.7679691,-3.71210753,0.3896755,0.627521263,-0.567661323,0.0580363865,0.846181016,0.848168931,-32.104753,-33.7901982,242.584812,-8.42038128,-2.64208538,-25.8242872,False,False
NGC 6624,-597.6,263.912835,-31.9422591,8.77091776,-3.68771874,0.227360065,0.630774548,-0.564135193,0.0332009332,0.846241719,0.846892761,-31.5156417,-35.1653662,243.052137,-8.43835658,-2.67659574,-25.9324854,False,False
NGC 6624,-597.7,264.090164,-32.0085579,8.77386921,-3.66245776,0.064926209,0.63396749,-0.560468743,0.00833051739,0.846191461,0.846232466,-30.9247992,-36.5338044,243.267175,-8.45102179,-2.71435887,-26.0474106,False,False
NGC 6624,-597.8,264.268247,-32.0738513,8.77682367,-3.63633047,-0.09745652,0.637099945,-0.556662809,-0.0165487313,0.84603181,0.846193644,-30.33289,-37.8925912,243.224396,-8.45822195,-2.75534493,-26.1670769,False,False
NGC 6624,-597.9,264.446906,-32.1380513,8.77978112,-3.60934457,-0.259616908,0.640171839,-0.552718528,-0.0414103945,0.845764598,0.846777761,-29.7405752,-39.2388101,242.923729,-8.45991371,-2.79945207,-26.289449,False,False
NGC 6624,-598,264.625961,-32.2010739,8.78274136,-3.58150964,-0.421385747,0.643183163,-0.548637333,-0.0662283265,0.845391923,0.847982131,-29.1484908,-40.5696114,242.370504,-8.45616516,-2.84650996,-26.4125153,False,False
NGC 6624,-598.1,264.805235,-32.26284,8.78570399,-3.55283705,-0.582599251,0.64613397,-0.54442094,-0.0909771776,0.844916131,0.849800044,-28.5572281,-41.8822703,241.574829,-8.44714431,-2.89629029,-26.5343545,False,False
NGC 6624,-598.2,264.984557,-32.3232778,8.7886684,-3.52333981,-0.743101921,0.649024374,-0.540071337,-0.115632834,0.844339794,0.852221004,-27.9673177,-43.1742378,240.550565,-8.43309908,-2.9485221,-26.6531856,False,False
NGC 6624,-598.3,265.163767,-32.3823232,8.79163385,-3.49303254,-0.902748637,0.651854536,-0.535590762,-0.140172741,0.843665692,0.855231078,-27.3792207,-44.4431807,239.314134,-8.41433371,-3.00290883,-26.7674008,False,False
NGC 6624,-598.4,265.34271,-32.4399201,8.79459941,-3.46193122,-1.06140596,0.654624661,-0.530981677,-0.164576103,0.842896784,0.858813299,-26.7933238,-45.6870101,237.883354,-8.39118542,-3.05914438,-26.8755784,False,False
NGC 6624,-598.5,265.521248,-32.4960212,8.79756404,-3.43005308,-1.21895271,0.657334993,-0.526246748,-0.188823977,0.842036183,0.862948102,-26.2099409,-46.9038984,236.276456,-8.3640046,-3.11692631,-26.9764835,False,False
NGC 6624,-598.6,265.699247,-32.550587,8.8005266,-3.39741644,-1.37527994,0.659985801,-0.521388812,-0.212899272,0.841087124,0.867613768,-25.6293172,-48.0922862,234.511343,-8.33313973,-3.17596545,-27.0690584,False,False
NGC 6624,-598.7,265.87659,-32.6035858,8.80348583,-3.36404047,-1.53029054,0.662577376,-0.516410851,-0.236786688,0.840052943,0.872786848,-25.0516368,-49.2508797,232.60509,-8.29892697,-3.23599223,-27.1524076,False,False
NGC 6624,-598.8,266.053167,-32.6549932,8.80644042,-3.32994509,-1.68389858,0.665110028,-0.511315968,-0.260472617,0.838937047,0.878442572,-24.4770304,-50.3786422,230.573644,-8.26168385,-3.29676002,-27.2257821,False,False
NGC 6624,-598.9,266.228878,-32.7047909,8.80938898,-3.29515077,-1.83602841,0.667584075,-0.506107359,-0.283945016,0.837742894,0.884555215,-23.9055834,-51.4747801,228.43168,-8.22170593,-3.35804647,-27.288562,False,False
NGC 6624,-599,266.403632,-32.7529666,8.81233008,-3.25967839,-1.98661386,0.669999844,-0.500788289,-0.307193278,0.836473969,0.891098429,-23.3373444,-52.538725,226.192562,-8.1792656,-3.41965337,-27.3402413,False,False
NGC 6624,-599.1,266.577348,-32.7995132,8.81526225,-3.22354908,-2.13559733,0.672357663,-0.495362071,-0.330208094,0.835133766,0.89804554,-22.7723315,-53.5701145,223.868371,-8.1346123,-3.4814056,-27.3804142,True,True
NGC 6624,-599.2,266.74995,-32.8444278,8.81818399,-3.18678413,-2.28292892,0.674657862,-0.489832044,-0.35298133,0.833725771,0.905369803,-22.2105389,-54.568771,221.469969,-8.08797342,-3.54314961,-27.4087614,True,True
NGC 6624,-599.3,266.921372,-32.8877118,8.82109379,-3.14940485,-2.42856565,0.676900769,-0.484201558,-0.375505903,0.832253447,0.913044623,-21.6519421,-55.5346809,219.00709,-8.03955575,-3.60475162,-27.4250401,True,True
NGC 6624,-599.4,267.091551,-32.9293699,8.82399011,-3.11143246,-2.57247075,0.67908671,-0.478473957,-0.397775673,0.830720222,0.921043741,-21.0965022,-56.4679741,216.488434,-7.98954701,-3.66609576,-27.4290735,True,True
NGC 6624,-599.5,267.260433,-32.9694098,8.82687142,-3.07288804,-2.71461295,0.681216005,-0.472652564,-0.419785339,0.829129478,0.929341392,-20.5441691,-57.3689043,213.921766,-7.9381175,-3.72708224,-27.4207421,True,True
NGC 6624,-599.6,267.427966,-33.0078416,8.82973618,-3.03379242,-2.85496594,0.683288968,-0.466740673,-0.441530351,0.827484544,0.937912427,-19.9948849,-58.2378305,211.314001,-7.88542166,-3.78762563,-27.3999765,True,True
NGC 6624,-599.7,267.594106,-33.0446777,8.83258286,-2.99416614,-2.99350776,0.685305909,-0.460741533,-0.463006828,0.825788683,0.946732419,-19.4485855,-59.0752005,208.671299,-7.83159954,-3.84765325,-27.3667504,True,True
NGC 6624,-599.8,267.758811,-33.0799323,8.83540995,-2.9540294,-3.13022034,0.687267129,-0.454658346,-0.484211483,0.824045094,0.955777735,-18.9052031,-59.881535,205.999139,-7.77677816,-3.9071037,-27.3210746,True,True
NGC 6624,-599.9,267.922043,-33.1136214,8.83821591,-2.91340201,-3.2650891,0.689172922,-0.448494256,-0.505141556,0.822256903,0.965025599,-18.3646669,-60.657414,203.30239,-7.72107276,-3.96592552,-27.2629923,True,True
NGC 6624,-600,268.083771,-33.1457619,8.84099927,-2.87230334,-3.39810249,0.691023577,-0.442252347,-0.525794758,0.820427159,0.97445413,-17.8269046,-61.4034644,200.585381,-7.66458796,-4.02407603,-27.1925737,True,True
NGC 6624,-600.1,268.243962,-33.176372,8.84375853,-2.83075232,-3.52925173,0.692819373,-0.435935636,-0.546169218,0.818558833,0.984042366,-17.2918431,-62.1203493,197.851956,-7.60741874,-4.08152022,-27.1099127,True,True
NGC 6624,-600.2,268.40259,-33.2054708,8.84649224,-2.78876744,-3.6585304,0.694560582,-0.429547071,-0.566263436,0.816654816,0.993770279,-16.7594091,-62.8087586,195.105527,-7.54965138,-4.13822983,-27.015123,True,True
NGC 6624,-600.3,268.55963,-33.2330779,8.84919896,-2.74636666,-3.78593425,0.69624747,-0.423089527,-0.586076238,0.814717919,1.00361877,-16.2295298,-63.4694005,192.349119,-7.49136429,-4.19418251,-26.9083353,True,True
NGC 6624,-600.4,268.715061,-33.2592138,8.85187726,-2.70356748,-3.91146091,0.697880294,-0.416565807,-0.605606744,0.81275087,1.01356968,-15.7021327,-64.1029946,189.585415,-7.43262876,-4.24936103,-26.7896943,True,True
NGC 6624,-600.5,268.868861,-33.2838992,8.85452576,-2.66038691,-4.03510969,0.699459305,-0.409978642,-0.624854333,0.810756317,1.02360576,-15.1771466,-64.7102662,186.816791,-7.37350962,-4.30375269,-26.6593563,True,True
NGC 6624,-600.6,269.021014,-33.307155,8.85714307,-2.61684145,-4.15688134,0.700984745,-0.403330685,-0.643818609,0.808736826,1.03371062,-14.6545012,-65.2919408,184.045348,-7.31406584,-4.35734867,-26.5174875,True,True
NGC 6624,-600.7,269.171504,-33.3290025,8.85972786,-2.57294712,-4.27677794,0.70245685,-0.396624517,-0.662499383,0.806694882,1.0438688,-14.1341274,-65.8487401,181.272943,-7.25435111,-4.41014358,-26.3642618,True,True
NGC 6624,-600.8,269.320317,-33.349463,8.86227879,-2.52871944,-4.39480269,0.703875849,-0.389862647,-0.680896641,0.804632894,1.05406562,-13.6159576,-66.3813785,178.501215,-7.19441427,-4.46213494,-26.1998597,True,True
NGC 6624,-600.9,269.467439,-33.3685579,8.86479459,-2.48417348,-4.51095979,0.705241964,-0.383047508,-0.699010529,0.802553189,1.06428725,-13.0999256,-66.8905601,175.73161,-7.13429977,-4.51332285,-26.0244663,True,True
NGC 6624,-601,269.612861,-33.3863087,8.86727397,-2.43932379,-4.62525433,0.70655541,-0.376181465,-0.716841328,0.80045802,1.07452061,-12.5859664,-67.3769765,172.965396,-7.0740481,-4.56370961,-25.8382707,True,True
NGC 6624,-601.1,269.756573,-33.4027366,8.86971568,-2.3941845,-4.73769214,0.707816396,-0.36926681,-0.734389445,0.798349565,1.08475338,-12.0740167,-67.8413047,170.203688,-7.01369609,-4.6132994,-25.6414646,True,True
NGC 6624,-601.2,269.898566,-33.4178628,8.87211853,-2.34876928,-4.84827972,0.709025125,-0.36230577,-0.751655392,0.796229928,1.09497394,-11.5640145,-68.2842059,167.447461,-6.95327729,-4.66209805,-25.4342418,True,True
NGC 6624,-601.3,270.038832,-33.4317083,8.8744813,-2.30309134,-4.95702414,0.710181792,-0.355300501,-0.768639772,0.794101142,1.10517136,-11.0558992,-68.7063243,164.697567,-6.8928222,-4.71011275,-25.2167968,True,True
NGC 6624,-601.4,270.177367,-33.4442938,8.87680284,-2.25716349,-5.06393296,0.711286588,-0.348253098,-0.785343274,0.79196517,1.11533533,-10.5496115,-69.1082863,161.954743,-6.83235859,-4.75735191,-24.989325,True,True
NGC 6624,-601.5,270.314163,-33.45564,8.879082,-2.21099812,-5.16901417,0.712339696,-0.341165591,-0.801766653,0.789823906,1.12545616,-10.0450937,-69.4906998,159.21963,-6.77191171,-4.80382492,-24.7520212,True,True
NGC 6624,-601.6,270.449217,-33.4657672,8.88131767,-2.1646072,-5.2722761,0.713341294,-0.334039948,-0.817910726,0.787679179,1.13552474,-9.54228929,-69.8541541,156.492778,-6.71150449,-4.84954201,-24.50508,True,True
NGC 6624,-601.7,270.582526,-33.4746955,8.88350876,-2.11800234,-5.37372738,0.714291556,-0.326878079,-0.833776364,0.785532752,1.14553251,-9.04114296,-70.1992193,153.774656,-6.65115776,-4.89451413,-24.2486947,True,True
NGC 6624,-601.8,270.714086,-33.4824445,8.8856542,-2.07119475,-5.47337689,0.715190646,-0.319681837,-0.84936448,0.783386327,1.1554714,-8.54160073,-70.5264469,151.065664,-6.59089043,-4.9387528,-23.9830573,True,True
NGC 6624,-601.9,270.843895,-33.4890337,8.88775295,-2.0241953,-5.5712337,0.716038728,-0.312453018,-0.864676025,0.781241543,1.16533385,-8.04360983,-70.8363694,148.366135,-6.53071962,-4.98227003,-23.7083582,True,True
NGC 6624,-602,270.971951,-33.4944822,8.889804,-1.97701449,-5.66730704,0.716835957,-0.305193366,-0.879711982,0.779099981,1.17511274,-7.5471186,-71.1295006,145.676346,-6.47066085,-5.0250782,-23.4247856,True,True
NGC 6624,-602.1,271.098254,-33.4988088,8.89180634,-1.92966251,-5.76160628,0.717582484,-0.297904572,-0.894473359,0.776963162,1.18480139,-7.0520765,-71.4063358,142.996523,-6.41072812,-5.06719,-23.1325257,True,True
NGC 6624,-602.2,271.222803,-33.502032,8.89375903,-1.8821492,-5.85414083,0.718278454,-0.290588279,-0.908961185,0.774832553,1.19439354,-6.55843408,-71.6673525,140.326845,-6.35093409,-5.10861835,-22.8317626,True,True
NGC 6624,-602.3,271.345597,-33.5041698,8.8956611,-1.8344841,-5.94492021,0.718924008,-0.283246081,-0.923176504,0.772709565,1.20388327,-6.06614288,-71.9130103,137.667449,-6.29129012,-5.14937632,-22.5226776,True,True
NGC 6624,-602.4,271.466638,-33.5052401,8.89751163,-1.78667646,-6.03395393,0.719519282,-0.275879526,-0.937120374,0.770595555,1.21326506,-5.57515543,-72.1437516,135.018435,-6.23180644,-5.18947712,-22.2054495,True,True
NGC 6624,-602.5,271.585925,-33.5052602,8.89930972,-1.73873523,-6.12125151,0.720064406,-0.268490117,-0.950793859,0.76849183,1.2225337,-5.08542521,-72.360002,132.379872,-6.17249219,-5.22893402,-21.8802545,True,True
NGC 6624,-602.6,271.70346,-33.5042472,8.9010545,-1.69066908,-6.20682247,0.720559508,-0.261079315,-0.964198032,0.766399643,1.23168432,-4.59690656,-72.5621708,129.751796,-6.11335555,-5.26776031,-21.547266,True,True
NGC 6624,-602.7,271.819244,-33.5022178,8.90274509,-1.64248643,-6.29067627,0.721004709,-0.25364854,-0.977333965,0.764320202,1.24071232,-4.10955469,-72.7506514,127.134219,-6.05440375,-5.30596929,-21.2066546,True,True
NGC 6624,-602.8,271.93328,-33.4991883,8.90438068,-1.59419542,-6.37282235,0.721400125,-0.246199173,-0.990202732,0.762254664,1.24961339,-3.62332562,-72.9258218,124.527126,-5.99564322,-5.3435742,-20.8585882,True,True
NGC 6624,-602.9,272.045569,-33.4951748,8.90596043,-1.54580398,-6.45327005,0.721745869,-0.238732557,-1.0028054,0.760204139,1.25838349,-3.13817614,-73.0880454,121.930485,-5.93707957,-5.38058823,-20.5032315,True,True
NGC 6624,-603,272.156112,-33.4901929,8.90748355,-1.49731977,-6.53202863,0.72204205,-0.231249996,-1.01514304,0.758169693,1.26701882,-2.65406378,-73.2376709,119.344241,-5.87871773,-5.41702448,-20.1407466,True,True
NGC 6624,-603.1,272.264914,-33.484258,8.90894927,-1.44875026,-6.60910727,0.722288772,-0.223752763,-1.02721672,0.756152345,1.2755158,-2.17094674,-73.3750333,116.768324,-5.82056194,-5.45289595,-19.7712927,True,True
NGC 6624,-603.2,272.371976,-33.477385,8.91035683,-1.40010267,-6.68451503,0.722486134,-0.216242095,-1.03902747,0.754153073,1.28387108,-1.68878391,-73.5004542,114.202647,-5.76261584,-5.4882155,-19.395026,True,True
NGC 6624,-603.3,272.477301,-33.4695886,8.91170548,-1.35138403,-6.75826086,0.722634231,-0.208719198,-1.05057635,0.75217281,1.2920815,-1.20753478,-73.6142424,111.647113,-5.70488248,-5.52299588,-19.0121001,True,True
NGC 6624,-603.4,272.580892,-33.4608831,8.91299451,-1.30260117,-6.83035357,0.722733155,-0.201185246,-1.06186438,0.750212448,1.3001441,-0.727159439,-73.7166941,109.101608,-5.6473644,-5.55724967,-18.6226654,True,True
NGC 6624,-603.5,272.682752,-33.4512824,8.91422322,-1.25376072,-6.90080185,0.722782994,-0.193641383,-1.0728926,0.748272839,1.3080561,-0.247618529,-73.8080935,106.566011,-5.59006363,-5.59098932,-18.2268699,True,True
NGC 6624,-603.6,272.782885,-33.4408002,8.91539092,-1.20486916,-6.96961425,0.722783831,-0.186088726,-1.08366199,0.746354795,1.31581488,0.231126785,-73.8887135,104.04019,-5.53298176,-5.62422708,-17.8248585,True,True
NGC 6624,-603.7,272.881293,-33.4294499,8.91649694,-1.15593275,-7.03679916,0.722735745,-0.178528364,-1.09417356,0.744459088,1.32341796,0.709114846,-73.9588158,101.524005,-5.47611995,-5.65697507,-17.4167735,True,True
NGC 6624,-603.8,272.977981,-33.4172445,8.91754064,-1.1069576,-7.10236483,0.722638812,-0.17096136,-1.10442828,0.742586452,1.33086305,1.18638354,-74.0186511,99.0173078,-5.41947896,-5.6892452,-17.0027545,True,True
NGC 6624,-603.9,273.072951,-33.4041966,8.91852138,-1.05794969,-7.16631934,0.722493102,-0.163388751,-1.11442712,0.740737583,1.33814796,1.66297032,-74.0684604,96.5199437,-5.36305919,-5.72104922,-16.5829386,True,True
NGC 6624,-604,273.166207,-33.3903186,8.91943855,-1.00891479,-7.22867061,0.722298686,-0.155811551,-1.12417102,0.738913141,1.34527064,2.13891223,-74.1084742,94.0317525,-5.30686068,-5.75239869,-16.15746,True,True
NGC 6624,-604.1,273.257753,-33.3756227,8.92029154,-0.959858569,-7.2894264,0.722055625,-0.14823075,-1.13366091,0.73711375,1.35222917,2.61424595,-74.138914,91.5525687,-5.25088318,-5.783305,-15.7264505,True,True
NGC 6624,-604.2,273.347593,-33.3601207,8.92107977,-0.910786533,-7.3485943,0.721763981,-0.140647316,-1.1428977,0.735339997,1.35902173,3.08900782,-74.1599917,89.0822224,-5.19512611,-5.81377932,-15.2900396,True,True
NGC 6624,-604.3,273.435729,-33.343824,8.92180267,-0.86170406,-7.40618172,0.72142381,-0.133062197,-1.1518823,0.733592436,1.36564662,3.56323383,-74.1719107,86.6205397,-5.13958865,-5.84383268,-14.8483539,True,True
NGC 6624,-604.4,273.522167,-33.326744,8.92245969,-0.812616396,-7.4621959,0.721035165,-0.125476319,-1.16061557,0.731871584,1.37210222,4.0369597,-74.1748657,84.1673433,-5.08426969,-5.87347589,-14.4015181,True,True
NGC 6624,-604.5,273.606909,-33.3088914,8.92305029,-0.763528666,-7.51664389,0.720598096,-0.117890588,-1.16909837,0.730177928,1.37838703,4.51022087,-74.1690434,81.7224529,-5.02916788,-5.9027196,-13.9496541,True,True
NGC 6624,-604.6,273.689959,-33.290277,8.92357393,-0.714445875,-7.56953258,0.720112648,-0.110305895,-1.17733155,0.72851192,1.38449962,4.98305255,-74.1546225,79.2856858,-4.97428166,-5.93157424,-13.4928819,True,True
NGC 6624,-604.7,273.77132,-33.2709112,8.92403012,-0.665372917,-7.62086867,0.719578864,-0.102723109,-1.18531593,0.726873977,1.39043865,5.45548972,-74.1317741,76.856857,-4.91960924,-5.96005009,-13.0313189,True,True
NGC 6624,-604.8,273.850998,-33.2508041,8.92441834,-0.616314575,-7.67065866,0.718996782,-0.0951430833,-1.19305231,0.725264488,1.39620285,5.92756714,-74.1006622,74.4357798,-4.86514865,-5.98815725,-12.5650806,True,True
NGC 6624,-604.9,273.928994,-33.2299655,8.92473813,-0.567275532,-7.7189089,0.718366436,-0.0875666555,-1.20054146,0.723683809,1.40179102,6.39931942,-74.0614437,72.022266,-4.81089771,-6.01590562,-12.0942803,True,True
NGC 6624,-605,274.005314,-33.2084051,8.92498901,-0.518260371,-7.76562552,0.717687859,-0.0799946467,-1.20778417,0.722132264,1.40720205,6.87078101,-74.0142686,69.616126,-4.75685409,-6.04330493,-11.6190292,True,True
NGC 6624,-605.1,274.079959,-33.1861321,8.92517051,-0.46927358,-7.81081449,0.716961079,-0.0724278633,-1.21478116,0.720610147,1.41243487,7.34198623,-73.9592804,67.2171693,-4.70301526,-6.07036476,-11.1394365,True,True
NGC 6624,-605.2,274.152935,-33.1631558,8.92528221,-0.420319558,-7.85448157,0.716186119,-0.0648670972,-1.22153317,0.719117721,1.41748848,7.81296928,-73.8966164,64.8252046,-4.64937858,-6.09709447,-10.6556093,True,True
NGC 6624,-605.3,274.224244,-33.1394849,8.92532366,-0.37140262,-7.89663235,0.715363001,-0.0573131267,-1.2280409,0.717655222,1.42236193,8.28376429,-73.8264079,62.44004,-4.59594123,-6.1235033,-10.1676531,True,True
NGC 6624,-605.4,274.29389,-33.115128,8.92529445,-0.322526996,-7.93727222,0.714491743,-0.049766717,-1.23430503,0.716222854,1.42705434,8.75440529,-73.7487802,60.061483,-4.54270026,-6.1496003,-9.67567126,True,True
NGC 6624,-605.5,274.361875,-33.0900936,8.92519417,-0.27369684,-7.9764064,0.713572358,-0.0422286206,-1.24032624,0.714820793,1.43156486,9.2249263,-73.6638528,57.689341,-4.48965261,-6.17539437,-9.17976546,True,True
NGC 6624,-605.6,274.428205,-33.0643898,8.92502242,-0.224916231,-8.01403989,0.712604857,-0.0346995783,-1.24610516,0.713449187,1.43589269,9.69536127,-73.5717401,55.3234211,-4.43679506,-6.20089422,-8.68003561,True,True
NGC 6624,-605.7,274.492881,-33.0380245,8.92477882,-0.17618918,-8.05017753,0.711589247,-0.0271803192,-1.25164243,0.712108156,1.44003708,10.1657442,-73.472551,52.9635304,-4.38412431,-6.22610845,-8.17657996,True,True
NGC 6624,-605.8,274.555907,-33.0110053,8.924463,-0.127519626,-8.08482396,0.710525532,-0.0196715616,-1.25693865,0.710797792,1.44399732,10.6361089,-73.3663892,50.6094759,-4.33163693,-6.25104547,-7.66949508,True,True
NGC 6624,-605.9,274.617286,-32.9833398,8.9240746,-0.0789114491,-8.11798362,0.709413711,-0.0121740137,-1.26199441,0.70951816,1.44777274,11.1064896,-73.2533536,48.261065,-4.2793294,-6.27571356,-7.15887597,True,True
NGC 6624,-606,274.67702,-32.9550353,8.92361326,-0.0303684658,-8.14966078,0.708253781,-0.00468837358,-1.26681027,0.708269299,1.45136269,11.5769202,-73.1335384,45.918105,-4.22719808,-6.30012084,-6.64481606,True,True
NGC 6624,-606.1,274.735114,-32.9260987,8.92307866,0.0181055636,-8.1798595,0.707045737,0.00278467008,-1.27138679,0.70705122,1.45476658,12.0474349,-73.0070329,43.5804036,-4.17523925,-6.32427529,-6.12740733,True,True
NGC 6624,-606.2,274.791569,-32.8965369,8.92247046,0.0665069333,-8.20858366,0.705789566,0.0102444374,-1.27572449,0.70586391,1.45798382,12.5180678,-72.8739222,41.2477688,-4.12344911,-6.34818476,-5.6067403,True,True
NGC 6624,-606.3,274.846389,-32.8663566,8.92178834,0.114831989,-8.23583696,0.704485255,0.017690257,-1.27982387,0.704707329,1.46101388,12.9888533,-72.7342869,38.9200088,-4.07182376,-6.37185696,-5.08290409,True,True
NGC 6624,-606.4,274.899576,-32.8355641,8.921032,0.163077125,-8.26162289,0.703132788,0.0251214656,-1.28368544,0.703581413,1.46385625,13.4598257,-72.5882032,36.5969323,-4.02035921,-6.39529945,-4.5559865,True,True
NGC 6624,-606.5,274.951132,-32.8041657,8.92020114,0.211238781,-8.28594478,0.701732142,0.0325374073,-1.28730965,0.702486073,1.46651042,13.9310197,-72.4357436,34.2783484,-3.96905141,-6.41851967,-4.02607401,True,True
NGC 6624,-606.6,275.00106,-32.7721675,8.91929548,0.259313439,-8.30880573,0.700283294,0.0399374338,-1.29069696,0.701421194,1.46897595,14.4024699,-72.2769764,31.9640666,-3.91789624,-6.44152494,-3.49325187,True,True
NGC 6624,-606.7,275.049363,-32.7395753,8.91831474,0.307297625,-8.33020868,0.698786216,0.0473209031,-1.2938478,0.700386639,1.47125238,14.8742113,-72.1119658,29.6538969,-3.86688947,-6.46432245,-2.95760413,True,True
NGC 6624,-606.8,275.096042,-32.7063948,8.91725864,0.355187897,-8.35015638,0.697240876,0.05468718,-1.29676258,0.699382246,1.47333931,15.3462789,-71.9407726,27.3476494,-3.81602685,-6.48691927,-2.41921367,True,True
NGC 6624,-606.9,275.141099,-32.6726314,8.91612694,0.402980855,-8.36865137,0.695647239,0.062035635,-1.29944168,0.698407832,1.47523632,15.8187082,-71.7634538,25.0451352,-3.76530403,-6.50932233,-1.87816228,True,True
NGC 6624,-607,275.184537,-32.6382904,8.91491939,0.450673125,-8.38569603,0.694005265,0.0693656444,-1.30188549,0.69746319,1.47694304,16.2915345,-71.5800627,22.7461653,-3.71471659,-6.53153849,-1.33453067,True,True
NGC 6624,-607.1,275.226357,-32.603377,8.91363575,0.49826137,-8.40129253,0.692314914,0.0766765898,-1.30409435,0.696548088,1.4784591,16.7647938,-71.3906493,20.4505513,-3.66426008,-6.55357446,-0.788398544,True,True
NGC 6624,-607.2,275.266562,-32.5678961,8.91227578,0.545742277,-8.41544286,0.690576137,0.0839678578,-1.3060686,0.695662276,1.47978417,17.238522,-71.1952599,18.1581054,-3.61392996,-6.57543685,-0.239844614,True,True
NGC 6624,-607.3,275.305152,-32.5318524,8.91083928,0.59311256,-8.42814881,0.688788887,0.0912388393,-1.30780856,0.694805481,1.48091792,17.7127557,-70.9939378,15.86864,-3.56372164,-6.59713217,0.311053329,True,True
NGC 6624,-607.4,275.342129,-32.4952506,8.90932603,0.640368959,-8.43941199,0.686953109,0.0984889297,-1.30931451,0.693977408,1.48186002,18.1875313,-70.7867229,13.5819679,-3.51363046,-6.61866682,0.864218387,True,True
NGC 6624,-607.5,275.377495,-32.458095,8.90773583,0.687508232,-8.44923382,0.685068746,0.105717528,-1.31058674,0.693177742,1.48261019,18.662886,-70.5736517,11.2979023,-3.46365173,-6.64004711,1.41957451,True,True
NGC 6624,-607.6,275.411251,-32.4203899,8.90606848,0.734527159,-8.45761552,0.683135736,0.112924038,-1.31162549,0.692406147,1.48316813,19.1388571,-70.354758,9.01625662,-3.41378068,-6.66127923,1.97704645,True,True
NGC 6624,-607.7,275.443397,-32.3821395,8.90432381,0.781422536,-8.46455815,0.681154015,0.120107864,-1.31243102,0.691662267,1.48353358,19.6154824,-70.1300722,6.73684474,-3.36401249,-6.68236929,2.53655972,True,True
NGC 6624,-607.8,275.473935,-32.3433477,8.90250164,0.828191176,-8.47006255,0.679123514,0.127268417,-1.31300353,0.690945726,1.48370626,20.0927998,-69.8996218,4.45948073,-3.31434228,-6.70332331,3.09804057,True,True
NGC 6624,-607.9,275.502866,-32.3040181,8.9006018,0.874829904,-8.47412937,0.67704416,0.134405107,-1.31334324,0.690256132,1.48368594,20.5708481,-69.6634313,2.18397891,-3.26476514,-6.72414722,3.66141592,True,True
NGC 6624,-608,275.53019,-32.2641546,8.89862413,0.921335556,-8.4767591,0.674915876,0.141517349,-1.31345031,0.689593068,1.48347238,21.049666,-69.4215223,-0.0898461601,-3.21527607,-6.74484684,4.22661333,True,True
NGC 6624,-608.1,275.555907,-32.2237604,8.89656849,0.96770498,-8.47795201,0.672738582,0.14860456,-1.31332491,0.688956105,1.48306535,21.5292932,-69.1739136,-2.36217977,-3.16587006,-6.76542794,4.79356097,True,True
NGC 6624,-608.2,275.580019,-32.182839,8.89443473,1.01393503,-8.47770819,0.670512193,0.155666156,-1.31296719,0.688344793,1.48246463,22.0097693,-68.920621,-4.63320704,-3.11654201,-6.78589617,5.36218756,True,True
NGC 6624,-608.3,275.602525,-32.1413935,8.89222273,1.06002256,-8.47602754,0.66823662,0.162701558,-1.31237726,0.687758662,1.48167002,22.4911349,-68.6616578,-6.90311298,-3.06728678,-6.80625712,5.93242236,True,True
NGC 6624,-608.4,275.623426,-32.0994268,8.88993235,1.10596444,-8.47290977,0.66591177,0.169710186,-1.31155524,0.68719723,1.48068132,22.9734309,-68.3970342,-9.17208253,-3.01809919,-6.82651631,6.5041951,True,True
NGC 6624,-608.5,275.642721,-32.056942,8.88756349,1.15175753,-8.46835439,0.663537546,0.176691461,-1.31050121,0.686659994,1.47949835,23.4566987,-68.1267579,-11.4403006,-2.968974,-6.84667916,7.07743596,True,True
NGC 6624,-608.6,275.66041,-32.0139416,8.88511603,1.19739869,-8.46236073,0.661113845,0.183644806,-1.30921523,0.686146436,1.47812092,23.9409803,-67.8508339,-13.707952,-2.9199059,-6.86675103,7.6520755,True,True
NGC 6624,-608.7,275.676493,-31.9704283,8.88258988,1.24288479,-8.45492793,0.658640563,0.190569643,-1.30769736,0.685656022,1.47654887,24.4263184,-67.5692643,-15.9752218,-2.87088956,-6.88673721,8.22804469,True,True
NGC 6624,-608.8,275.690969,-31.9264045,8.87998495,1.28821269,-8.44605491,0.656117589,0.197465395,-1.30594763,0.685188203,1.47478204,24.9127563,-67.2820487,-18.2422949,-2.82191958,-6.9066429,8.8052748,True,True
NGC 6624,-608.9,275.703838,-31.8818725,8.87730115,1.33337924,-8.43574043,0.653544809,0.204331485,-1.30396604,0.684742413,1.47282029,25.4003378,-66.9891842,-20.5093563,-2.7729905,-6.92647327,9.38369739,True,True
NGC 6624,-609,275.715099,-31.8368345,8.8745384,1.37838129,-8.42398304,0.650922102,0.211167333,-1.30175259,0.684318073,1.47066346,25.8891075,-66.6906651,-22.7765914,-2.72409682,-6.94623339,9.96324428,True,True
NGC 6624,-609.1,275.72475,-31.7912924,8.87169665,1.42321567,-8.41078109,0.648249345,0.217972363,-1.29930725,0.683914589,1.46831144,26.3791106,-66.3864829,-25.0441855,-2.67523298,-6.96592826,10.5438475,True,True
NGC 6624,-609.2,275.732791,-31.7452482,8.86877584,1.46787921,-8.39613275,0.645526411,0.224745993,-1.29662997,0.683531351,1.4657641,26.8703933,-66.0766269,-27.3123244,-2.62639337,-6.98556286,11.1254392,True,True
NGC 6624,-609.3,275.73922,-31.6987037,8.8657759,1.51236872,-8.38003598,0.642753164,0.231487643,-1.29372069,0.683167739,1.46302132,27.3630021,-65.7610835,-29.5811937,-2.57757232,-7.00514206,11.7079518,True,True
NGC 6624,-609.4,275.744035,-31.6516603,8.86269681,1.55668101,-8.36248855,0.639929469,0.23819673,-1.29057933,0.682823116,1.46008302,27.8569847,-65.4398366,-31.8509798,-2.52876412,-7.02467071,12.2913177,True,True
NGC 6624,-609.5,275.747236,-31.6041197,8.85953852,1.60081284,-8.34348804,0.63705518,0.244872671,-1.28720578,0.682496834,1.45694909,28.3523895,-65.1128675,-34.121869,-2.47996298,-7.04415357,12.8754695,True,True
NGC 6624,-609.6,275.74882,-31.5560832,8.85630102,1.644761,-8.3230318,0.634130152,0.251514879,-1.28359991,0.682188232,1.45361946,28.8492656,-64.7801548,-36.3940482,-2.43116307,-7.06359536,13.4603395,True,True
NGC 6624,-609.7,275.748785,-31.507552,8.85298427,1.68852221,-8.30111702,0.63115423,0.258122765,-1.2797616,0.681896637,1.45009406,29.3476631,-64.4416746,-38.6677045,-2.3823585,-7.08300074,14.0458603,True,True
NGC 6624,-609.8,275.747129,-31.4585272,8.84958828,1.73209321,-8.27774067,0.628127256,0.264695738,-1.27569067,0.681621364,1.44637283,29.847633,-64.0974002,-40.9430254,-2.33354332,-7.10237433,14.6319644,True,True
NGC 6624,-609.9,275.743849,-31.4090098,8.84611305,1.77547068,-8.25289951,0.625049067,0.271233205,-1.27138695,0.681361716,1.44245574,30.3492274,-63.7473025,-43.220199,-2.28471153,-7.12172068,15.218584,True,True
NGC 6624,-610,275.738943,-31.3590007,8.84255856,1.81865131,-8.22659013,0.621919494,0.277734567,-1.26685024,0.681116985,1.43834275,30.852499,-63.3913495,-45.4994136,-2.23585706,-7.14104429,15.8056515,True,True
NGC 6624,-610.1,275.732409,-31.3085005,8.83892486,1.86163174,-8.19880888,0.618738363,0.284199225,-1.26208031,0.680886452,1.43403385,31.3575019,-63.0295067,-47.780858,-2.18697379,-7.16034961,16.3930988,True,True
NGC 6624,-610.2,275.724242,-31.2575099,8.83521194,1.90440858,-8.16955192,0.615505493,0.290626574,-1.25707694,0.680669389,1.42952903,31.8642912,-62.6617368,-50.0647216,-2.13805553,-7.17964105,16.9808577,True,True
NGC 6624,-610.3,275.714441,-31.2060294,8.83141986,1.94697842,-8.13881521,0.6122207,0.297016005,-1.25183987,0.680465057,1.42482832,32.3729227,-62.2879998,-52.3511941,-2.08909605,-7.19892296,17.5688598,True,True
NGC 6624,-610.4,275.703002,-31.1540593,8.82754864,1.98933781,-8.10659451,0.608883792,0.303366908,-1.24636881,0.680272705,1.41993174,32.883454,-61.9082529,-54.6404658,-2.04008903,-7.21819965,18.1570363,True,True
NGC 6624,-610.5,275.689921,-31.1015999,8.82359833,2.03148326,-8.07288534,0.605494572,0.309678664,-1.24066347,0.680091576,1.41483935,33.3959432,-61.5224506,-56.9327273,-1.99102811,-7.23747538,18.7453183,True,True
NGC 6624,-610.6,275.675195,-31.0486513,8.819569,2.07341125,-8.03768305,0.602052836,0.315950651,-1.23472354,0.679920901,1.40955122,33.9104502,-61.1305445,-59.2281699,-1.94190686,-7.25675435,19.3336361,True,True
NGC 6624,-610.7,275.65882,-30.9952135,8.8154607,2.11511822,-8.00098276,0.598558375,0.322182244,-1.22854868,0.679759904,1.40406744,34.4270357,-60.7324834,-61.5269851,-1.89271878,-7.27604074,19.9219198,True,True
NGC 6624,-610.8,275.640792,-30.9412863,8.81127351,2.15660057,-7.96277938,0.595010974,0.32837281,-1.22213854,0.679607799,1.39838813,34.9457619,-60.3282131,-63.829365,-1.84345732,-7.29533866,20.5100993,True,True
NGC 6624,-610.9,275.621105,-30.8868697,8.80700751,2.19785465,-7.92306761,0.591410409,0.33452171,-1.21549274,0.679463793,1.39251343,35.4666925,-59.9176766,-66.135502,-1.79411587,-7.31465218,21.0981034,True,True
NGC 6624,-611,275.599757,-30.8319632,8.8026628,2.23887677,-7.88184194,0.587756453,0.340628301,-1.20861089,0.679327084,1.3864435,35.9898923,-59.5008138,-68.4455887,-1.74468775,-7.33398533,21.6858608,True,True
NGC 6624,-611.1,275.576743,-30.7765663,8.79823946,2.27966319,-7.83909663,0.584048869,0.346691933,-1.20149257,0.679196863,1.38017853,36.5154277,-59.0775615,-70.7598183,-1.69516621,-7.35334207,22.2732995,True,True
NGC 6624,-611.2,275.552056,-30.7206786,8.79373761,2.32021011,-7.79482575,0.580287417,0.352711949,-1.19413736,0.679072312,1.37371876,37.0433666,-58.6478536,-73.078384,-1.64554444,-7.37272635,22.8603467,True,True
NGC 6624,-611.3,275.525693,-30.6642993,8.78915738,2.3605137,-7.74902313,0.576471845,0.358687685,-1.18654479,0.678952608,1.36706444,37.5737785,-58.2116207,-75.4014793,-1.59581559,-7.39214204,23.4469289,True,True
NGC 6624,-611.4,275.497649,-30.6074276,8.78449887,2.40057006,-7.70168239,0.572601898,0.364618471,-1.17871439,0.678836919,1.36021586,38.1067342,-57.7687902,-77.7292976,-1.54597273,-7.41159296,24.0329721,True,True
NGC 6624,-611.5,275.467916,-30.5500627,8.77976224,2.44037523,-7.65279694,0.568677311,0.370503627,-1.17064568,0.678724408,1.35317335,38.6423065,-57.3192862,-80.0620324,-1.49600886,-7.43108291,24.6184012,True,True
NGC 6624,-611.6,275.436491,-30.4922035,8.77494762,2.4799252,-7.60235996,0.564697814,0.376342467,-1.16233813,0.67861423,1.3459373,39.1805698,-56.8630295,-82.399877,-1.44591694,-7.4506156,25.2031404,True,True
NGC 6624,-611.7,275.403367,-30.433849,8.77005517,2.51921589,-7.55036441,0.560663127,0.382134296,-1.15379123,0.678505536,1.33850811,39.7216001,-56.3999375,-84.7430245,-1.39568986,-7.47019472,25.7871129,True,True
NGC 6624,-611.8,275.368537,-30.3749978,8.76508505,2.55824317,-7.49680304,0.556572964,0.387878411,-1.1450044,0.678397469,1.33088625,40.2654753,-55.9299241,-87.0916673,-1.34532047,-7.48982387,26.3702409,True,True
NGC 6624,-611.9,275.331996,-30.3156487,8.76003744,2.59700281,-7.44166835,0.552427029,0.3935741,-1.13597709,0.678289167,1.32307223,40.8122753,-55.4528996,-89.4459972,-1.29480157,-7.50950662,26.9524457,True,True
NGC 6624,-612,275.293737,-30.2558003,8.75491253,2.63549055,-7.38495265,0.548225019,0.39922064,-1.1267087,0.678179763,1.31506664,41.3620817,-54.9687707,-91.8062053,-1.24412588,-7.52924647,27.5336474,True,True
NGC 6624,-612.1,275.253753,-30.195451,8.7497105,2.67370202,-7.32664801,0.543966622,0.404817301,-1.11719862,0.678068384,1.30687011,41.9149783,-54.4774404,-94.1724812,-1.19328611,-7.54904683,28.1137649,True,True
NGC 6624,-612.2,275.212037,-30.1345991,8.74443156,2.71163281,-7.26674628,0.539651519,0.41036334,-1.10744621,0.677954152,1.29848333,42.4710507,-53.9788077,-96.5450134,-1.14227491,-7.56891109,28.6927159,True,True
NGC 6624,-612.3,275.168582,-30.073243,8.73907592,2.74927841,-7.20523908,0.535279379,0.415858005,-1.09745085,0.677836185,1.28990707,43.0303868,-53.4727679,-98.9239885,-1.0910849,-7.58884251,29.2704168,True,True
NGC 6624,-612.4,275.123381,-30.0113809,8.73364381,2.78663422,-7.1421178,0.530849865,0.421300533,-1.08721184,0.677713597,1.28114219,43.5930766,-52.9592123,-101.309591,-1.03970867,-7.60884433,29.8467827,True,True
NGC 6624,-612.5,275.076425,-29.9490107,8.72813547,2.82369558,-7.07737363,0.526362629,0.426690151,-1.07672851,0.677585494,1.2721896,44.1592123,-52.4380279,-103.702003,-0.988138792,-7.62891965,30.4217271,True,True
NGC 6624,-612.6,275.027708,-29.8861305,8.72255114,2.86045773,-7.0109975,0.521817312,0.432026071,-1.06600014,0.677450982,1.26305033,44.7288884,-51.9090976,-106.101403,-0.936367807,-7.64907153,30.9951622,True,True
NGC 6624,-612.7,274.97722,-29.8227381,8.71689108,2.89691582,-6.94298016,0.517213549,0.437307496,-1.05502602,0.677309162,1.25372549,45.3022016,-51.3723002,-108.507968,-0.884388268,-7.66930289,31.5669982,True,True
NGC 6624,-612.8,274.924954,-29.7588315,8.71115555,2.93306489,-6.87331211,0.512550962,0.442533614,-1.04380541,0.677159131,1.24421631,45.8792512,-50.8275098,-110.921868,-0.832192726,-7.68961658,32.1371439,True,True
NGC 6624,-612.9,274.870901,-29.6944082,8.70534485,2.96889991,-6.80198364,0.507829165,0.447703601,-1.03233754,0.676999982,1.23452411,46.4601387,-50.2745964,-113.34327,-0.779773749,-7.71001531,32.7055061,True,True
NGC 6624,-613,274.815053,-29.6294659,8.69945925,3.00441573,-6.72898483,0.503047758,0.452816621,-1.02062164,0.676830805,1.22465034,47.0449682,-49.7134251,-115.772335,-0.727123939,-7.73050169,33.2719898,True,True
NGC 6624,-613.1,274.757399,-29.5640022,8.69349908,3.03960709,-6.65430554,0.498206334,0.45787182,-1.00865692,0.676650689,1.21459661,47.6338463,-49.1438564,-118.209217,-0.674235944,-7.75107816,33.8364977,True,True
NGC 6624,-613.2,274.697932,-29.4980145,8.68746464,3.07446866,-6.5779354,0.493304474,0.462868334,-0.996442565,0.676458718,1.20436464,48.2268822,-48.5657461,-120.654065,-0.621102477,-7.77174706,34.3989308,True,True
NGC 6624,-613.3,274.636641,-29.4315002,8.68135626,3.10899494,-6.49986388,0.488341745,0.46780528,-0.983977764,0.676253976,1.19395631,48.8241876,-47.9789449,-123.107017,-0.567716337,-7.79251051,34.9591872,True,True
NGC 6624,-613.4,274.573518,-29.3644567,8.67517428,3.14318035,-6.42008019,0.483317706,0.472681762,-0.971261676,0.676035541,1.18337369,49.4258768,-47.3832987,-125.568202,-0.514070435,-7.81337051,35.5171632,True,True
NGC 6624,-613.5,274.508552,-29.2968813,8.66891907,3.17701918,-6.33857338,0.478231902,0.477496868,-0.958293453,0.675802494,1.17261901,50.0320669,-46.7786482,-128.037739,-0.460157818,-7.83432884,36.072752,True,True
NGC 6624,-613.6,274.441733,-29.2287711,8.662591,3.21050561,-6.25533231,0.473083868,0.482249668,-0.945072236,0.675553912,1.16169472,50.6428774,-46.1648291,-130.515734,-0.405971701,-7.85538704,36.6258443,True,True
NGC 6624,-613.7,274.373052,-29.1601233,8.65619044,3.24363367,-6.17034564,0.467873123,0.486939216,-0.931597156,0.675288871,1.15060346,51.2584305,-45.5416716,-133.002278,-0.351505501,-7.87654646,37.1763278,True,True
NGC 6624,-613.8,274.302497,-29.090935,8.64971779,3.27639726,-6.08360186,0.462599178,0.491564548,-0.917867333,0.675006448,1.13934812,51.8788511,-44.9090009,-135.497446,-0.296752879,-7.89780815,37.7240871,True,True
NGC 6624,-613.9,274.230058,-29.0212033,8.64317347,3.30879015,-5.99508931,0.457261527,0.496124682,-0.903881883,0.674705716,1.12793185,52.5042664,-44.2666367,-138.001297,-0.241707783,-7.91917291,38.2690035,True,True
NGC 6624,-614,274.155725,-28.9509253,8.63655791,3.34080598,-5.90479617,0.451859653,0.500618617,-0.889639915,0.674385754,1.11635806,53.1348063,-43.6143932,-140.513866,-0.186364498,-7.94064117,38.8109544,True,True
NGC 6624,-614.1,274.079487,-28.8800979,8.62987154,3.37243821,-5.81271047,0.446393025,0.505045333,-0.875140537,0.674045637,1.10463047,53.7706028,-42.9520792,-143.035165,-0.130717708,-7.96221305,39.3498139,True,True
NGC 6624,-614.2,274.001332,-28.8087182,8.62311484,3.40368018,-5.71882015,0.440861099,0.50940379,-0.860382857,0.673684444,1.09275312,54.4117905,-42.2794983,-145.565181,-0.074762561,-7.98388826,39.8854514,True,True
NGC 6624,-614.3,273.92125,-28.7367831,8.61628827,3.43452506,-5.62311302,0.435263316,0.513692927,-0.845365985,0.673301254,1.08073041,55.0585056,-41.5964486,-148.10387,-0.0184947421,-8.00566606,40.4177322,True,True
NGC 6624,-614.4,273.839229,-28.6642897,8.60939234,3.46496587,-5.52557681,0.429599105,0.517911665,-0.830089038,0.67289515,1.06856712,55.7108866,-40.9027227,-150.651153,0.0380894375,-8.02754524,40.9465168,True,True
NGC 6624,-614.5,273.755258,-28.591235,8.60242754,3.49499546,-5.4261992,0.423867878,0.522058899,-0.814551143,0.67246522,1.05626845,56.3690732,-40.1981084,-153.206912,0.0949929447,-8.04952405,41.4716604,True,True
NGC 6624,-614.6,273.669326,-28.5176162,8.59539442,3.52460649,-5.32496785,0.418069035,0.526133505,-0.79875144,0.672010553,1.04384005,57.0332066,-39.4823881,-155.770987,0.152217913,-8.07160013,41.9930126,True,True
NGC 6624,-614.7,273.581421,-28.4434303,8.58829352,3.55379149,-5.22187039,0.41220196,0.530134336,-0.782689089,0.671530245,1.03128807,57.7034289,-38.7553397,-158.343165,0.209765516,-8.09377043,42.510417,True,True
NGC 6624,-614.8,273.491533,-28.3686745,8.58112542,3.58254277,-5.11689451,0.406266023,0.534060222,-0.766363276,0.671023399,1.0186192,58.3798824,-38.0167362,-160.923181,0.267635822,-8.11603118,43.0237104,True,True
NGC 6624,-614.9,273.399648,-28.2933463,8.57389069,3.61085248,-5.01002797,0.400260579,0.53790997,-0.749773215,0.670489125,1.00584071,59.0627092,-37.2663469,-163.510701,0.325827629,-8.13837773,43.5327227,True,True
NGC 6624,-615,273.305758,-28.217443,8.56658997,3.63871258,-4.90125865,0.394184971,0.541682362,-0.732918157,0.669926542,0.992960522,59.7520509,-36.503937,-166.105324,0.384338279,-8.16080452,44.0372756,True,True
NGC 6624,-615.1,273.209849,-28.1409623,8.55922387,3.66611484,-4.7905746,0.388038523,0.545376156,-0.715797402,0.669334779,0.979987228,60.448047,-35.729269,-168.706564,0.443163441,-8.18330491,44.5371824,True,True
NGC 6624,-615.2,273.111912,-28.0639018,8.55179306,3.69305083,-4.67796412,0.381820548,0.548990087,-0.6984103,0.668712978,0.966930191,61.1508347,-34.9421027,-171.313842,0.502296866,-8.20587106,45.032247,True,True
NGC 6624,-615.3,273.011935,-27.9862597,8.54429822,3.71951192,-4.56341581,0.375530346,0.552522865,-0.680756269,0.668060294,0.953799589,61.8605474,-34.1421965,-173.926475,0.561730107,-8.22849382,45.5222629,True,True
NGC 6624,-615.4,272.909909,-27.9080342,8.53674006,3.74548929,-4.44691864,0.369167201,0.555973173,-0.662834801,0.667375899,0.940606488,62.5773133,-33.3293084,-176.543658,0.621452195,-8.25116252,46.0070123,True,True
NGC 6624,-615.5,272.805824,-27.8292237,8.52911932,3.77097391,-4.32846206,0.362730386,0.559339672,-0.644645477,0.666658984,0.927362923,63.3012542,-32.5031972,-179.164454,0.681449276,-8.27386478,46.486265,True,True
NGC 6624,-615.6,272.69967,-27.7498273,8.52143675,3.79595655,-4.20803609,0.35621916,0.562620997,-0.626187982,0.66590876,0.914081979,64.0324834,-31.663624,-181.787767,0.741704183,-8.29658632,46.959777,True,True
NGC 6624,-615.7,272.591438,-27.6698442,8.51369317,3.82042779,-4.08563146,0.349632774,0.565815759,-0.607462121,0.665124462,0.900777874,64.771104,-30.8103542,-184.412329,0.802195962,-8.31931069,47.4272893,True,True
NGC 6624,-615.8,272.48112,-27.5892742,8.50588939,3.84437798,-3.96123968,0.342970466,0.568922547,-0.588467842,0.664305355,0.887466059,65.5172059,-29.9431591,-187.036669,0.862899309,-8.34201899,47.8885263,True,True
NGC 6624,-615.9,272.36871,-27.5081176,8.49802627,3.8677973,-3.83485327,0.336231467,0.571939924,-0.569205251,0.663450734,0.874163311,66.2708634,-29.0618191,-189.65909,0.923783939,-8.36468956,48.3431943,True,True
NGC 6624,-616,272.254201,-27.4263755,8.49010472,3.89067571,-3.70646588,0.329415003,0.574866433,-0.549674643,0.662559929,0.860887839,67.032132,-28.1661262,-192.277636,0.984813859,-8.38729757,48.7909792,True,True
NGC 6624,-616.1,272.137589,-27.3440494,8.48212566,3.91300299,-3.57607249,0.322520291,0.577700596,-0.529876524,0.661632312,0.847659394,67.8010444,-27.2558875,-194.890054,1.04594653,-8.40981463,49.2315453,True,True
NGC 6624,-616.2,272.01887,-27.2611418,8.47409008,3.93476874,-3.44366967,0.315546551,0.580440917,-0.509811654,0.660667302,0.834499374,68.5776066,-26.3309293,-197.493754,1.10713191,-8.43220829,49.6645325,True,True
NGC 6624,-616.3,271.898043,-27.1776563,8.465999,3.95596239,-3.30925582,0.308493001,0.583085881,-0.48948107,0.659664367,0.821430943,69.3617924,-25.3911016,-200.085762,1.16831136,-8.45444151,50.0895547,True,True
NGC 6624,-616.4,271.775108,-27.0935973,8.45785348,3.97657321,-3.17283143,0.301358864,0.585633963,-0.46888614,0.658623036,0.808479137,70.1535387,-24.4362836,-202.662664,1.22941639,-8.47647196,50.506197,True,True
NGC 6624,-616.5,271.650068,-27.0089706,8.44965464,3.99659033,-3.03439947,0.294143371,0.588083624,-0.448028603,0.657542905,0.795670975,70.9527386,-23.4663897,-205.220547,1.29036723,-8.49825136,50.9140142,True,True
NGC 6624,-616.6,271.522928,-26.9237833,8.44140365,4.01600277,-2.89396575,0.286845769,0.59043332,-0.426910629,0.656423644,0.783035559,71.7592345,-22.4813768,-207.754929,1.3510712,-8.51972459,51.3125277,True,True
NGC 6624,-616.7,271.393697,-26.8380444,8.43310173,4.03479947,-2.75153937,0.279465321,0.592681504,-0.405534879,0.655265009,0.770604159,72.5728105,-21.4812517,-210.260675,1.41142089,-8.54082883,51.7012245,True,True
NGC 6624,-616.8,271.262387,-26.7517645,8.42475018,4.05296928,-2.60713322,0.272001318,0.594826635,-0.383904575,0.654066848,0.758410288,73.3931835,-20.4660807,-212.731916,1.47129206,-8.5614924,52.079555,True,True
NGC 6624,-616.9,271.129014,-26.6649563,8.41635033,4.07050106,-2.46076451,0.264453082,0.596867178,-0.36202358,0.652829121,0.746489741,74.2199936,-19.4359993,-215.161943,1.53054137,-8.58163364,52.4469328,True,True
NGC 6624,-617,270.9936,-26.5776351,8.40790362,4.08738369,-2.31245548,0.256819976,0.59880162,-0.339896492,0.651551901,0.734880606,75.0527944,-18.3912231,-217.543106,1.5890038,-8.60115957,52.8027345,True,True
NGC 6624,-617.1,270.856172,-26.4898187,8.39941152,4.10360612,-2.16223409,0.249101415,0.600628473,-0.317528745,0.650235401,0.723623232,75.8910416,-17.3320604,-219.86669,1.64648997,-8.61996449,53.1463014,True,True
NGC 6624,-617.2,270.716762,-26.4015284,8.39087561,4.11915746,-2.01013488,0.241296874,0.602346285,-0.294926723,0.64887998,0.712760129,76.7340818,-16.2589252,-222.1228,1.70278323,-8.63792843,53.4769438,True,True
NGC 6624,-617.3,270.57541,-26.3127886,8.38229753,4.13402701,-1.85619982,0.233405902,0.603953655,-0.272097888,0.647486164,0.702335812,77.5811416,-15.1723506,-224.300236,1.75763679,-8.65491566,53.7939466,False,False
NGC 6624,-617.4,270.432165,-26.2236281,8.373679,4.14820438,-1.70047935,0.225428132,0.605449239,-0.249050918,0.64605466,0.692396551,78.431316,-14.0730037,-226.386383,1.81077109,-8.67077331,54.09658,False,False
NGC 6624,-617.5,270.287083,-26.1340801,8.36502184,4.16167956,-1.54303345,0.217363299,0.606831773,-0.225795858,0.644586383,0.682990025,79.2835584,-12.9616998,-228.367128,1.86187168,-8.6853302,54.3841129,False,False
NGC 6624,-617.6,270.140233,-26.0441826,8.35632791,4.17444302,-1.38393277,0.20921125,0.608100082,-0.202344274,0.643082466,0.674164863,80.1366724,-11.8394159,-230.226828,1.9105882,-8.69839638,54.6558328,False,False
NGC 6624,-617.7,269.991694,-25.9539795,8.3475992,4.18648583,-1.22325976,0.200971965,0.609253101,-0.178709411,0.641544287,0.665970064,80.9893051,-10.7073035,-231.948351,1.95653523,-8.70976356,54.9110704,False,False
NGC 6624,-617.8,269.841557,-25.8635206,8.33883772,4.19779975,-1.06110974,0.192645568,0.610289891,-0.154906332,0.639973488,0.658454279,81.8399453,-9.56669789,-233.513259,1.99929585,-8.71920719,55.1492291,False,False
NGC 6624,-617.9,269.689925,-25.7728622,8.33004558,4.2083774,-0.897591786,0.184232348,0.611209659,-0.130952041,0.638371996,0.651664977,82.6869251,-8.41912401,-234.902152,2.03842916,-8.72649062,55.3698202,False,False
NGC 6624,-618,269.536919,-25.6820672,8.32122491,4.21821235,-0.732829332,0.17573277,0.612011779,-0.10686555,0.636742039,0.645647482,83.5284281,-7.26629654,-236.095243,2.07348277,-8.73137222,55.5724981,False,False
NGC 6624,-618.1,269.382668,-25.5912053,8.3123779,4.22729927,-0.566960231,0.167147493,0.61269581,-0.0826678819,0.635086168,0.640443924,84.3625035,-6.1101125,-237.073188,2.10401093,-8.73361565,55.7570942,False,False
NGC 6624,-618.2,269.227318,-25.5003528,8.30350673,4.23563403,-0.400136191,0.158477382,0.613261512,-0.058381969,0.633407265,0.636092145,85.1870883,-4.95263479,-237.818149,2.12959803,-8.73300317,55.9236412,False,False
NGC 6624,-618.3,269.071027,-25.4095915,8.29461358,4.24321383,-0.232521383,0.149723516,0.613708865,-0.0340324412,0.631708558,0.63262462,86.0000353,-3.79606571,-238.315007,2.14988557,-8.72935114,56.0723828,False,False
NGC 6624,-618.4,268.913961,-25.3190077,8.2857006,4.25003728,-0.0642901608,0.140887197,0.614038078,-0.00964528261,0.629993622,0.630067453,86.7991489,-2.64271009,-238.552576,2.1645992,-8.72252535,56.2037629,False,False
NGC 6624,-618.5,268.756292,-25.2286908,8.27676987,4.25610445,0.104376023,0.131969953,0.614249602,0.0147526237,0.628266378,0.628439561,87.5822244,-1.49492964,-238.524586,2.17357083,-8.71245378,56.3183934,False,False
NGC 6624,-618.6,268.598198,-25.1387314,8.26782343,4.26141694,0.273292264,0.122973537,0.614344126,0.0391340298,0.626531081,0.627752075,88.3470905,-0.355091094,-238.230231,2.17675153,-8.6991338,56.4170044,False,False
NGC 6624,-618.7,268.439853,-25.0492192,8.25886323,4.26597782,0.442274087,0.113899917,0.614322583,0.0634718873,0.624792307,0.628008047,89.0916515,0.77448761,-237.674165,2.17421199,-8.68263228,56.5003852,False,False
NGC 6624,-618.8,268.28143,-24.9602413,8.24989114,4.26979164,0.611141151,0.104751273,0.614186136,0.0877398813,0.623054924,0.629202452,89.8139264,1.89158882,-236.865945,2.16613116,-8.66307858,56.5693277,False,False
NGC 6624,-618.9,268.123094,-24.8718807,8.24090896,4.27286435,0.779720418,0.0955299803,0.613936169,0.111912885,0.621324067,0.631322493,90.5120828,2.99414023,-235.819069,2.15277557,-8.64065226,56.6245819,False,False
NGC 6624,-619,267.964999,-24.7842148,8.23191839,4.27520319,0.947848584,0.0862385906,0.613574268,0.135967304,0.619605097,0.634348157,91.1844646,4.08025084,-234.549811,2.13447443,-8.61556802,56.666828,False,False
NGC 6624,-619.1,267.80729,-24.6973149,8.2229211,4.27681658,1.11537369,0.0768798167,0.613102202,0.159881302,0.617903566,0.638252965,91.8296119,5.14823638,-233.076071,2.1115945,-8.58806072,56.6966668,False,False
NGC 6624,-619.2,267.6501,-24.6112458,8.21391867,4.27771399,1.28215595,0.0674565097,0.612521903,0.183634912,0.616225172,0.643004855,92.4462734,6.19663442,-231.416368,2.08451849,-8.55837229,56.7146233,False,False
NGC 6624,-619.3,267.493549,-24.5260655,8.20491265,4.27790578,1.44806802,0.0579716377,0.611835438,0.207210057,0.614575718,0.648567129,93.0334117,7.22421003,-229.589071,2.05362805,-8.52674157,56.72116,False,False
NGC 6624,-619.4,267.337748,-24.4418259,8.19590452,4.27740309,1.61299467,0.0484282641,0.61104499,0.230590509,0.612961073,0.654899427,93.5902024,8.2299537,-227.611853,2.01929198,-8.49339712,56.7166938,False,False
NGC 6624,-619.5,267.182794,-24.3585726,8.18689572,4.27621769,1.7768323,0.0388295259,0.610152835,0.253761797,0.611387123,0.661958657,94.1160275,9.21307301,-225.501355,1.98185876,-8.45855279,56.7016133,False,False
NGC 6624,-619.6,267.028776,-24.2763454,8.17788766,4.27436183,1.93948814,0.0291786131,0.609161317,0.276711089,0.609859739,0.669699879,94.6104654,10.1729799,-223.273001,1.94165245,-8.42240535,56.6762938,False,False
NGC 6624,-619.7,266.875772,-24.1951791,8.1688817,4.27184814,2.10087944,0.0194787494,0.608072834,0.299427066,0.608384741,0.678077105,95.0732766,11.109275,-220.940932,1.89897106,-8.38513357,56.6411086,False,False
NGC 6624,-619.8,266.723852,-24.115104,8.15987914,4.2686895,2.26093259,0.00973317457,0.606889812,0.321899789,0.606967856,0.687043996,95.5043882,12.0217297,-218.518006,1.85408651,-8.34689838,56.5964375,False,False
NGC 6624,-619.9,266.573078,-24.0361458,8.15088126,4.26489894,2.41958229,-5.48722883e-05,0.605614695,0.344120571,0.605614698,0.69655447,95.9038767,12.9102681,-216.015853,1.80724558,-8.30784366,56.5426709,False,False
NGC 6624,-620,266.423505,-23.9583268,8.14188929,4.26048954,2.57677071,-0.00988216662,0.604249928,0.366081854,0.604330731,0.7065632,96.2719504,13.7749482,-213.444944,1.75867133,-8.26809729,56.4802123,False,False
NGC 6624,-620.1,266.275181,-23.8816659,8.13290439,4.2554744,2.7324468,-0.0197455112,0.602797941,0.387777096,0.603121251,0.717026024,96.6089324,14.6159441,-210.81468,1.70856489,-8.22777245,56.4094778,False,False
NGC 6624,-620.2,266.128149,-23.8061788,8.12392769,4.24986649,2.88656552,-0.029641747,0.601261145,0.409200666,0.60199136,0.727900256,96.9152432,15.4335286,-208.133483,1.65710728,-8.18696896,56.3308944,False,False
NGC 6624,-620.3,265.982446,-23.7318791,8.11496027,4.24367865,3.03908726,-0.0395677623,0.599641916,0.430347747,0.60094595,0.739144924,97.1913854,16.2280575,-205.408885,1.60446116,-8.14577457,56.2448973,False,False
NGC 6624,-620.4,265.838105,-23.6587776,8.10600315,4.23692354,3.18997728,-0.0495205003,0.59794259,0.45121425,0.599989684,0.750720934,97.4379286,16.999955,-202.647612,1.55077258,-8.1042662,56.1519272,False,False
NGC 6624,-620.5,265.695155,-23.5868835,8.09705731,4.22961356,3.33920512,-0.0594969655,0.596165459,0.471796737,0.599126984,0.762591178,97.6554965,17.7497003,-199.855661,1.49617255,-8.06251112,56.0524261,False,False
NGC 6624,-620.6,265.553621,-23.5162042,8.08812366,4.22176087,3.48674421,-0.0694942281,0.594312761,0.49209235,0.598362019,0.774720586,97.8447546,18.4778162,-197.038378,1.44077856,-8.02056799,55.9468347,False,False
NGC 6624,-620.7,265.413524,-23.4467453,8.07920309,4.21337732,3.63257142,-0.0795094283,0.59238668,0.512098746,0.597698693,0.787076142,98.0063996,19.1848583,-194.20052,1.38469585,-7.97848785,55.8355885,False,False
NGC 6624,-620.8,265.274883,-23.3785115,8.07029642,4.20447445,3.77666667,-0.0895397787,0.590389342,0.53181404,0.597140643,0.799626863,98.1411504,19.8714066,-191.346318,1.32801871,-7.93631497,55.7191156,False,False
NGC 6624,-620.9,265.137714,-23.311506,8.06140441,4.19506348,3.91901264,-0.0995825661,0.588322812,0.551236758,0.596691226,0.812343759,98.2497395,20.5380571,-188.479532,1.27083152,-7.89408769,55.5978335,False,False
NGC 6624,-621,265.002031,-23.2457313,8.05252779,4.18515529,4.05959441,-0.109635153,0.586189095,0.570365788,0.596353521,0.825199766,98.3329068,21.1854156,-185.603497,1.21320981,-7.85183902,55.4721473,False,False
NGC 6624,-621.1,264.867845,-23.1811887,8.04366725,4.17476044,4.19839923,-0.119694977,0.583990133,0.589200335,0.596130324,0.838169671,98.3913932,21.8140919,-182.721171,1.15522109,-7.80959739,55.3424479,False,False
NGC 6624,-621.2,264.735165,-23.1178791,8.03482342,4.16388913,4.33541627,-0.129759551,0.581727804,0.607739896,0.596024143,0.851230028,98.4259356,22.4246951,-179.835174,1.09692571,-7.7673871,55.2091104,False,False
NGC 6624,-621.3,264.604001,-23.0558027,8.02599688,4.15255122,4.47063639,-0.139826466,0.579403927,0.625984214,0.596037206,0.864359061,98.4372635,23.0178296,-176.947823,1.03837758,-7.72522888,55.0724929,False,False
NGC 6624,-621.4,264.474357,-22.994959,8.0171882,4.14075623,4.60405198,-0.149893382,0.577020256,0.643933258,0.596171454,0.877536576,98.4260948,23.5940921,-174.061161,0.979624782,-7.68314028,54.9329361,False,False
NGC 6624,-621.5,264.346241,-22.9353472,8.00839789,4.12851336,4.73565675,-0.159958036,0.574578489,0.661587192,0.596428548,0.890743861,98.3931337,24.1540691,-171.176994,0.920710215,-7.64113611,54.7907621,False,False
NGC 6624,-621.6,264.219655,-22.876966,7.99962642,4.11583148,4.86544559,-0.170018233,0.57208026,0.678946356,0.596809872,0.903963593,98.3390685,24.6983346,-168.296907,0.861672075,-7.59922871,54.6462747,False,False
NGC 6624,-621.7,264.094602,-22.819814,7.99087424,4.10271913,4.99341443,-0.180071851,0.569527148,0.696011238,0.597316536,0.917179746,98.2645697,25.2274485,-165.422292,0.802544348,-7.55742833,54.4997591,False,False
NGC 6624,-621.8,263.971085,-22.7638892,7.98214174,4.08918454,5.11956014,-0.190116833,0.566920674,0.712782462,0.59794938,0.930377504,98.1702888,25.7419559,-162.55437,0.743357229,-7.51574331,54.3514816,False,False
NGC 6624,-621.9,263.849105,-22.7091898,7.97342933,4.07523564,5.24388038,-0.200151188,0.564262305,0.729260769,0.598708984,0.943543172,98.0568577,26.2423857,-159.694204,0.684137501,-7.4741804,54.2016904,False,False
NGC 6624,-622,263.728663,-22.6557135,7.96473733,4.06088008,5.36637353,-0.21017299,0.561553455,0.745446999,0.599595671,0.956664099,97.9248877,26.72925,-156.84272,0.624908879,-7.43274489,54.0506151,False,False
NGC 6624,-622.1,263.609758,-22.6034579,7.95606608,4.04612521,5.48703857,-0.220180371,0.558795485,0.761342084,0.600609516,0.969728601,97.7749694,27.2030443,-154.000721,0.565692311,-7.39144084,53.8984681,False,False
NGC 6624,-622.2,263.49239,-22.5524207,7.94741588,4.03097812,5.60587506,-0.230171527,0.555989708,0.776947028,0.601750353,0.982725889,97.6076725,27.6642467,-151.168895,0.50650626,-7.35027122,53.745444,False,False
NGC 6624,-622.3,263.376558,-22.5025993,7.938787,4.01544561,5.72288299,-0.240144708,0.553137386,0.792262905,0.603017785,0.995646001,97.4235458,28.1133184,-148.347836,0.447366947,-7.30923804,53.5917209,False,False
NGC 6624,-622.4,263.262261,-22.4539912,7.93017969,3.99953426,5.83806278,-0.250098221,0.550239739,0.80729084,0.604411193,1.00847974,97.2231175,28.5507035,-145.538046,0.388288572,-7.26834252,53.4374606,False,False
NGC 6624,-622.5,263.149496,-22.4065938,7.9215942,3.98325039,5.9514152,-0.260030423,0.54729794,0.822032009,0.605929745,1.02121863,97.0068949,28.9768292,-142.739949,0.329283516,-7.22758511,53.2828093,False,False
NGC 6624,-622.6,263.038262,-22.3604045,7.91303073,3.9666001,6.06294131,-0.269939725,0.544313118,0.836487627,0.607572404,1.03385481,96.7753657,29.3921064,-139.953896,0.270362522,-7.18696569,53.127898,False,False
NGC 6624,-622.7,262.928556,-22.3154207,7.9044895,3.94958924,6.17264243,-0.279824586,0.541286363,0.85065894,0.609337941,1.04638108,96.5289976,29.7969297,-137.180177,0.21153485,-7.14648358,52.9728432,False,False
NGC 6624,-622.8,262.820376,-22.2716398,7.89597069,3.93222347,6.28052009,-0.289683511,0.538218725,0.864547223,0.611224944,1.05879074,96.2682391,30.1916782,-134.419025,0.152808428,-7.10613763,52.8177478,False,False
NGC 6624,-622.9,262.713718,-22.2290594,7.88747448,3.91450824,6.38657599,-0.29951505,0.535111215,0.878153769,0.61323183,1.07107764,95.9935202,30.5767156,-131.670621,0.0941899832,-7.06592631,52.6627012,False,False
NGC 6624,-623,262.608581,-22.1876768,7.87900102,3.89644879,6.49081198,-0.309317797,0.531964808,0.891479891,0.615356853,1.0832361,95.7052526,30.9523908,-128.935101,0.0356851541,-7.02584772,52.5077802,False,False
NGC 6624,-623.1,262.50496,-22.1474897,7.87055048,3.87805021,6.59323003,-0.319090387,0.528780445,0.904526911,0.617598117,1.09526087,95.4038303,31.3190387,-126.212561,-0.0227013977,-6.98589969,52.3530495,False,False
NGC 6624,-623.2,262.402854,-22.1084957,7.86212299,3.85931735,6.69383217,-0.328831493,0.525559033,0.91729616,0.619953585,1.1071471,95.0896307,31.6769802,-123.503062,-0.0809658946,-6.94607979,52.1985622,False,False
NGC 6624,-623.3,262.302258,-22.0706925,7.8537187,3.84025496,6.79262052,-0.338539828,0.522301445,0.929788974,0.622421091,1.11889032,94.7630143,32.0265229,-120.806629,-0.139105356,-6.90638538,52.0443605,False,False
NGC 6624,-623.4,262.20317,-22.0340777,7.84533773,3.82086756,6.88959723,-0.348214139,0.519008526,0.942006688,0.624998349,1.13048642,94.424326,32.3679618,-118.123263,-0.197117519,-6.86681366,51.8904758,False,False
NGC 6624,-623.5,262.105586,-21.9986493,7.83698022,3.80115957,6.98476447,-0.357853209,0.51568109,0.953950637,0.627682966,1.14193158,94.0738954,32.7015797,-115.452935,-0.255000772,-6.82736165,51.7369299,False,False
NGC 6624,-623.6,262.009504,-21.9644051,7.82864627,3.78113523,7.07812442,-0.367455853,0.512319923,0.965622155,0.630472448,1.15322229,93.7120375,33.0276474,-112.795597,-0.312754086,-6.78802628,51.5837348,False,False
NGC 6624,-623.7,261.91492,-21.931343,7.82033602,3.76079863,7.16967926,-0.377020918,0.508925783,0.977022564,0.633364212,1.16435532,93.339053,33.3464246,-110.151179,-0.370376961,-6.74880435,51.4308936,False,False
NGC 6624,-623.8,261.82183,-21.8994613,7.81204957,3.74015377,7.25943112,-0.38654728,0.505499404,0.988153182,0.636355598,1.17532768,92.9552291,33.6581604,-107.519591,-0.42786937,-6.70969261,51.2784005,False,False
NGC 6624,-623.9,261.730233,-21.868758,7.80378705,3.71920447,7.34738212,-0.396033846,0.502041493,0.999015317,0.639443874,1.18613662,92.5608397,33.9630933,-104.900731,-0.485231719,-6.67068774,51.1262418,False,False
NGC 6624,-624,261.640124,-21.8392314,7.79554856,3.69795445,7.43353433,-0.405479548,0.498552734,1.00961026,0.642626247,1.19677959,92.1561465,34.2614519,-102.294481,-0.542464795,-6.63178637,50.9743957,False,False
NGC 6624,-624.1,261.551502,-21.8108797,7.78733423,3.67640732,7.51788974,-0.414883346,0.495033789,1.0199393,0.645899871,1.20725425,91.7413989,34.5534557,-99.7007091,-0.599569737,-6.59298508,50.822833,False,False
NGC 6624,-624.2,261.464362,-21.7837015,7.77914416,3.65456658,7.60045031,-0.424244223,0.491485296,1.03000371,0.649261855,1.21755846,91.3168346,34.8393148,-97.1192742,-0.656547992,-6.55428046,50.6715174,False,False
NGC 6624,-624.3,261.378702,-21.7576952,7.77097848,3.6324356,7.68121791,-0.433561187,0.487907873,1.03980473,0.652709273,1.22769022,90.8826805,35.1192308,-94.5500251,-0.713401291,-6.51566907,50.5204057,False,False
NGC 6624,-624.4,261.29452,-21.7328594,7.76283731,3.61001767,7.76019432,-0.442833268,0.484302119,1.04934361,0.656239168,1.23764771,90.4391524,35.3933973,-91.9928019,-0.770131616,-6.47714748,50.3694484,False,False
NGC 6624,-624.5,261.211813,-21.7091929,7.75472078,3.58731598,7.83738126,-0.452059518,0.480668611,1.05862157,0.65984856,1.24742925,89.9864563,35.6619996,-89.4474375,-0.826741173,-6.43871224,50.2185895,False,False
NGC 6624,-624.6,261.130578,-21.6866943,7.74662901,3.56433363,7.91278033,-0.461239011,0.47700791,1.06763981,0.663534454,1.2570333,89.5247879,35.9252158,-86.913758,-0.883232372,-6.40035995,50.0677674,False,False
NGC 6624,-624.7,261.050813,-21.6653626,7.73856214,3.54107363,7.98639305,-0.470370837,0.473320558,1.07639951,0.667293844,1.26645844,89.0543336,36.1832167,-84.3915844,-0.939607803,-6.36208719,49.9169144,False,False
NGC 6624,-624.8,260.972515,-21.6451966,7.7305203,3.5175389,8.05822086,-0.479454107,0.469607079,1.08490185,0.671123722,1.27570337,88.5752708,36.4361663,-81.8807325,-0.995870218,-6.32389059,49.7659577,False,False
NGC 6624,-624.9,260.895683,-21.6261955,7.72250366,3.4937323,8.12826506,-0.48848795,0.465867983,1.09314798,0.675021078,1.28476689,88.087768,36.6842221,-79.3810141,-1.05202251,-6.28576678,49.6148191,False,False
NGC 6624,-625,260.820315,-21.6083584,7.71451235,3.46965661,8.19652687,-0.497471511,0.462103761,1.10113901,0.678982909,1.29364791,87.5919854,36.9275352,-76.8922376,-1.1080677,-6.24771246,49.4634154,False,False
NGC 6624,-625.1,260.746407,-21.5916845,7.70654654,3.44531451,8.26300738,-0.506403951,0.458314892,1.10887607,0.683006224,1.30234544,87.088075,37.1662509,-74.4142084,-1.16400893,-6.20972433,49.3116587,False,False
NGC 6624,-625.2,260.67396,-21.5761731,7.6986064,3.42070866,8.32770759,-0.515284446,0.454501838,1.11636023,0.687088044,1.31085856,86.5761811,37.4005087,-71.9467296,-1.21984942,-6.17179914,49.1594563,False,False
NGC 6624,-625.3,260.602971,-21.5618236,7.6906921,3.39584162,8.39062837,-0.524112186,0.450665048,1.12359258,0.691225412,1.31918644,86.0564406,37.6304428,-69.4896021,-1.27559249,-6.13393368,49.0067111,False,False
NGC 6624,-625.4,260.533438,-21.5486354,7.68280383,3.37071591,8.45177048,-0.532886377,0.446804958,1.13057415,0.695415388,1.32732832,85.5289829,37.8561821,-67.0426256,-1.33124154,-6.09612477,48.8533215,False,False
NGC 6624,-625.5,260.465361,-21.5366081,7.67494178,3.34533398,8.51113457,-0.541606234,0.442921991,1.13730598,0.69965506,1.33528353,84.9939309,38.0778505,-64.6055983,-1.38680003,-6.05836929,48.699182,False,False
NGC 6624,-625.6,260.398737,-21.5257413,7.66710616,3.31969822,8.56872116,-0.550270987,0.439016557,1.14378907,0.703941543,1.34305143,84.4514004,38.2955672,-62.1783176,-1.44227146,-6.02066416,48.5441829,False,False
NGC 6624,-625.7,260.333566,-21.5160347,7.65929719,3.29381099,8.62453067,-0.558879878,0.435089054,1.15002441,0.708271983,1.35063146,83.901501,38.5094471,-59.7605804,-1.49765942,-5.98300633,48.3882106,False,False
NGC 6624,-625.8,260.269848,-21.5074882,7.65151508,3.26767458,8.67856337,-0.567432157,0.431139868,1.15601296,0.712643556,1.35802313,83.344336,38.7196005,-57.3521832,-1.55296749,-5.94539282,48.2311475,False,False
NGC 6624,-625.9,260.20758,-21.5001015,7.64376007,3.24129124,8.73081943,-0.575927086,0.427169376,1.16175568,0.717053474,1.36522597,82.7800027,38.9261337,-54.9529223,-1.60819931,-5.90782069,48.0728727,False,False
NGC 6624,-626,260.146763,-21.4938746,7.63603241,3.21466319,8.78129891,-0.584363939,0.423177942,1.16725347,0.721498983,1.37223958,82.2085928,39.129149,-52.5625944,-1.66335854,-5.87028703,47.9132612,False,False
NGC 6624,-626.1,260.087396,-21.4888075,7.62833237,3.18779258,8.83000173,-0.592741994,0.419165921,1.17250725,0.725977369,1.3790636,81.630192,39.328745,-50.1809961,-1.71844887,-5.83278901,47.7521849,False,False
NGC 6624,-626.2,260.029478,-21.4849003,7.62066021,3.16068154,8.87692769,-0.601060541,0.415133658,1.17751791,0.730485953,1.38569771,81.044881,39.5250167,-47.8079247,-1.77347398,-5.79532383,47.589512,False,False
NGC 6624,-626.3,259.97301,-21.482153,7.61301621,3.13333217,8.92207649,-0.609318878,0.411081488,1.18228629,0.735022098,1.39214164,80.4527351,39.7180556,-45.443178,-1.82843759,-5.75788873,47.4251073,False,False
NGC 6624,-626.4,259.917992,-21.4805661,7.60540068,3.10574651,8.96544769,-0.617516309,0.407009737,1.18681324,0.739583205,1.39839515,79.8538244,39.9079501,-43.0865544,-1.88334339,-5.72048104,47.2588325,False,False
NGC 6624,-626.5,259.864423,-21.4801396,7.59781393,3.07792659,9.00704073,-0.625652145,0.402918723,1.19109959,0.744166718,1.40445802,79.2482142,40.0947851,-40.7378532,-1.9381951,-5.6830981,47.0905457,False,False
NGC 6624,-626.6,259.812303,-21.480874,7.59025627,3.04987439,9.04685494,-0.633725705,0.398808754,1.19514612,0.748770119,1.41033009,78.6359652,40.2786428,-38.3968746,-1.99299643,-5.64573733,46.9201021,False,False
NGC 6624,-626.7,259.761634,-21.4827696,7.58272806,3.02159187,9.08488953,-0.641736312,0.39468013,1.19895363,0.753390934,1.4160112,78.0171332,40.4596024,-36.0634197,-2.04775107,-5.60839618,46.7473536,False,False
NGC 6624,-626.8,259.712415,-21.485827,7.57522963,2.99308097,9.12114358,-0.649683296,0.390533145,1.20252287,0.75802673,1.42150124,77.3917698,40.6377404,-33.7372906,-2.10246272,-5.57107216,46.572149,False,False
NGC 6624,-626.9,259.664648,-21.4900466,7.56776137,2.96434359,9.15561608,-0.657565992,0.386368082,1.20585458,0.762675113,1.42680013,76.7599219,40.8131307,-31.4182907,-2.15713503,-5.53376285,46.3943339,False,False
NGC 6624,-627,259.618333,-21.495429,7.56032365,2.93538163,9.18830587,-0.665383738,0.382185219,1.20894948,0.767333735,1.43190779,76.1216324,40.9858445,-29.1062242,-2.21177168,-5.49646585,46.213751,False,False
NGC 6624,-627.1,259.573471,-21.501975,7.55291686,2.90619692,9.21921169,-0.673135878,0.377984826,1.21180827,0.772000284,1.43682418,75.4769401,41.1559509,-26.8008969,-2.2663763,-5.45917885,46.0302398,False,False
NGC 6624,-627.2,259.530064,-21.5096851,7.54554144,2.87679132,9.24833218,-0.680821758,0.373767167,1.21443163,0.776672493,1.44154928,74.8258795,41.3235164,-24.5021154,-2.3209525,-5.42189955,45.8436368,False,False
NGC 6624,-627.3,259.488112,-21.5185601,7.5381978,2.84716665,9.27566583,-0.688440729,0.369532498,1.21682021,0.781348133,1.4460831,74.1684815,41.4886054,-22.2096877,-2.37550388,-5.38462575,45.6537756,False,False
NGC 6624,-627.4,259.447617,-21.5286008,7.53088639,2.8173247,9.30121105,-0.695992144,0.365281069,1.21897466,0.786025015,1.45042564,73.5047731,41.6512803,-19.9234232,-2.43003399,-5.34735527,45.4604867,False,False
NGC 6624,-627.5,259.408582,-21.5398081,7.52360768,2.78726725,9.32496614,-0.70347536,0.361013124,1.2208956,0.790700991,1.45457696,72.8347773,41.8116013,-17.6431323,-2.48454638,-5.31008601,45.2635975,False,False
NGC 6624,-627.6,259.371006,-21.5521829,7.51636215,2.75699609,9.34692925,-0.710889733,0.356728901,1.22258363,0.795373951,1.45853709,72.1585136,41.9696269,-15.3686269,-2.53904454,-5.2728159,45.0629325,False,False
NGC 6624,-627.7,259.334894,-21.5657261,7.5091503,2.72651296,9.36709847,-0.718234625,0.352428631,1.22403933,0.800041821,1.46230612,71.4759981,42.1254134,-13.0997201,-2.59353194,-5.23554295,44.8583133,False,False
NGC 6624,-627.8,259.300246,-21.5804386,7.50197263,2.6958196,9.38547175,-0.725509395,0.348112541,1.22526326,0.804702568,1.46588413,70.7872432,42.2790157,-10.8362261,-2.64801202,-5.19826521,44.6495582,False,False
NGC 6624,-627.9,259.267064,-21.5963216,7.49482969,2.66491774,9.40204695,-0.732713407,0.343780851,1.22625597,0.809354193,1.46927122,70.0922577,42.4304867,-8.57796074,-2.70248817,-5.16098079,44.4364827,False,False
NGC 6624,-628,259.235352,-21.6133761,7.48772203,2.6338091,9.41682182,-0.739846024,0.339433776,1.22701799,0.813994734,1.47246751,69.3910473,42.5798779,-6.32474087,-2.75696376,-5.12368787,44.2188992,False,False
NGC 6624,-628.1,259.205111,-21.6316031,7.48065022,2.60249539,9.429794,-0.746906609,0.335071528,1.22754982,0.818622264,1.47547313,68.6836142,42.7272391,-4.07638467,-2.81144208,-5.08638467,43.996617,False,False
NGC 6624,-628.2,259.176345,-21.6510038,7.47361485,2.57097831,9.44096105,-0.753894525,0.330694311,1.22785194,0.823234889,1.47828822,67.9699573,42.8726188,-1.83271161,-2.86592643,-5.04906948,43.7694422,False,False
NGC 6624,-628.3,259.149056,-21.6715795,7.46661653,2.53925956,9.4503204,-0.760809137,0.326302324,1.22792484,0.827830749,1.48091295,67.2500725,43.0160638,0.406457621,-2.92042002,-5.01174066,43.5371782,False,False
NGC 6624,-628.4,259.123248,-21.6933312,7.45965589,2.50734081,9.4578694,-0.767649806,0.321895765,1.22776895,0.832408018,1.48334747,66.5239522,43.1576197,2.64130109,-2.97492605,-4.9743966,43.2996247,False,False
NGC 6624,-628.5,259.098922,-21.7162603,7.45273358,2.47522374,9.46360531,-0.774415895,0.317474823,1.22738472,0.836964899,1.48559197,65.7915859,43.2973309,4.87199563,-3.02944763,-4.9370358,43.0565786,False,False
NGC 6624,-628.6,259.076083,-21.7403679,7.44585026,2.44291005,9.46752528,-0.781106764,0.313039685,1.22677256,0.841499626,1.48764664,65.0529598,43.4352403,7.0987169,-3.08398786,-4.89965677,42.8078336,False,False
NGC 6624,-628.7,259.054735,-21.7656555,7.43900664,2.41040138,9.46962637,-0.787721772,0.308590533,1.22593286,0.846010465,1.48951169,64.3080571,43.5713898,9.32163933,-3.13854977,-4.86225812,42.55318,False,False
NGC 6624,-628.8,259.03488,-21.7921242,7.43220342,2.37769942,9.46990556,-0.794260276,0.304127545,1.22486601,0.850495708,1.49118734,63.556858,43.70582,11.5409362,-3.19313634,-4.82483853,42.2924048,False,False
NGC 6624,-628.9,259.016522,-21.8197754,7.42544133,2.34480582,9.46835973,-0.800721631,0.299650895,1.22357237,0.854953676,1.49267382,62.7993397,43.8385706,13.7567796,-3.24775048,-4.78739671,42.0252919,False,False
NGC 6624,-629,258.999665,-21.8486105,7.41872114,2.31172225,9.46498568,-0.807105189,0.295160753,1.22205228,0.859382718,1.49397136,62.0354762,43.9696802,15.9693405,-3.30239506,-4.74993148,41.7516216,False,False
NGC 6624,-629.1,258.984314,-21.8786308,7.41204361,2.27845038,9.45978012,-0.813410301,0.290657285,1.22030607,0.863781207,1.49508022,61.2652387,44.0991862,18.1787888,-3.35707289,-4.71244171,41.471171,False,False
NGC 6624,-629.2,258.970473,-21.9098377,7.40540956,2.24499187,9.45273969,-0.819636312,0.286140652,1.21833404,0.868147543,1.49600067,60.4885955,44.2271254,20.3852931,-3.41178671,-4.67492634,41.1837136,False,False
NGC 6624,-629.3,258.958145,-21.9422327,7.39881979,2.21134838,9.44386092,-0.825782566,0.281611013,1.2161365,0.872480148,1.49673298,59.7055116,44.3535333,22.589021,-3.46653919,-4.63738439,40.8890192,False,False
NGC 6624,-629.4,258.947335,-21.975817,7.39227516,2.17752158,9.4331403,-0.831848401,0.277068523,1.21371372,0.876777469,1.49727744,58.9159493,44.478445,24.790139,-3.52133296,-4.59981494,40.5868546,False,False
NGC 6624,-629.5,258.938049,-22.0105921,7.38577654,2.14351314,9.42057422,-0.837833155,0.272513334,1.21106595,0.881037975,1.49763435,58.1198681,44.6018942,26.9888126,-3.57617056,-4.56221717,40.2769823,False,False
NGC 6624,-629.6,258.93029,-22.0465594,7.37932483,2.10932472,9.406159,-0.843736157,0.267945592,1.20819344,0.885260156,1.49780404,57.3172241,44.7239143,29.185206,-3.63105446,-4.52459033,39.9591615,False,False
NGC 6624,-629.7,258.924064,-22.0837203,7.37292093,2.07495799,9.38989091,-0.849556734,0.263365443,1.20509641,0.889442523,1.49778682,56.507971,44.8445378,31.3794824,-3.68598705,-4.48693375,39.6331477,False,False
NGC 6624,-629.8,258.919375,-22.1220763,7.36656579,2.04041465,9.37176612,-0.855294208,0.258773028,1.20177507,0.893583607,1.49758305,55.6920591,44.9637964,33.5718041,-3.74097068,-4.44924683,39.2986925,False,False
NGC 6624,-629.9,258.91623,-22.1616287,7.36026039,2.00569636,9.35178077,-0.860947894,0.254168484,1.19822961,0.897681957,1.49719307,54.8694359,45.0817211,35.7623322,-3.79600757,-4.41152908,38.9555434,False,False
NGC 6624,-630,258.914632,-22.2023788,7.35400571,1.97080482,9.32993091,-0.866517105,0.249551947,1.19446021,0.901736141,1.49661727,54.0400461,45.1983424,37.9512266,-3.85109991,-4.37378008,38.6034442,False,False
NGC 6624,-630.1,258.914588,-22.2443282,7.34780278,1.93574171,9.30621254,-0.872001144,0.244923548,1.19046703,0.905744743,1.49585604,53.2038312,45.3136902,40.1386462,-3.90624976,-4.3359995,38.2421348,False,False
NGC 6624,-630.2,258.916104,-22.2874781,7.34165264,1.90050874,9.28062161,-0.877399311,0.240283417,1.1862502,0.909706366,1.49490977,52.3607298,45.4277937,42.3247489,-3.96145912,-4.29818711,37.8713507,False,False
NGC 6624,-630.3,258.919185,-22.33183,7.33555637,1.8651076,9.25315402,-0.882710898,0.235631678,1.18180986,0.913619624,1.49377889,51.5106775,45.5406815,44.5096915,-4.01672989,-4.26034278,37.4908235,False,False
NGC 6624,-630.4,258.923837,-22.3773851,7.32951506,1.82954003,9.22380561,-0.887935191,0.230968456,1.17714611,0.91748315,1.49246384,50.6536068,45.652382,46.6936294,-4.07206387,-4.22246646,37.1002805,False,False
NGC 6624,-630.5,258.930066,-22.4241447,7.32352985,1.79380772,9.19257219,-0.893071469,0.226293869,1.17225906,0.921295589,1.49096508,49.7894472,45.7629227,48.8767172,-4.12746278,-4.18455823,36.6994445,False,False
NGC 6624,-630.6,258.937879,-22.4721101,7.3176019,1.75791241,9.15944951,-0.898119002,0.221608035,1.16714878,0.9250556,1.48928309,48.9181252,45.872331,51.059108,-4.18292822,-4.14661826,36.2880341,False,False
NGC 6624,-630.7,258.947281,-22.5212826,7.31173238,1.72185585,9.12443329,-0.903077054,0.216911068,1.16181532,0.928761852,1.48741838,48.039564,45.9806337,53.2409538,-4.23846169,-4.10864681,35.8657635,False,False
NGC 6624,-630.8,258.958279,-22.5716634,7.30592251,1.68563976,9.08751922,-0.907944882,0.212203081,1.15625875,0.932413029,1.48537146,47.1536839,46.0878571,55.4224055,-4.29406457,-4.07064428,35.4323422,False,False
NGC 6624,-630.9,258.97088,-22.6232536,7.30017354,1.64926591,9.04870297,-0.912721731,0.207484182,1.1504791,0.936007823,1.48314288,46.2604017,46.1940274,57.6036124,-4.34973814,-4.03261118,34.987475,False,False
NGC 6624,-631,258.985091,-22.6760544,7.29448674,1.61273606,9.00798016,-0.917406842,0.202754477,1.14447638,0.939544938,1.48073322,45.3596314,46.2991704,59.7847227,-4.40548356,-3.99454813,34.5308622,False,False
NGC 6624,-631.1,259.000918,-22.7300669,7.28886342,1.57605198,8.9653464,-0.921999442,0.198014071,1.13825059,0.943023088,1.47814307,44.4512834,46.4033113,61.9658829,-4.46130183,-3.95645587,34.0621991,False,False
NGC 6624,-631.2,259.018368,-22.785292,7.2833049,1.53921546,8.92079729,-0.926498754,0.193263064,1.13180172,0.946440993,1.47537306,43.535265,46.5064754,64.1472382,-4.51719387,-3.91833529,33.5811762,False,False
NGC 6624,-631.3,259.037449,-22.8417308,7.27781257,1.5022283,8.87432841,-0.930903987,0.188501556,1.12512974,0.949797383,1.47242385,42.6114803,46.6086875,66.328932,-4.57316043,-3.88018739,33.087479,False,False
NGC 6624,-631.4,259.058167,-22.8993842,7.27238782,1.4650923,8.82593535,-0.935214341,0.183729642,1.11823462,0.953090995,1.46929613,41.6798296,46.7099722,68.5111063,-4.62920211,-3.84201332,32.5807879,False,False
NGC 6624,-631.5,259.080531,-22.958253,7.26703208,1.42780927,8.77561367,-0.939429009,0.178947415,1.11111629,0.956320574,1.46599061,40.7402103,46.810354,70.6939009,-4.68531939,-3.80381437,32.0607781,False,False
NGC 6624,-631.6,259.104547,-23.018338,7.26174682,1.39038106,8.72335896,-0.943547168,0.174154968,1.10377469,0.959484868,1.46250804,39.7925159,46.9098571,72.8774541,-4.74151257,-3.76559197,31.5271196,False,False
NGC 6624,-631.7,259.130223,-23.0796399,7.25653353,1.3528095,8.66916682,-0.947567988,0.169352388,1.09620973,0.962582632,1.45884924,38.8366367,47.0085055,75.0619017,-4.79778178,-3.72734772,30.979477,False,False
NGC 6624,-631.8,259.157568,-23.1421594,7.25139375,1.31509645,8.61303283,-0.951490625,0.164539762,1.08842131,0.965612626,1.45501502,37.8724593,47.1063233,77.2473775,-4.854127,-3.68908336,30.4175095,False,False
NGC 6624,-631.9,259.186588,-23.2058969,7.24632905,1.27724376,8.55495265,-0.955314226,0.159717174,1.08040932,0.968573614,1.45100626,36.8998666,47.2033343,79.434013,-4.910548,-3.65080081,29.8408708,False,False
NGC 6624,-632,259.217291,-23.270853,7.24134103,1.23925333,8.49492192,-0.959037923,0.154884704,1.07217364,0.971464363,1.44682388,35.9187381,47.2995622,81.6219369,-4.96704439,-3.61250215,29.2492089,False,False
NGC 6624,-632.1,259.249686,-23.3370279,7.23643134,1.20112705,8.43293635,-0.962660837,0.150042432,1.06371413,0.974283643,1.44246884,34.9289493,47.3950308,83.8112752,-5.02361555,-3.57418965,28.6421661,False,False
NGC 6624,-632.2,259.283782,-23.404422,7.23160164,1.16286682,8.36899167,-0.966182075,0.145190434,1.05503063,0.977030227,1.43794217,33.930372,47.4897636,86.0021508,-5.08026067,-3.53586577,28.0193788,False,False
NGC 6624,-632.3,259.319585,-23.4730353,7.22685365,1.12447456,8.30308368,-0.969600733,0.140328784,1.04612298,0.979702888,1.43324493,32.9228743,47.5837845,88.1946834,-5.1369787,-3.49753314,27.3804779,False,False
NGC 6624,-632.4,259.357105,-23.5428679,7.22218912,1.08595221,8.23520823,-0.972915891,0.135457555,1.03699101,0.982300402,1.42837825,31.9063202,47.6771169,90.3889891,-5.19376836,-3.45919462,26.7250878,False,False
NGC 6624,-632.5,259.396349,-23.6139198,7.21760984,1.04730171,8.16536124,-0.976126616,0.130576814,1.02763453,0.984821545,1.42334332,30.88057,47.7697848,92.5851799,-5.25062813,-3.42085327,26.0528272,False,False
NGC 6624,-632.6,259.437327,-23.6861905,7.21311764,1.00852503,8.0935387,-0.97923196,0.125686628,1.01805334,0.987265091,1.41814138,29.8454797,47.8618117,94.7833637,-5.30755622,-3.38251237,25.3633086,False,False
NGC 6624,-632.7,259.480047,-23.7596799,7.20871439,0.969624148,8.01973671,-0.98223096,0.120787063,1.00824724,0.989629816,1.41277375,28.8009014,47.9532217,96.9836436,-5.36455056,-3.34417544,24.6561382,False,False
NGC 6624,-632.8,259.524517,-23.8343874,7.204402,0.930601046,7.94395145,-0.985122638,0.11587818,0.998215999,0.991914494,1.40724182,27.7466832,48.0440385,99.1861177,-5.42160879,-3.30584622,23.9309159,False,False
NGC 6624,-632.9,259.570747,-23.9103123,7.2001824,0.891457735,7.86617919,-0.987906,0.110960038,0.987959393,0.994117898,1.40154706,26.6826689,48.1342865,101.390878,-5.47872823,-3.26752873,23.1872355,False,False
NGC 6624,-633,259.618745,-23.9874539,7.1960576,0.852196236,7.78641634,-0.990580036,0.106032695,0.977477182,0.996238797,1.39569101,25.608698,48.2239897,103.598012,-5.53590589,-3.22922723,22.4246842,False,False
NGC 6624,-633.1,259.668519,-24.065811,7.19202963,0.812818583,7.70465945,-0.99314372,0.101096204,0.96676912,0.99827596,1.38967529,24.524606,48.3131727,105.807598,-5.59313841,-3.19094629,21.6428428,False,False
NGC 6624,-633.2,259.720079,-24.1453827,7.18810055,0.773326829,7.6209052,-0.995596008,0.0961506175,0.955834952,1.00022815,1.38350165,23.430224,48.4018601,108.019708,-5.65042205,-3.15269074,20.8412857,False,False
NGC 6624,-633.3,259.773434,-24.2261674,7.1842725,0.73372304,7.53515042,-0.997935839,0.0911959855,0.944674418,1.00209413,1.37717189,22.3253787,48.4900766,110.234407,-5.7077527,-3.11446573,20.0195808,False,False
NGC 6624,-633.4,259.828592,-24.3081637,7.18054763,0.694009296,7.44739212,-1.00016213,0.0862323545,0.933287248,1.00387266,1.37068793,21.2098926,48.5778475,112.45175,-5.7651258,-3.07627676,19.1772893,False,False
NGC 6624,-633.5,259.885562,-24.3913698,7.17692815,0.654187697,7.3576275,-1.00227379,0.0812597687,0.921673172,1.00556248,1.36405181,20.0835838,48.6651981,114.671781,-5.82253635,-3.03812962,18.3139662,False,False
NGC 6624,-633.6,259.944354,-24.4757837,7.17341631,0.614260353,7.26585396,-1.0042697,0.0762782699,0.90983191,1.00716236,1.35726568,18.9462659,48.7521539,116.894536,-5.87997887,-3.00003052,17.4291599,False,False
NGC 6624,-633.7,260.004975,-24.5614032,7.17001441,0.574229394,7.1720691,-1.00614873,0.0712878971,0.897763185,1.00867102,1.3503318,17.7977484,48.838741,119.120035,-5.93744733,-2.961986,16.5224123,False,False
NGC 6624,-633.8,260.067435,-24.6482259,7.16672481,0.534096963,7.07627078,-1.00790971,0.0662886867,0.885466715,1.01008721,1.34325257,16.6378363,48.9249855,121.34829,-5.9949352,-2.92400304,15.5932591,False,False
NGC 6624,-633.9,260.131743,-24.736249,7.16354988,0.493865221,6.97845711,-1.00955147,0.0612806723,0.872942217,1.01140966,1.33603054,15.4663302,49.010914,123.579294,-6.05243531,-2.88608904,14.6412297,False,False
NGC 6624,-634,260.197907,-24.8254695,7.16049207,0.453536344,6.87862649,-1.01107283,0.056263885,0.860189412,1.0126371,1.3286684,14.2830267,49.0965534,125.813026,-6.10993987,-2.84825186,13.6658471,False,False
NGC 6624,-634.1,260.265936,-24.9158843,7.15755387,0.413112523,6.77677759,-1.01247255,0.0512383528,0.847208023,1.01376823,1.32116898,13.087718,49.181931,128.049446,-6.1674404,-2.81049982,12.6666288,False,False
NGC 6624,-634.2,260.335839,-25.0074897,7.15473782,0.372595967,6.67290944,-1.0137494,0.0462041011,0.833997777,1.01480179,1.31353529,11.8801923,49.2670743,130.288497,-6.22492768,-2.7728418,11.6430862,False,False
NGC 6624,-634.3,260.407623,-25.1002818,7.15204651,0.331988899,6.5670214,-1.01490213,0.0411611525,0.82055841,1.01573647,1.30577053,10.6602338,49.3520114,132.530097,-6.28239168,-2.7352872,10.5947253,False,False
NGC 6624,-634.4,260.481298,-25.1942564,7.14948258,0.29129356,6.4591132,-1.01592944,0.0361095267,0.806889665,1.01657097,1.29787806,9.4276232,49.4367704,134.774142,-6.33982152,-2.69784603,9.52104698,False,False
NGC 6624,-634.5,260.55687,-25.289409,7.1470487,0.250512208,6.34918502,-1.01683004,0.0310492404,0.7929913,1.01730398,1.28986146,8.18213722,49.52138,137.020501,-6.39720538,-2.66052893,8.42154709,False,False
NGC 6624,-634.6,260.634349,-25.3857347,7.14474763,0.209647114,6.23723743,-1.01760259,0.0259803073,0.778863085,1.01793419,1.28172451,6.92354946,49.6058692,139.269013,-6.45453043,-2.62334721,7.29571726,False,False
NGC 6624,-634.7,260.713741,-25.483228,7.14258216,0.16870057,6.12327152,-1.01824575,0.0209027383,0.76450481,1.01846027,1.27347121,5.65163044,49.6902672,141.519484,-6.51178272,-2.58631292,6.14304516,False,False
NGC 6624,-634.8,260.795053,-25.5818833,7.14055512,0.127674882,6.00728887,-1.01875813,0.0158165412,0.749916287,1.0188809,1.26510581,4.36614796,49.7746037,143.771684,-6.56894713,-2.54943892,4.9630152,False,False
NGC 6624,-634.9,260.878294,-25.6816944,7.13866942,0.0865723726,5.88929163,-1.01913834,0.0107217208,0.73509735,1.01919473,1.25663281,3.06686758,49.8589083,146.025343,-6.6260072,-2.5127389,3.75510924,False,False
NGC 6624,-635,260.963469,-25.7826545,7.136928,0.045395384,5.76928254,-1.01938495,0.00561827886,0.720047869,1.01940044,1.24805696,1.75355303,49.9432112,148.280144,-6.68294508,-2.47622749,2.51880738,False,False
NGC 6624,-635.1,261.050585,-25.8847566,7.13533387,0.00414627397,5.64726502,-1.01949653,0.00050621395,0.704767742,1.01949665,1.23938331,0.425966847,50.0275423,150.535722,-6.73974134,-2.43992031,1.25358894,False,False
NGC 6624,-635.2,261.139648,-25.987993,7.13389007,-0.0371725814,5.52324316,-1.01947159,-0.00461447834,0.689256913,1.01948203,1.2306172,-0.916128966,50.1119319,152.791653,-6.79637485,-2.40383408,-0.0410663775,False,False
NGC 6624,-635.3,261.230662,-26.0923554,7.13259971,-0.0785587881,5.39722185,-1.01930864,-0.00974380554,0.67351537,1.01935521,1.22176429,-2.27297218,50.1964101,155.047453,-6.85282261,-2.36798672,-1.36567729,False,False
NGC 6624,-635.4,261.323633,-26.197835,7.13146594,-0.120009933,5.2692068,-1.01900616,-0.0148817783,0.657543153,1.01911482,1.21283058,-3.6447994,50.2810069,157.302567,-6.90905954,-2.33239745,-2.72075937,False,False
NGC 6624,-635.5,261.418564,-26.3044224,7.13049199,-0.161523585,5.13920461,-1.0185626,-0.0200284101,0.641340365,1.0187595,1.2038224,-5.0318451,50.365752,159.556361,-6.9650583,-2.29708691,-4.10682343,False,False
NGC 6624,-635.6,261.515459,-26.4121074,7.1296811,-0.203097292,5.00722289,-1.0179764,-0.0251837178,0.624907177,1.01828787,1.19474648,-6.4343403,50.4506745,161.808113,-7.02078907,-2.2620773,-5.52437344,False,False
NGC 6624,-635.7,261.614321,-26.520879,7.12903658,-0.244728582,4.87327028,-1.01724597,-0.0303477208,0.608243838,1.01769856,1.18560993,-7.85251124,50.5358032,164.057003,-7.07621921,-2.22739255,-6.97390433,False,False
NGC 6624,-635.8,261.715151,-26.6307258,7.1285618,-0.286414961,4.73735663,-1.01636969,-0.0355204419,0.591350687,1.01699019,1.17642028,-9.28657778,50.6211658,166.3021,-7.13131305,-2.1930585,-8.45589934,False,False
NGC 6624,-635.9,261.817949,-26.7416351,7.12826017,-0.328153914,4.59949303,-1.01534592,-0.0407019061,0.574228167,1.0161614,1.16718549,-10.7367516,50.7067888,168.542349,-7.18603149,-2.15910308,-9.97082712,False,False
NGC 6624,-636,261.922716,-26.8535935,7.12813512,-0.369942902,4.45969198,-1.01417301,-0.0458921416,0.556876831,1.01521081,1.15791398,-12.2032339,50.7926976,170.776555,-7.24033164,-2.12555653,-11.5191382,False,False
NGC 6624,-636.1,262.029449,-26.9665868,7.12819017,-0.41177936,4.31796749,-1.01284928,-0.0510911786,0.539297366,1.01413706,1.14861466,-13.6862135,50.8789156,173.003364,-7.29416639,-2.09245169,-13.1012613,False,False
NGC 6624,-636.2,262.138145,-27.0805995,7.12842884,-0.453660697,4.17433525,-1.01137303,-0.05629905,0.521490606,1.01293879,1.13929691,-15.1858635,50.9654639,175.221245,-7.34748392,-2.05982427,-14.7175983,False,False
NGC 6624,-636.3,262.248799,-27.1956151,7.12885472,-0.495584294,4.02881278,-1.00974255,-0.0615157905,0.50345755,1.01161466,1.12997067,-16.7023387,51.0523614,177.428465,-7.40022713,-2.02771317,-16.36852,False,False
NGC 6624,-636.4,262.361405,-27.3116157,7.12947141,-0.5375475,3.88141962,-1.00795612,-0.0667414367,0.485199386,1.01016333,1.12064642,-18.2357716,51.1396234,179.623065,-7.452333,-1.99616086,-18.0543592,False,False
NGC 6624,-636.5,262.475955,-27.4285822,7.13028256,-0.579547633,3.73217753,-1.00601198,-0.0719760263,0.466717517,1.00858349,1.11133519,-19.7862691,51.2272617,181.802828,-7.5037319,-1.9652138,-19.7754048,False,False
NGC 6624,-636.6,262.592437,-27.5464942,7.13129183,-0.621581972,3.58111071,-1.0039084,-0.0772195985,0.448013584,1.00687385,1.1020486,-21.3539073,51.3152836,183.965245,-7.55434676,-1.93492293,-21.5318939,False,False
NGC 6624,-636.7,262.710839,-27.6653294,7.13250291,-0.663647759,3.42824609,-1.00164362,-0.0824721925,0.429089505,1.00503313,1.09279889,-22.9387268,51.4036912,186.10748,-7.60409214,-1.90534416,-23.324003,False,False
NGC 6624,-636.8,262.831144,-27.7850638,7.13391949,-0.705742191,3.27361361,-0.999215874,-0.0877338476,0.409947505,1.00306011,1.08359889,-24.5407272,51.4924808,188.22632,-7.65287318,-1.87653905,-25.1518378,False,False
NGC 6624,-636.9,262.953334,-27.9056718,7.13554529,-0.74786242,3.11724651,-0.996623414,-0.0930046025,0.390590157,1.00095359,1.07446208,-26.1598603,51.5816416,190.318132,-7.70058445,-1.84857542,-27.0154223,False,False
NGC 6624,-637,263.077386,-28.0271253,7.137384,-0.790005543,2.95918174,-0.993864492,-0.0982844941,0.371020432,0.998712406,1.06540257,-27.7960235,51.6711548,192.378806,-7.74710863,-1.82152813,-28.9146857,False,False
NGC 6624,-637.1,263.203273,-28.1493942,7.1394393,-0.832168603,2.79946037,-0.990937373,-0.103573557,0.351241747,0.996335465,1.0564351,-29.4490518,51.760993,194.403689,-7.79231502,-1.79547994,-30.8494477,False,False
NGC 6624,-637.2,263.330965,-28.2724457,7.14171487,-0.874348577,2.63812802,-0.987840344,-0.108871823,0.331258026,0.993821724,1.04757506,-31.1187089,51.8511182,196.387524,-7.83605795,-1.77052235,-32.819402,False,False
NGC 6624,-637.3,263.460426,-28.3962442,7.1442143,-0.916542376,2.47523542,-0.98457172,-0.114179319,0.311073766,0.991170212,1.03883843,-32.8046785,51.9414817,198.324374,-7.87817511,-1.7467566,-34.8240977,False,False
NGC 6624,-637.4,263.591614,-28.520751,7.14694118,-0.958746832,2.31083892,-0.981129853,-0.119496066,0.290694106,0.988380037,1.0302418,-34.5065536,52.0320219,200.207542,-7.91848567,-1.72429463,-36.8629184,False,False
NGC 6624,-637.5,263.724483,-28.6459242,7.14989898,-1.00095869,2.14500119,-0.97751314,-0.124822079,0.270124914,0.9854504,1.02180231,-36.2238259,52.122664,202.029499,-7.95678851,-1.70326007,-38.9350589,False,False
NGC 6624,-637.6,263.858977,-28.7717179,7.15309109,-1.04317462,1.97779185,-0.973720039,-0.130157363,0.249372874,0.982380606,1.01353761,-37.9558744,52.2133182,203.781807,-7.99286058,-1.68378902,-41.0394992,False,False
NGC 6624,-637.7,263.995035,-28.8980821,7.15652079,-1.08539118,1.80928823,-0.969749075,-0.135501915,0.228445581,0.979170076,1.00546577,-39.7019534,52.3038795,205.455059,-8.02645545,-1.66603074,-43.1749772,False,False
NGC 6624,-637.8,264.132585,-29.0249627,7.1601912,-1.12760482,1.63957615,-0.965598857,-0.140855719,0.207351645,0.975818367,0.997605228,-41.4611812,52.3942262,207.038838,-8.05730266,-1.65014777,-45.3399582,False,False
NGC 6624,-637.9,264.271548,-29.1523002,7.16410527,-1.16981188,1.46875065,-0.961268091,-0.146218746,0.186100792,0.972325184,0.98997463,-43.2325284,52.4842201,208.521723,-8.08510789,-1.6363155,-47.532604,False,False
NGC 6624,-638,264.411834,-29.2800304,7.16826575,-1.21200858,1.29691677,-0.956755597,-0.151590952,0.164703965,0.968690399,0.982592736,-45.0148077,52.5737059,209.89135,-8.1095548,-1.62472071,-49.7507427,False,False
NGC 6624,-638.1,264.553342,-29.4080834,7.17267513,-1.25419102,1.12419018,-0.952060326,-0.156972276,0.143173414,0.964914069,0.975478235,-46.8066656,52.6625116,211.134559,-8.13030902,-1.61555876,-51.9918392,False,False
NGC 6624,-638.2,264.695958,-29.5363836,7.17733564,-1.29635517,0.950697615,-0.947181373,-0.16236264,0.121522765,0.960996452,0.968649557,-48.6065771,52.7504489,212.237655,-8.14702487,-1.60902903,-54.2529727,False,False
NGC 6624,-638.3,264.839559,-29.6648498,7.18224915,-1.33849685,0.776577113,-0.942118002,-0.167761945,0.0997670558,0.956938033,0.962124662,-50.4128442,52.8373142,213.186806,-8.15935548,-1.6053284,-56.5308222,False,False
NGC 6624,-638.4,264.984009,-29.7933954,7.18741722,-1.38061175,0.601977766,-0.936869654,-0.173170069,0.0779227242,0.952739535,0.955920799,-52.2235995,52.9228898,213.968572,-8.16696644,-1.60464262,-58.8216661,False,False
NGC 6624,-638.5,265.129159,-29.9219287,7.19284094,-1.42269543,0.427059036,-0.931435975,-0.17858687,0.0560075341,0.948401943,0.950054256,-54.0368173,53.0069445,214.570565,-8.16955242,-1.60713603,-61.1214004,False,False
NGC 6624,-638.6,265.274852,-30.0503535,7.19852101,-1.4647433,0.25198947,-0.925816822,-0.184012178,0.0340404319,0.943926517,0.944540111,-55.8503304,53.0892354,214.98218,-8.16685554,-1.61294038,-63.4255797,False,False
NGC 6624,-638.7,265.420923,-30.1785706,7.20445764,-1.50675065,0.076944825,-0.920012281,-0.189445802,0.0120413263,0.939314808,0.939391985,-57.6618549,53.1695078,215.195301,-8.15868329,-1.6221443,-65.7294818,False,False
NGC 6624,-638.8,265.5672,-30.3064789,7.21065053,-1.54871261,-0.0978943427,-0.914022675,-0.194887521,-0.0099691968,0.934568668,0.934621838,-59.4690213,53.2474962,215.204889,-8.1449232,-1.634785,-68.0281938,False,False
NGC 6624,-638.9,265.713507,-30.4339767,7.21709887,-1.59062421,-0.272345449,-0.907848573,-0.200337087,-0.0319702081,0.929690261,0.930239794,-61.2694101,53.322924,215.009336,-8.12555165,-1.65084384,-70.3167152,False,False
NGC 6624,-639,265.859668,-30.5609636,7.22380136,-1.63248031,-0.446226863,-0.901490794,-0.205794225,-0.0539407958,0.924682062,0.926254028,-63.06059,53.3955038,214.610515,-8.10063514,-1.6702466,-72.5900662,False,False
NGC 6624,-639.1,266.005511,-30.687342,7.23075614,-1.67427568,-0.619360721,-0.894950403,-0.211258626,-0.0758604068,0.919546862,0.922670706,-64.8401551,53.4649372,214.01354,-8.07032395,-1.69286864,-74.8433918,False,False
NGC 6624,-639.2,266.150865,-30.8130181,7.23796091,-1.71600492,-0.791575452,-0.888228707,-0.216729955,-0.0977091557,0.914287761,0.919493985,-66.6057598,53.5309152,213.226255,-8.03483933,-1.71854364,-77.0720526,False,False
NGC 6624,-639.3,266.295569,-30.937903,7.24541287,-1.7576625,-0.962707818,-0.881327252,-0.222207841,-0.119468073,0.908908163,0.91672606,-68.3551485,53.5931195,212.258593,-7.99445699,-1.74707467,-79.271695,False,False
NGC 6624,-639.4,266.43947,-31.0619139,7.2531088,-1.79924278,-1.13260434,-0.874247805,-0.227691882,-0.141119281,0.903411765,0.914367251,-70.0861795,53.6512239,211.121869,-7.94948939,-1.77824555,-81.4382993,False,False
NGC 6624,-639.5,266.582423,-31.1849736,7.26104508,-1.84073995,-1.3011222,-0.866992348,-0.233181642,-0.162646101,0.897802545,0.912416114,-71.7968429,53.7048969,209.828143,-7.90026924,-1.81183131,-83.5682067,False,False
NGC 6624,-639.6,266.724294,-31.3070116,7.26921774,-1.8821481,-1.46812962,-0.859563062,-0.23867665,-0.184033105,0.89208475,0.910869576,-73.4852727,53.7538043,208.389671,-7.84713557,-1.84760674,-85.6581288,False,False
NGC 6624,-639.7,266.864959,-31.4279634,7.27762247,-1.92346114,-1.63350584,-0.851962308,-0.244176402,-0.205266108,0.886262879,0.909723071,-75.1497539,53.7976125,206.818492,-7.79042314,-1.88535281,-87.7051438,False,False
NGC 6624,-639.8,267.004303,-31.5477705,7.28625467,-1.9646729,-1.79714085,-0.844192618,-0.24968036,-0.226332133,0.880341672,0.908970678,-76.7887252,53.8359915,205.126148,-7.73045495,-1.92486101,-89.706684,False,False
NGC 6624,-639.9,267.142221,-31.66638,7.29510953,-2.00577707,-1.95893482,-0.836256674,-0.255187951,-0.24721935,0.874326092,0.908605262,-78.4007793,53.8686182,203.323501,-7.66753757,-1.96593593,-91.6605177,False,False
NGC 6624,-640,267.278618,-31.7837444,7.30418196,-2.0467672,-2.11879759,-0.828157293,-0.260698571,-0.267917002,0.868221312,0.908618603,-79.9846599,53.8951792,201.420647,-7.6019586,-2.00839648,-93.5647281,True,True
NGC 6624,-640.1,267.413404,-31.899821,7.31346675,-2.08763679,-2.2766479,-0.819897415,-0.266211585,-0.288415321,0.862032702,0.909001527,-81.5392573,53.9153733,199.426882,-7.53398564,-2.05207618,-95.4176914,True,True
NGC 6624,-640.2,267.546501,-32.0145717,7.32295849,-2.1283792,-2.4324128,-0.811480086,-0.271726326,-0.308705453,0.855765813,0.909744021,-83.0636026,53.9289137,197.350719,-7.46386643,-2.09682274,-97.2180545,True,True
NGC 6624,-640.3,267.677836,-32.1279623,7.33265165,-2.16898774,-2.58602699,-0.802908444,-0.2772421,-0.328779374,0.849426366,0.910835346,-84.5568613,53.9355296,195.199918,-7.39182955,-2.1424974,-98.9647138,True,True
NGC 6624,-640.4,267.807342,-32.2399628,7.34254061,-2.20945564,-2.73743215,-0.794185704,-0.282758186,-0.348629816,0.843020239,0.912264146,-86.0183257,53.9349676,192.981543,-7.3180855,-2.18897395,-100.656795,True,True
NGC 6624,-640.5,267.934959,-32.3505463,7.35261965,-2.24977607,-2.8865764,-0.78531515,-0.288273837,-0.368250204,0.836553459,0.914018546,-87.4474077,53.9269924,190.702014,-7.24282801,-2.23613773,-102.293632,True,True
NGC 6624,-640.6,268.060633,-32.4596891,7.36288298,-2.28994219,-3.03341377,-0.776300119,-0.293788284,-0.387634585,0.830032186,0.916086241,-88.843631,53.9113874,188.367166,-7.16623535,-2.2838846,-103.874752,True,True
NGC 6624,-640.7,268.184315,-32.5673707,7.3733248,-2.3299471,-3.17790372,-0.767143991,-0.299300736,-0.406777578,0.823462709,0.918454588,-90.2066234,53.8879551,185.982307,-7.08847163,-2.33212001,-105.399857,True,True
NGC 6624,-640.8,268.30596,-32.6735727,7.38393926,-2.36978393,-3.32001065,-0.757850179,-0.304810384,-0.425674319,0.816851433,0.921110683,-91.5361088,53.8565167,183.552266,-7.00968801,-2.38075807,-106.868805,True,True
NGC 6624,-640.9,268.425528,-32.7782796,7.3947205,-2.40944577,-3.45970355,-0.748422121,-0.310316401,-0.444320415,0.810204875,0.924041433,-92.8319001,53.8169121,181.081443,-6.93002383,-2.42972076,-108.281603,True,True
NGC 6624,-641,268.542985,-32.8814779,7.40566266,-2.44892575,-3.59695558,-0.738863269,-0.315817943,-0.462711905,0.803529653,0.927233633,-94.093892,53.7689995,178.573854,-6.84960766,-2.47893717,-109.638382,True,True
NGC 6624,-641.1,268.658297,-32.9831561,7.41675991,-2.48821702,-3.7317438,-0.729177081,-0.321314155,-0.480845217,0.79683248,0.930674016,-95.3220534,53.7126543,176.033164,-6.76855821,-2.52834283,-110.939397,True,True
NGC 6624,-641.2,268.771436,-33.0833045,7.42800645,-2.52731279,-3.8640488,-0.719367016,-0.326804169,-0.498717143,0.790120161,0.934349323,-96.5164214,53.6477689,173.462729,-6.68698515,-2.57787914,-112.185003,True,True
NGC 6624,-641.3,268.882377,-33.1819154,7.43939649,-2.56620628,-3.99385444,-0.709436526,-0.332287106,-0.516324797,0.783399582,0.938246344,-97.6770945,53.5742518,170.865619,-6.60498991,-2.62749285,-113.375653,True,True
NGC 6624,-641.4,268.991099,-33.2789822,7.45092432,-2.60489081,-4.12114762,-0.699389049,-0.33776208,-0.533665599,0.776677709,0.94235197,-98.8042267,53.4920266,168.244651,-6.52266628,-2.67713555,-114.511884,True,True
NGC 6624,-641.5,269.097582,-33.3745002,7.46258427,-2.64335973,-4.24591801,-0.689228005,-0.343228196,-0.550737242,0.769961582,0.946653235,-99.8980217,53.4010312,165.602407,-6.44010108,-2.7267633,-115.594306,True,True
NGC 6624,-641.6,269.201809,-33.4684657,7.47437073,-2.68160651,-4.36815784,-0.678956792,-0.348684556,-0.567537674,0.763258309,0.951137349,-100.958728,53.3012167,162.941263,-6.35737465,-2.77633622,-116.623597,True,True
NGC 6624,-641.7,269.303766,-33.5608762,7.48627817,-2.71962466,-4.48786173,-0.66857878,-0.354130255,-0.584065075,0.756575061,0.955791731,-101.986633,53.1925468,160.263401,-6.27456135,-2.82581817,-117.600491,True,True
NGC 6624,-641.8,269.403442,-33.6517306,7.49830113,-2.75740782,-4.60502648,-0.658097306,-0.359564386,-0.600317839,0.74991907,0.960604039,-102.982059,53.0749969,157.570829,-6.19173004,-2.87517645,-118.525774,True,True
NGC 6624,-641.9,269.500826,-33.7410284,7.51043421,-2.79494971,-4.71965088,-0.647515674,-0.364986041,-0.616294557,0.743297624,0.965562188,-103.94536,52.9485527,154.865397,-6.10894441,-2.92438149,-119.400276,True,True
NGC 6624,-642,269.595912,-33.8287704,7.52267214,-2.83224414,-4.8317356,-0.636837151,-0.370394309,-0.631994004,0.736718061,0.970654378,-104.876914,52.8132101,152.148807,-6.02626341,-2.97340668,-120.22486,True,True
NGC 6624,-642.1,269.688694,-33.9149581,7.53500969,-2.86928505,-4.94128301,-0.626064963,-0.37578828,-0.647415118,0.730187763,0.975869102,-105.777125,52.6689736,149.422629,-5.94374153,-3.02222806,-121.000426,True,True
NGC 6624,-642.2,269.779166,-33.9995937,7.54744175,-2.90606647,-5.04829706,-0.615202295,-0.381167046,-0.662556994,0.723714157,0.981195165,-106.646413,52.5158562,146.68831,-5.86142913,-3.07082418,-121.727896,True,True
NGC 6624,-642.3,269.867328,-34.0826801,7.5599633,-2.94258257,-5.15278314,-0.604252286,-0.386529699,-0.67741887,0.7173047,0.986621689,-107.485217,52.3538781,143.947183,-5.77937271,-3.11917587,-122.408215,True,True
NGC 6624,-642.4,269.953178,-34.164221,7.57256939,-2.9788276,-5.25474798,-0.593218031,-0.391875334,-0.692000111,0.710966884,0.992138128,-108.293987,52.1830663,141.200478,-5.69761519,-3.1672661,-123.042344,True,True
NGC 6624,-642.5,270.036716,-34.2442206,7.5852552,-3.01479597,-5.35419952,-0.582102578,-0.39720305,-0.706300207,0.70470822,0.997734262,-109.073187,52.0034537,138.449327,-5.6161961,-3.2150798,-123.631256,True,True
NGC 6624,-642.6,270.117944,-34.3226837,7.59801599,-3.05048216,-5.45114681,-0.570908928,-0.402511949,-0.720318758,0.698536236,1.00340021,-109.823287,51.8150789,135.694776,-5.53515183,-3.26260373,-124.175935,True,True
NGC 6624,-642.7,270.196866,-34.3996153,7.61084713,-3.08588082,-5.54559996,-0.559640032,-0.407801135,-0.734055464,0.692458469,1.00912643,-110.544763,51.6179847,132.937786,-5.45451585,-3.30982634,-124.677369,True,True
NGC 6624,-642.8,270.273485,-34.4750212,7.62374407,-3.12098669,-5.63756996,-0.548298793,-0.413069721,-0.747510123,0.686482455,1.01490371,-111.238097,51.4122187,130.179245,-5.37431884,-3.35673764,-125.13655,True,True
NGC 6624,-642.9,270.347807,-34.5489074,7.63670237,-3.15579463,-5.72706868,-0.536888064,-0.418316822,-0.760682618,0.680615719,1.02072318,-111.903771,51.1978318,127.419967,-5.29458893,-3.4033291,-125.554469,True,True
NGC 6624,-643,270.419838,-34.6212803,7.6497177,-3.19029966,-5.81410877,-0.525410649,-0.423541558,-0.773572914,0.674865766,1.02657628,-112.542272,50.9748781,124.660703,-5.21535183,-3.44959354,-125.932114,True,True
NGC 6624,-643.1,270.489585,-34.6921464,7.66278581,-3.22449687,-5.89870354,-0.513869304,-0.428743057,-0.786181046,0.669240069,1.0324548,-113.154083,50.7434146,121.902143,-5.13663099,-3.49552502,-126.270471,True,True
NGC 6624,-643.2,270.557056,-34.7615129,7.67590257,-3.2583815,-5.98086698,-0.502266731,-0.433920452,-0.79850712,0.663746057,1.03835083,-113.739686,50.5035005,119.144921,-5.05844774,-3.54111875,-126.570518,True,True
NGC 6624,-643.3,270.622259,-34.8293867,7.68906393,-3.2919489,-6.06061362,-0.490605589,-0.43907288,-0.810551303,0.658391098,1.04425679,-114.299561,50.2551969,116.389616,-4.98082142,-3.58637102,-126.833224,True,True
NGC 6624,-643.4,270.685205,-34.8957754,7.70226594,-3.32519454,-6.13795848,-0.478888482,-0.444199488,-0.822313819,0.653182488,1.05016541,-114.834184,49.9985665,113.636762,-4.90376953,-3.6312791,-127.059551,True,True
NGC 6624,-643.5,270.745903,-34.9606865,7.71550476,-3.35811401,-6.21291707,-0.46711797,-0.449299427,-0.833794943,0.648127436,1.05606969,-115.344025,49.733673,110.886846,-4.82730781,-3.67584119,-127.250447,True,True
NGC 6624,-643.6,270.804364,-35.0241277,7.72877661,-3.39070301,-6.28550528,-0.455296563,-0.454371855,-0.844995,0.64323304,1.06196294,-115.82955,49.4605813,108.140312,-4.7514504,-3.72005632,-127.40685,True,True
NGC 6624,-643.7,270.860599,-35.0861068,7.74207786,-3.42295735,-6.35573935,-0.443426725,-0.459415937,-0.855914355,0.638506276,1.06783877,-116.291219,49.1793568,105.397565,-4.67620988,-3.76392432,-127.529684,True,True
NGC 6624,-643.8,270.914621,-35.1466318,7.75540492,-3.45487296,-6.42363584,-0.431510872,-0.464430845,-0.866553416,0.633953975,1.07369105,-116.729483,48.8900651,102.658974,-4.60159742,-3.80744573,-127.619861,True,True
NGC 6624,-643.9,270.966441,-35.2057106,7.76875432,-3.48644586,-6.48921156,-0.419551376,-0.469415757,-0.876912624,0.629582806,1.0795139,-117.144787,48.5927721,99.9248738,-4.52762286,-3.85062175,-127.678274,True,True
NGC 6624,-644,271.016072,-35.2633514,7.78212266,-3.5176722,-6.55248356,-0.40755056,-0.474369859,-0.886992456,0.62539925,1.08530173,-117.537568,48.2875436,97.1955671,-4.45429479,-3.8934542,-127.705806,True,True
NGC 6624,-644.1,271.063528,-35.3195622,7.79550666,-3.54854822,-6.61346905,-0.395510708,-0.479292341,-0.896793415,0.621409582,1.09104917,-117.908257,47.9744449,94.471327,-4.38162061,-3.93594548,-127.703321,True,True
NGC 6624,-644.2,271.108822,-35.3743511,7.80890308,-3.57907025,-6.67218542,-0.383434058,-0.484182402,-0.906316032,0.617619847,1.09675112,-118.257272,47.6535409,91.7523988,-4.30960666,-3.97809848,-127.671667,True,True
NGC 6624,-644.3,271.151968,-35.4277264,7.82230882,-3.60923475,-6.72865019,-0.371322803,-0.489039248,-0.915560862,0.614035838,1.1024027,-118.585027,47.3248959,89.0390022,-4.23825822,-4.01991658,-127.611676,True,True
NGC 6624,-644.4,271.19298,-35.479696,7.83572081,-3.63903825,-6.78288093,-0.359179099,-0.49386209,-0.924528482,0.610663073,1.10799923,-118.891923,46.9885734,86.3313329,-4.16757967,-4.0614036,-127.524164,True,True
NGC 6624,-644.5,271.231873,-35.5302681,7.84913609,-3.66847738,-6.83489533,-0.347005058,-0.498650146,-0.933219484,0.607506772,1.1135363,-119.178355,46.6446357,83.6295638,-4.09757446,-4.10256374,-127.409928,True,True
NGC 6624,-644.6,271.268661,-35.5794508,7.86255178,-3.69754886,-6.88471106,-0.334802753,-0.50340264,-0.941634482,0.604571832,1.11900965,-119.444708,46.2931443,80.9338471,-4.02824522,-4.14340159,-127.269751,True,True
NGC 6624,-644.7,271.30336,-35.627252,7.87596508,-3.7262495,-6.93234585,-0.322574218,-0.508118802,-0.949774101,0.601862811,1.12441526,-119.691357,45.9341593,78.2443156,-3.95959382,-4.18392206,-127.104396,True,True
NGC 6624,-644.8,271.335984,-35.6736797,7.88937324,-3.75457619,-6.9778174,-0.31032145,-0.512797871,-0.95763898,0.599383899,1.1297493,-119.918667,45.5677397,75.5610835,-3.8916214,-4.22413035,-126.914611,True,True
NGC 6624,-644.9,271.366548,-35.7187417,7.90277362,-3.78252592,-7.02114339,-0.298046409,-0.517439087,-0.965229767,0.597138904,1.13500809,-120.126996,45.1939428,72.8842484,-3.82432843,-4.26403195,-126.701124,True,True
NGC 6624,-645,271.395069,-35.7624458,7.91616364,-3.81009573,-7.06234145,-0.285751018,-0.5220417,-0.972547122,0.59513123,1.14018818,-120.316691,44.8128246,70.2138917,-3.75771477,-4.30363259,-126.464649,True,True
NGC 6624,-645.1,271.421562,-35.8047997,7.92954077,-3.83728276,-7.10142913,-0.273437164,-0.526604964,-0.979591711,0.59336386,1.14528625,-120.488089,44.4244395,67.5500802,-3.6917797,-4.34293823,-126.205882,True,True
NGC 6624,-645.2,271.446042,-35.8458111,7.94290259,-3.86408421,-7.13842394,-0.261106703,-0.531128137,-0.986364205,0.591839344,1.15029916,-120.64152,44.0288402,64.8928669,-3.62652195,-4.38195503,-125.925503,True,True
NGC 6624,-645.3,271.468525,-35.8854873,7.95624671,-3.89049736,-7.17334323,-0.248761456,-0.535610486,-0.992865282,0.59055978,1.15522393,-120.777302,43.6260778,62.242292,-3.56193977,-4.42068932,-125.624173,True,True
NGC 6624,-645.4,271.489028,-35.9238358,7.96957082,-3.91651956,-7.2062043,-0.236403211,-0.540051279,-0.999095622,0.589526812,1.16005772,-120.895746,43.2162015,59.5983835,-3.49803094,-4.45914761,-125.302538,True,True
NGC 6624,-645.5,271.507566,-35.9608637,7.9828727,-3.9421482,-7.23702428,-0.224033727,-0.544449792,-1.00505591,0.588741613,1.16479786,-120.997152,42.7992589,56.9611584,-3.43479282,-4.49733652,-124.96123,True,True
NGC 6624,-645.6,271.524155,-35.9965783,7.99615014,-3.96738077,-7.26582019,-0.21165473,-0.548805304,-1.01074682,0.588204885,1.1694418,-121.081813,42.3752954,54.3306233,-3.37222238,-4.53526284,-124.60086,True,True
NGC 6624,-645.7,271.538811,-36.0309866,8.00940104,-3.9922148,-7.29260889,-0.199267919,-0.5531171,-1.01616905,0.587916856,1.17398713,-121.150012,41.9443548,51.7067752,-3.31031623,-4.57293343,-124.222029,True,True
NGC 6624,-645.8,271.55155,-36.0640953,8.02262333,-4.01664786,-7.31740709,-0.186874964,-0.557384468,-1.02132328,0.587877281,1.17843156,-121.202023,41.5064787,49.0896018,-3.24907064,-4.61035527,-123.825319,True,True
NGC 6624,-645.9,271.562388,-36.0959111,8.03581501,-4.04067761,-7.34023134,-0.174477505,-0.561606701,-1.02621019,0.588085441,1.18277294,-121.238112,41.061707,46.4790827,-3.18848159,-4.64753543,-123.411297,True,True
NGC 6624,-646,271.571342,-36.1264408,8.04897414,-4.06430174,-7.36109799,-0.162077159,-0.565783096,-1.03083045,0.588540157,1.18700924,-121.258536,40.6100773,43.8751896,-3.12854477,-4.68448103,-122.980515,True,True
NGC 6624,-646.1,271.578426,-36.1556906,8.06209883,-4.08751798,-7.38002324,-0.149675515,-0.569912952,-1.03518475,0.589239793,1.19113853,-121.263543,40.1516253,41.2778869,-3.06925562,-4.72119925,-122.533513,True,True
NGC 6624,-646.2,271.583659,-36.1836669,8.07518725,-4.11032413,-7.39702307,-0.137274137,-0.573995575,-1.03927375,0.590182268,1.195159,-121.253374,39.6863847,38.6871325,-3.01060933,-4.75769734,-122.070813,True,True
NGC 6624,-646.3,271.587054,-36.2103757,8.0882376,-4.13271801,-7.41211328,-0.124874564,-0.578030272,-1.04309813,0.591365075,1.19906896,-121.22826,39.214387,36.1028778,-2.95260092,-4.79398257,-121.592926,True,True
NGC 6624,-646.4,271.588629,-36.2358231,8.10124816,-4.1546975,-7.42530947,-0.112478315,-0.582016352,-1.04665854,0.592785295,1.20286679,-121.188428,38.7356616,33.5250686,-2.89522518,-4.83006226,-121.100347,True,True
NGC 6624,-646.5,271.588399,-36.2600148,8.11421724,-4.17626051,-7.43662703,-0.100086883,-0.58595313,-1.04995565,0.594439614,1.206551,-121.134091,38.2502358,30.9536452,-2.83847676,-4.86594373,-120.593559,True,True
NGC 6624,-646.6,271.586381,-36.2829565,8.12714322,-4.19740497,-7.44608114,-0.0877017405,-0.589839921,-1.05299009,0.596324348,1.21012019,-121.06546,37.7581347,28.3885432,-2.78235012,-4.90163434,-120.07303,True,True
NGC 6624,-646.7,271.582589,-36.3046536,8.14002449,-4.21812887,-7.45368676,-0.0753243396,-0.593676044,-1.05576252,0.598435461,1.21357303,-120.982735,37.2593814,25.8296933,-2.72683962,-4.93714144,-119.539219,True,True
NGC 6624,-646.8,271.577039,-36.3251115,8.15285952,-4.23843021,-7.45945862,-0.0629561115,-0.597460819,-1.05827357,0.600768593,1.21690832,-120.886109,36.7539967,23.2770224,-2.67193947,-4.97247239,-118.992567,True,True
NGC 6624,-646.9,271.569749,-36.3443352,8.16564681,-4.25830703,-7.46341126,-0.0505984682,-0.60119357,-1.06052387,0.603319081,1.22012491,-120.775769,36.2419993,20.7304533,-2.6176438,-5.00763455,-118.433508,True,True
NGC 6624,-647,271.560732,-36.3623298,8.1783849,-4.27775738,-7.46555897,-0.0382528032,-0.604873621,-1.06251404,0.606081987,1.22322175,-120.651894,35.7234054,18.1899052,-2.56394664,-5.04263527,-117.862461,True,True
NGC 6624,-647.1,271.550004,-36.3791001,8.19107238,-4.29677936,-7.46591581,-0.0259204919,-0.608500298,-1.06424468,0.60905212,1.22619787,-120.514655,35.1982295,15.6552942,-2.51084191,-5.07748189,-117.279834,True,True
NGC 6624,-647.2,271.537581,-36.3946507,8.20370788,-4.31537106,-7.46449562,-0.0136028924,-0.612072929,-1.06571641,0.612224067,1.22905239,-120.364218,34.6664834,13.1265334,-2.45832351,-5.11218173,-116.686024,True,True
NGC 6624,-647.3,271.523479,-36.4089861,8.21629006,-4.33353061,-7.46131202,-0.00130134641,-0.615590841,-1.06692981,0.615592217,1.23178448,-120.200741,34.1281771,10.6035333,-2.40638526,-5.14674209,-116.081416,True,True
NGC 6624,-647.4,271.507712,-36.4221105,8.22881762,-4.35125614,-7.45637837,0.0109828202,-0.619053366,-1.06788547,0.619150783,1.2343934,-120.024375,33.5833179,8.0862017,-2.35502093,-5.18117024,-115.466386,True,True
NGC 6624,-647.5,271.490295,-36.4340281,8.24128932,-4.36854581,-7.44970781,0.0232482967,-0.622459832,-1.06858397,0.622893832,1.2368785,-119.835265,33.0319112,5.57444457,-2.30422428,-5.21547345,-114.841298,True,True
NGC 6624,-647.6,271.471245,-36.4447428,8.25370392,-4.38539778,-7.44131325,0.0354937871,-0.62580957,-1.06902587,0.626815305,1.23923918,-119.633549,32.4739601,3.06816572,-2.25398902,-5.24965893,-114.206505,True,True
NGC 6624,-647.7,271.450575,-36.4542584,8.26606024,-4.40181021,-7.43120736,0.0477180088,-0.629101911,-1.06921172,0.630909045,1.2414749,-119.419361,31.9094653,0.567267275,-2.20430885,-5.28373387,-113.562353,True,True
NGC 6624,-647.8,271.428301,-36.4625785,8.27835713,-4.41778129,-7.41940258,0.0599196928,-0.632336187,-1.06914208,0.635168814,1.24358522,-119.192825,31.3384254,-1.92835015,-2.15517749,-5.31770543,-112.909176,True,True
NGC 6624,-647.9,271.404437,-36.4697066,8.29059347,-4.43330919,-7.4059111,0.0720975825,-0.635511726,-1.06881747,0.639588317,1.24556975,-118.954063,30.7608365,-4.41878724,-2.10658862,-5.35158072,-112.247299,True,True
NGC 6624,-648,271.378998,-36.4756459,8.30276817,-4.44839211,-7.39074489,0.0842504332,-0.638627859,-1.06823842,0.644161221,1.24742816,-118.703187,30.1766925,-6.90414581,-2.05853597,-5.38536684,-111.577038,True,True
NGC 6624,-648.1,271.351999,-36.4803994,8.31488017,-4.46302822,-7.37391567,0.0963770118,-0.641683916,-1.06740545,0.648881173,1.24916019,-118.440305,29.5859851,-9.38452858,-2.01101325,-5.41907083,-110.898699,True,True
NGC 6624,-648.2,271.323454,-36.4839701,8.32692845,-4.4772157,-7.35543494,0.108476096,-0.644679225,-1.06631906,0.653741819,1.25076564,-118.165521,28.9887036,-11.860039,-1.96401422,-5.4526997,-110.212582,True,True
NGC 6624,-648.3,271.293378,-36.4863608,8.33891202,-4.49095274,-7.33531396,0.120546472,-0.647613112,-1.06497973,0.658736817,1.25224439,-117.878931,28.384835,-14.3307812,-1.91753266,-5.4862604,-109.518976,True,True
NGC 6624,-648.4,271.261784,-36.487574,8.3508299,-4.50423749,-7.31356376,0.13258694,-0.650484903,-1.06338796,0.663859854,1.25359637,-117.580625,27.7743639,-16.7968595,-1.8715624,-5.51975986,-108.818162,True,True
NGC 6624,-648.5,271.228687,-36.487612,8.36268115,-4.51706813,-7.29019513,0.144596303,-0.653293922,-1.06154422,0.669104655,1.25482157,-117.27069,27.1572726,-19.2583786,-1.82609728,-5.55320496,-108.110416,True,True
NGC 6624,-648.6,271.194101,-36.4864772,8.37446487,-4.5294428,-7.26521863,0.156573378,-0.656039491,-1.05944896,0.674465,1.25592003,-116.949205,26.5335412,-21.7154431,-1.78113123,-5.58660253,-107.396002,True,True
NGC 6624,-648.7,271.15804,-36.4841715,8.38618016,-4.54135964,-7.2386446,0.168516987,-0.65872093,-1.05710264,0.679934731,1.25689189,-116.616246,25.9031471,-24.1681576,-1.7366582,-5.61995937,-106.675179,True,True
NGC 6624,-648.8,271.120518,-36.4806969,8.39782616,-4.55281677,-7.21048314,0.18042596,-0.661337556,-1.05450569,0.685507761,1.25773731,-116.271881,25.2660657,-26.6166264,-1.69267222,-5.65328223,-105.948198,True,True
NGC 6624,-648.9,271.081549,-36.476055,8.40940204,-4.56381229,-7.18074414,0.192299134,-0.663888684,-1.05165855,0.691178082,1.25845653,-115.916177,24.6222697,-29.0609532,-1.64916738,-5.68657781,-105.215303,True,True
NGC 6624,-649,271.041145,-36.4702474,8.42090699,-4.57434429,-7.14943724,0.204135352,-0.666373625,-1.04856163,0.696939775,1.25904986,-115.549192,23.9717296,-31.5012413,-1.60613784,-5.71985276,-104.476733,True,True
NGC 6624,-649.1,270.999321,-36.4632755,8.43234021,-4.58441084,-7.11657188,0.215933464,-0.668791689,-1.04521534,0.702787011,1.25951764,-115.17098,23.3144135,-33.937593,-1.56357782,-5.75311369,-103.732716,True,True
NGC 6624,-649.2,270.956091,-36.4551405,8.44370093,-4.59400997,-7.08215727,0.227692324,-0.67114218,-1.04162008,0.70871406,1.25986032,-114.781592,22.6502867,-36.3701099,-1.52148164,-5.78636718,-102.983478,True,True
NGC 6624,-649.3,270.911467,-36.4458434,8.45498841,-4.6031397,-7.04620241,0.23941079,-0.6734244,-1.03777624,0.714715292,1.26007836,-114.381071,21.9793127,-38.7988921,-1.47984369,-5.81961973,-102.229235,True,True
NGC 6624,-649.4,270.865462,-36.435385,8.46620194,-4.61179801,-7.00871605,0.251087728,-0.675637647,-1.03368419,0.720785181,1.26017232,-113.969459,21.3014519,-41.2240386,-1.43865846,-5.85287783,-101.4702,True,True
NGC 6624,-649.5,270.81809,-36.4237662,8.47734079,-4.61998287,-6.96970677,0.262722004,-0.677781214,-1.02934429,0.726918308,1.26014281,-113.54679,20.6166626,-43.645647,-1.39792052,-5.8861479,-100.706579,True,True
NGC 6624,-649.6,270.769365,-36.4109873,8.48840429,-4.62769219,-6.92918292,0.274312489,-0.679854392,-1.02475692,0.733109361,1.25999051,-113.113095,19.9249006,-46.063813,-1.35762455,-5.91943632,-99.9385702,True,True
NGC 6624,-649.7,270.719298,-36.3970489,8.49939178,-4.63492387,-6.88715263,0.285858057,-0.681856463,-1.0199224,0.739353139,1.25971615,-112.6684,19.2261191,-48.4786304,-1.31776533,-5.9527494,-99.1663697,True,True
NGC 6624,-649.8,270.667903,-36.3819511,8.5103026,-4.64167576,-6.84362383,0.297357583,-0.683786708,-1.01484109,0.745644549,1.25932054,-112.212726,18.5202688,-50.8901911,-1.27833774,-5.98609344,-98.390166,True,True
NGC 6624,-649.9,270.615192,-36.3656939,8.52113613,-4.64794568,-6.79860426,0.308809947,-0.685644401,-1.00951331,0.751978609,1.25880457,-111.746091,17.8072978,-53.2985844,-1.23933678,-6.01947467,-97.6101429,True,True
NGC 6624,-650,270.561178,-36.3482772,8.53189177,-4.65373142,-6.75210143,0.320214027,-0.687428811,-1.00393937,0.758350443,1.25816917,-111.268507,17.0871518,-55.7038973,-1.20075756,-6.05289927,-96.8264792,True,True
NGC 6624,-650.1,270.505875,-36.3297008,8.54256891,-4.65903069,-6.70412269,0.331568705,-0.689139202,-0.998119598,0.764755285,1.25741536,-110.779983,16.3597739,-58.1062139,-1.16259532,-6.08637335,-96.0393487,True,True
NGC 6624,-650.2,270.449293,-36.3099641,8.55316698,-4.6638412,-6.65467516,0.342872862,-0.69077483,-0.992054286,0.771188476,1.25654422,-110.280521,15.6251046,-60.5056152,-1.12484542,-6.11990301,-95.2489207,True,True
NGC 6624,-650.3,270.391447,-36.2890667,8.56368541,-4.66816058,-6.60376579,0.354125378,-0.692334948,-0.985743729,0.777645462,1.25555691,-109.770123,14.8830818,-62.902179,-1.08750336,-6.15349427,-94.4553597,True,True
NGC 6624,-650.4,270.332347,-36.2670078,8.57412368,-4.67198644,-6.55140134,0.365325137,-0.693818799,-0.979188215,0.78412179,1.25445468,-109.248783,14.1336407,-65.2959793,-1.05056477,-6.18715308,-93.6588259,True,True
NGC 6624,-650.5,270.272007,-36.2437864,8.58448123,-4.67531633,-6.49758837,0.376471017,-0.695225622,-0.972388022,0.790613112,1.25323883,-108.716493,13.3767141,-67.6870862,-1.01402544,-6.22088537,-92.8594751,True,True
NGC 6624,-650.6,270.210439,-36.2194014,8.59475757,-4.67814772,-6.44233329,0.387561899,-0.696554647,-0.965343423,0.797115175,1.25191075,-108.173241,12.612232,-70.0755657,-0.977881294,-6.25469697,-92.0574591,True,True
NGC 6624,-650.7,270.147655,-36.1938517,8.60495218,-4.68047807,-6.3856423,0.398596661,-0.697805099,-0.958054684,0.803623826,1.25047192,-107.619008,11.8401218,-72.4614789,-0.942128422,-6.28859368,-91.2529257,True,True
NGC 6624,-650.8,270.083667,-36.1671359,8.61506458,-4.68230476,-6.32752145,0.409574178,-0.698976192,-0.950522062,0.810135004,1.2489239,-107.053774,11.0603084,-74.8448823,-0.906763079,-6.32258121,-90.446019,True,True
NGC 6624,-650.9,270.018487,-36.1392524,8.6250943,-4.6836251,-6.26797661,0.420493324,-0.700067136,-0.942745813,0.816644739,1.24726833,-106.477515,10.2727138,-77.2258264,-0.871781693,-6.35666522,-89.6368792,True,True
NGC 6624,-651,269.952127,-36.1101995,8.63504087,-4.68443636,-6.2070135,0.431352971,-0.70107713,-0.934726186,0.823149153,1.24550695,-105.890201,9.47725756,-79.6043563,-0.837180873,-6.39085129,-88.8256432,True,True
NGC 6624,-651.1,269.884599,-36.0799755,8.64490385,-4.68473575,-6.14463768,0.442151986,-0.702005366,-0.926463425,0.82964445,1.24364158,-105.2918,8.6738565,-81.9805104,-0.802957416,-6.42514492,-88.0124443,True,True
NGC 6624,-651.2,269.815916,-36.0485784,8.6546828,-4.68452038,-6.08085456,0.452889233,-0.702851028,-0.917957773,0.836126919,1.24167415,-104.682275,7.86242479,-84.3543205,-0.769108321,-6.45955153,-87.1974127,True,True
NGC 6624,-651.3,269.746089,-36.016006,8.66437729,-4.68378734,-6.01566938,0.463563572,-0.703613289,-0.909209467,0.84259293,1.23960667,-104.061587,7.04287397,-86.7258106,-0.735630794,-6.49407646,-86.3806755,True,True
NGC 6624,-651.4,269.675129,-35.9822561,8.67398691,-4.68253361,-5.94908728,0.474173861,-0.704291315,-0.900218743,0.849038931,1.23744127,-103.429691,6.21511295,-89.0949968,-0.702522265,-6.52872494,-85.5623568,True,True
NGC 6624,-651.5,269.60305,-35.9473263,8.68351126,-4.68075613,-5.88111323,0.484718949,-0.70488426,-0.890985838,0.855461443,1.23518017,-102.786539,5.37904803,-91.4618864,-0.669780395,-6.56350211,-84.742578,True,True
NGC 6624,-651.6,269.529862,-35.911214,8.69294995,-4.67845175,-5.81175209,0.495197684,-0.705391272,-0.881510985,0.861857061,1.2328257,-102.132081,4.53458291,-93.8264771,-0.637403091,-6.59841301,-83.9214578,True,True
NGC 6624,-651.7,269.455578,-35.8739166,8.7023026,-4.67561724,-5.74100859,0.505608906,-0.705811485,-0.871794421,0.868222448,1.23038032,-101.466261,3.68161875,-96.1887562,-0.605388521,-6.63346254,-83.0991122,True,True
NGC 6624,-651.8,269.380209,-35.8354314,8.71156883,-4.6722493,-5.66888737,0.515951451,-0.706144026,-0.861836382,0.874554335,1.22784658,-100.789022,2.82005417,-98.5487001,-0.573735129,-6.66865548,-82.2756553,True,True
NGC 6624,-651.9,269.303768,-35.7957553,8.72074829,-4.66834455,-5.59539295,0.526224146,-0.706388009,-0.85163711,0.880849517,1.22522718,-100.100302,1.94978532,-100.906273,-0.54244165,-6.70399649,-81.4511984,True,True
NGC 6624,-652,269.226266,-35.7548853,8.72984062,-4.66389953,-5.52052974,0.536425816,-0.706542539,-0.84119685,0.887104851,1.22252491,-99.400036,1.07070594,-103.261425,-0.511507131,-6.73949005,-80.6258514,True,True
NGC 6624,-652.1,269.147715,-35.7128182,8.73884549,-4.65891069,-5.44430209,0.546555276,-0.70660671,-0.830515851,0.893317252,1.21974272,-98.6881568,0.182707433,-105.614093,-0.480930952,-6.77514049,-79.7997218,True,True
NGC 6624,-652.2,269.068127,-35.6695509,8.74776256,-4.6533744,-5.36671427,0.556611334,-0.706579603,-0.819594373,0.899483692,1.21688366,-97.9645933,-0.714321089,-107.964198,-0.450712844,-6.81095194,-78.9729157,True,True
NGC 6624,-652.3,268.987515,-35.6250798,8.75659151,-4.64728694,-5.28777048,0.566592791,-0.706460289,-0.808432683,0.905601199,1.21395096,-97.2292715,-1.62049267,-110.311643,-0.420852918,-6.84692836,-78.1455376,True,True
NGC 6624,-652.4,268.90589,-35.5794015,8.76533202,-4.6406445,-5.20747486,0.576498442,-0.706247828,-0.797031057,0.911666851,1.21094796,-96.4821148,-2.53592242,-112.656313,-0.391351689,-6.88307347,-77.3176906,True,True
NGC 6624,-652.5,268.823265,-35.5325125,8.77398379,-4.63344317,-5.12583153,0.586327071,-0.705941266,-0.785389786,0.917677779,1.20787815,-95.7230439,-3.46072738,-114.998073,-0.362210107,-6.91939075,-76.4894765,True,True
NGC 6624,-652.6,268.739651,-35.4844089,8.78254652,-4.62567896,-5.04284457,0.596077457,-0.705539639,-0.773509176,0.923631158,1.20474519,-94.951977,-4.39502633,-117.336766,-0.333429589,-6.95588341,-75.6609964,True,True
NGC 6624,-652.7,268.655062,-35.4350872,8.79101993,-4.61734777,-4.95851806,0.605748368,-0.705041969,-0.761389549,0.929524213,1.20155287,-94.16883,-5.33893969,-119.67221,-0.305012054,-6.99255437,-74.8323505,True,True
NGC 6624,-652.8,268.569509,-35.3845433,8.79940372,-4.60844543,-4.87285608,0.615338564,-0.704447267,-0.749031248,0.935354211,1.19830518,-93.3735167,-6.29258923,-122.004196,-0.276959963,-7.02940623,-74.0036382,True,True
NGC 6624,-652.9,268.483006,-35.3327736,8.80769764,-4.59896764,-4.78586273,0.624846797,-0.703754531,-0.73643464,0.941118462,1.19500625,-92.5659491,-7.2560979,-124.332487,-0.249276366,-7.06644121,-73.174959,True,True
NGC 6624,-653,268.395565,-35.2797739,8.81590141,-4.58891002,-4.69754218,0.634271808,-0.702962747,-0.723600114,0.946814316,1.19166039,-91.7460374,-8.22958953,-126.656815,-0.221964948,-7.10366115,-72.3464118,True,True
NGC 6624,-653.1,268.307199,-35.2255403,8.82401478,-4.57826808,-4.60789864,0.64361233,-0.702070886,-0.710528092,0.952439164,1.18827208,-90.9136906,-9.21318856,-128.976874,-0.195030081,-7.14106744,-71.518096,True,True
NGC 6624,-653.2,268.217922,-35.1700688,8.83203751,-4.56703723,-4.51693643,0.652867088,-0.70107791,-0.697219028,0.957990433,1.184846,-90.0688166,-10.2070196,-131.292323,-0.16847689,-7.17866097,-70.6901112,True,True
NGC 6624,-653.3,268.127746,-35.1133553,8.83996935,-4.55521279,-4.42465996,0.662034795,-0.699982765,-0.683673411,0.963465589,1.18138701,-89.2113227,-11.2112073,-133.602775,-0.142311313,-7.21644209,-69.8625576,True,True
NGC 6624,-653.4,268.036686,-35.0553958,8.84781006,-4.54278994,-4.33107382,0.671114156,-0.698784385,-0.669891776,0.96886213,1.17790017,-88.3411157,-12.2258753,-135.9078,-0.116540182,-7.25441054,-69.0355365,True,True
NGC 6624,-653.5,267.944756,-34.9961864,8.85555944,-4.52976381,-4.23618275,0.680103865,-0.697481693,-0.6558747,0.974177591,1.17439074,-87.4581028,-13.2511465,-138.206913,-0.0911713023,-7.29256538,-68.2091503,True,True
NGC 6624,-653.6,267.851969,-34.935723,8.86321725,-4.51612938,-4.13999172,0.689002609,-0.696073598,-0.641622817,0.979409541,1.17086416,-86.5621914,-14.287142,-140.499576,-0.0662135487,-7.33090491,-67.383503,True,True
NGC 6624,-653.7,267.75834,-34.8740017,8.8707833,-4.50188154,-4.04250593,0.697809064,-0.694558997,-0.627136816,0.984555579,1.16732612,-85.6532905,-15.3339805,-142.785185,-0.0416769671,-7.3694266,-66.5587005,True,True
NGC 6624,-653.8,267.663885,-34.8110187,8.87825739,-4.48701509,-3.94373089,0.706521896,-0.692936775,-0.612417452,0.98961334,1.1637825,-84.7313106,-16.3917776,-145.063068,-0.0175728935,-7.40812697,-65.7348511,True,True
NGC 6624,-653.9,267.568619,-34.7467703,8.88563933,-4.47152471,-3.84367243,0.715139763,-0.691205805,-0.597465552,0.994580487,1.16023939,-83.7961646,-17.4606451,-147.332475,0.0060859153,-7.44700149,-64.9120653,True,True
NGC 6624,-654,267.472558,-34.6812529,8.89292893,-4.455405,-3.74233681,0.723661315,-0.689364951,-0.582282026,0.999454719,1.15670311,-82.8477686,-18.5406897,-149.59257,0.0292851343,-7.48604445,-64.0904572,True,True
NGC 6624,-654.1,267.375719,-34.6144632,8.90012602,-4.43865043,-3.63973068,0.732085193,-0.687413063,-0.566867873,1.00423376,1.15318023,-81.8860428,-19.6320124,-151.842424,0.0520087028,-7.52524883,-63.2701438,True,True
NGC 6624,-654.2,267.278118,-34.546398,8.90723045,-4.42125541,-3.53586126,0.740410029,-0.685348983,-0.551224192,1.00891538,1.1496775,-80.9109123,-20.7347072,-154.080999,0.0742386372,-7.56460613,-62.4512464,True,True
NGC 6624,-654.3,267.179773,-34.4770543,8.91424207,-4.40321424,-3.43073632,0.748634448,-0.683171545,-0.535352194,1.01349736,1.14620193,-79.9223081,-21.8488595,-156.307141,0.0959548201,-7.6041062,-61.6338903,True,True
NGC 6624,-654.4,267.080703,-34.4064297,8.92116072,-4.38452112,-3.3243643,0.756757071,-0.680879571,-0.519253216,1.01797753,1.14276076,-78.9201684,-22.9745447,-158.519563,0.117134762,-7.64373704,-60.8182058,True,True
NGC 6624,-654.5,266.980928,-34.3345218,8.92798629,-4.3651702,-3.21675441,0.764776508,-0.67847188,-0.502928733,1.02235375,1.13936145,-77.9044398,-24.1118269,-160.716832,0.137753329,-7.68348456,-60.0043284,True,True
NGC 6624,-654.6,266.880466,-34.261329,8.93471865,-4.34515552,-3.1079167,0.77269137,-0.675947282,-0.486380375,1.02662392,1.13601169,-76.8750789,-25.2607567,-162.897348,0.157782441,-7.72333234,-59.1923994,True,True
NGC 6624,-654.7,266.779341,-34.1868499,8.94135771,-4.32447108,-2.99786217,0.780500258,-0.673304585,-0.469609945,1.03078597,1.13271939,-75.8320537,-26.4213691,-165.059329,0.177190723,-7.76326134,-58.3825661,True,True
NGC 6624,-654.8,266.677573,-34.1110838,8.94790335,-4.3031108,-2.88660295,0.788201776,-0.670542592,-0.452619438,1.03483787,1.1294927,-74.7753457,-27.5936814,-167.200784,0.195943117,-7.80324953,-57.5749828,True,True
NGC 6624,-654.9,266.575187,-34.0340306,8.95435551,-4.28106856,-2.77415235,0.795794523,-0.667660108,-0.435411065,1.03877762,1.12633997,-73.7049513,-28.7776905,-169.319493,0.214000445,-7.84327161,-56.7698107,True,True
NGC 6624,-655,266.472208,-33.9556911,8.96071413,-4.2583382,-2.66052511,0.8032771,-0.664655936,-0.417987277,1.04260329,1.12326977,-72.6208851,-29.9733701,-171.412972,0.231318906,-7.8832985,-55.9672187,True,True
NGC 6624,-655.1,266.368661,-33.8760669,8.96697914,-4.23491352,-2.54573751,0.81064811,-0.661528886,-0.400350793,1.04631297,1.12029085,-71.5231813,-31.1806678,-173.478448,0.247849525,-7.92329694,-55.1673834,True,True
NGC 6624,-655.2,266.264576,-33.7951605,8.97315052,-4.21078835,-2.42980759,0.817906162,-0.658277773,-0.382504633,1.04990481,1.11741215,-70.411897,-32.3995013,-175.512821,0.263537536,-7.96322896,-54.3704895,True,True
NGC 6624,-655.3,266.159982,-33.7129757,8.97922825,-4.18595648,-2.31275539,0.825049871,-0.654901423,-0.364452152,1.05337703,1.11464278,-69.2871153,-33.6297548,-177.512623,0.278321682,-8.00305127,-53.5767297,True,True
NGC 6624,-655.4,266.054912,-33.6295175,8.98521232,-4.16041177,-2.19460317,0.832077861,-0.651398677,-0.346197079,1.05672788,1.11199201,-68.1489484,-34.8712752,-179.473976,0.292133454,-8.04271469,-52.7863048,True,True
NGC 6624,-655.5,265.949401,-33.5447924,8.99110277,-4.1341481,-2.07537569,0.838988771,-0.64776839,-0.327743565,1.05995568,1.10946919,-66.9975418,-36.1238671,-181.392544,0.304896263,-8.08216337,-51.9994233,True,True
NGC 6624,-655.6,265.843485,-33.4588085,8.99689961,-4.10715945,-1.95510055,0.845781256,-0.644009444,-0.30909623,1.06305884,1.10708382,-65.8330779,-37.3872888,-183.263485,0.316524569,-8.12133415,-51.2163002,False,False
NGC 6624,-655.7,265.737206,-33.3715759,9.00260292,-4.07943989,-1.83380848,0.852453992,-0.640120744,-0.290260214,1.06603582,1.1048454,-64.6557807,-38.6612466,-185.081395,0.326922976,-8.16015571,-50.4371565,False,False
NGC 6624,-655.8,265.630606,-33.2831069,9.00821278,-4.05098363,-1.71153377,0.859005679,-0.636101231,-0.271241243,1.06888518,1.1027635,-63.4659206,-39.9453901,-186.840257,0.335985292,-8.1985478,-49.6622169,False,False
NGC 6624,-655.9,265.523732,-33.1934158,9.01372927,-4.02178504,-1.58831464,0.865435048,-0.631949884,-0.252045693,1.07160556,1.10084763,-62.2638195,-41.2393065,-188.533391,0.343593735,-8.23642051,-48.8917074,False,False
NGC 6624,-656,265.416637,-33.1025199,9.01915253,-3.99183873,-1.46419369,0.871740867,-0.627665726,-0.232680656,1.0741957,1.09910722,-61.0498564,-42.5425151,-190.153411,0.349618246,-8.27367356,-48.1258525,False,False
NGC 6624,-656.1,265.309376,-33.0104395,9.0244827,-3.96113952,-1.33921838,0.877921945,-0.623247836,-0.21315402,1.07665445,1.09755157,-59.824473,-43.8544619,-191.6922,0.353916114,-8.31019588,-47.3648705,False,False
NGC 6624,-656.2,265.202008,-32.9171979,9.02971993,-3.92968255,-1.21344146,0.883977139,-0.618695351,-0.193474538,1.07898078,1.09618973,-58.5881794,-45.1745144,-193.140904,0.356332092,-8.34586536,-46.6089685,False,False
NGC 6624,-656.3,265.094601,-32.8228222,9.03486441,-3.89746329,-1.08692146,0.889905362,-0.614007479,-0.173651906,1.08117378,1.09503047,-57.3415595,-46.5019574,-194.489972,0.35669922,-8.38054923,-45.858336,False,False
NGC 6624,-656.4,264.987225,-32.7273432,9.03991634,-3.8644776,-0.959723108,0.895705591,-0.609183503,-0.153696829,1.08323268,1.09408215,-56.085276,-47.8359889,-195.729236,0.354840665,-8.41410497,-45.1131379,False,False
NGC 6624,-656.5,264.879956,-32.630796,9.04487593,-3.83072181,-0.831917651,0.901376876,-0.604222795,-0.133621077,1.08515688,1.09335267,-54.8200746,-49.1757177,-196.848071,0.350572859,-8.44638215,-44.373506,False,False
NGC 6624,-656.6,264.772879,-32.5332198,9.04974341,-3.7961927,-0.703583104,0.906918347,-0.599124821,-0.113437521,1.08694592,1.09284926,-53.5467862,-50.520163,-197.835629,0.343710216,-8.47722541,-43.6395318,False,False
NGC 6624,-656.7,264.666081,-32.4346583,9.05451901,-3.76088765,-0.574804262,0.912329222,-0.593889154,-0.0931601376,1.08859953,1.09257849,-52.2663276,-51.8682558,-198.681173,0.334071603,-8.50647854,-42.9112587,False,False
NGC 6624,-656.8,264.559657,-32.3351596,9.05920296,-3.7248046,-0.445672504,0.917608818,-0.588515477,-0.0728039805,1.09011761,1.09254603,-50.9796991,-53.2188429,-199.374493,0.321488454,-8.53398985,-42.1886774,False,False
NGC 6624,-656.9,264.453707,-32.2347757,9.06379549,-3.68794217,-0.316285282,0.92275656,-0.583003599,-0.0523850982,1.09150028,1.09275663,-49.6879786,-54.570694,-199.906399,0.305814168,-8.55961842,-41.4717233,False,False
NGC 6624,-657,264.348333,-32.1335627,9.06829683,-3.65029965,-0.186745302,0.927771984,-0.577353456,-0.0319204053,1.09274785,1.09321397,-48.3923121,-55.9225122,-200.269237,0.286933905,-8.58324093,-40.7602793,False,False
NGC 6624,-657.1,264.243642,-32.0315796,9.07270718,-3.61187709,-0.0571593639,0.932654747,-0.571565119,-0.0114274993,1.09386085,1.09392054,-47.0939007,-57.272947,-200.45738,0.264773677,-8.60475804,-40.0541834,False,False
NGC 6624,-657.2,264.139741,-31.9288878,9.07702674,-3.57267527,0.0723630654,0.937404633,-0.565638802,0.00907556705,1.09484003,1.09487765,-45.7939836,-58.6206097,-200.46761,0.239307315,-8.62409969,-39.3532406,False,False
NGC 6624,-657.3,264.036737,-31.8255505,9.08125569,-3.53269577,0.201711484,0.942021552,-0.55957486,0.0295705454,1.09568637,1.09608533,-44.4938194,-59.9640913,-200.299343,0.210560166,-8.64122836,-38.6572391,False,False
NGC 6624,-657.4,263.934736,-31.7216313,9.08539417,-3.49194096,0.330776061,0.946505542,-0.553373792,0.0500392645,1.09640106,1.09754236,-43.194665,-61.3019798,-199.954644,0.178608773,-8.65613979,-37.9659678,False,False
NGC 6624,-657.5,263.83384,-31.6171937,9.08944233,-3.45041398,0.459449272,0.95085677,-0.547036242,0.0704638922,1.09698553,1.09924629,-41.8977565,-62.6328778,-199.438041,0.14357658,-8.66886115,-37.2792327,False,False
NGC 6624,-657.6,263.734145,-31.5123001,9.09340029,-3.40811875,0.587627359,0.955075528,-0.540562995,0.0908271704,1.0974414,1.10119353,-40.6042899,-63.9554189,-198.756167,0.10562637,-8.67944696,-36.5968707,False,False
NGC 6624,-657.7,263.635741,-31.407011,9.09726816,-3.36505996,0.715211525,0.959162227,-0.533954975,0.111112609,1.09777051,1.1033794,-39.315406,-65.2682809,-197.917291,0.064950681,-8.68797356,-35.9187582,False,False
NGC 6624,-657.8,263.538713,-31.3013847,9.10104604,-3.32124301,0.842108784,0.96311739,-0.527213236,0.131304622,1.09797491,1.10579827,-38.032178,-66.5701975,-196.930811,0.0217615696,-8.69453305,-35.2448156,False,False
NGC 6624,-657.9,263.443137,-31.1954768,9.10473405,-3.27667401,0.968232517,0.966941648,-0.520338959,0.151388626,1.09805682,1.10844364,-36.7556027,-67.8599663,-195.806762,-0.0237190748,-8.6992273,-34.5750062,False,False
NGC 6624,-658,263.349082,-31.0893401,9.10833228,-3.23135973,1.09350271,0.970635728,-0.513333446,0.171351074,1.09801864,1.1113083,-35.4865958,-69.1364548,-194.555402,-0.0712678389,-8.70216279,-33.9093321,False,False
NGC 6624,-658.1,263.256609,-30.9830243,9.11184085,-3.18530755,1.21784597,0.974200449,-0.506198109,0.191179467,1.09786294,1.11438442,-34.2259891,-70.3986041,-193.186868,-0.120666307,-8.70344641,-33.2478282,False,False
NGC 6624,-658.2,263.165772,-30.8765765,9.11525989,-3.13852542,1.34119532,0.977636707,-0.498934467,0.210862325,1.09759243,1.11766366,-32.9745307,-71.6454301,-191.710934,-0.171705749,-8.70318234,-32.5905544,False,False
NGC 6624,-658.3,263.076621,-30.7700406,9.11858951,-3.09102184,1.4634899,0.980945474,-0.491544132,0.230389143,1.09720994,1.12113729,-31.7328877,-72.876024,-190.136853,-0.224190139,-8.70147001,-31.9375882,False,False
NGC 6624,-658.4,262.989195,-30.6634581,9.12182988,-3.0428058,1.5846746,0.984127784,-0.484028809,0.249750329,1.09671846,1.12479625,-30.5016485,-74.0895512,-188.473254,-0.277937834,-8.6984028,-31.2890176,False,False
NGC 6624,-658.5,262.903531,-30.556868,9.12498115,-2.99388673,1.70469959,0.987184728,-0.476390283,0.268937141,1.09612106,1.12863128,-29.2813279,-75.2852491,-186.728109,-0.3327822,-8.69406741,-30.6449352,False,False
NGC 6624,-658.6,262.819659,-30.4503068,9.1280435,-2.94427448,1.82351989,0.990117446,-0.468630413,0.28794162,1.09542093,1.13263295,-28.0723709,-76.4624245,-184.908723,-0.388571526,-8.68854375,-30.0054328,False,False
NGC 6624,-658.7,262.737606,-30.3438092,9.13101712,-2.89397928,1.94109497,0.99292712,-0.460751125,0.306756518,1.09462133,1.13679172,-26.8751583,-77.620451,-183.021757,-0.44516844,-8.68190506,-29.3705976,False,False
NGC 6624,-658.8,262.657392,-30.2374076,9.13390221,-2.84301169,2.05738828,0.995614967,-0.452754409,0.325375239,1.09372561,1.14109805,-25.690011,-78.7587654,-181.073264,-0.502449055,-8.67421825,-28.7405092,False,False
NGC 6624,-658.9,262.579035,-30.131133,9.136699,-2.79138256,2.1723669,0.998182237,-0.444642305,0.343791775,1.09273719,1.14554238,-24.517195,-79.8768642,-179.068733,-0.560301949,-8.66554438,-28.1152374,False,False
NGC 6624,-659,262.502549,-30.0250144,9.13940772,-2.73910304,2.28600117,1.0006302,-0.436416905,0.362000653,1.09165952,1.15011521,-23.3569264,-80.9743004,-177.013132,-0.618627103,-8.65593915,-27.4948406,False,False
NGC 6624,-659.1,262.427946,-29.9190796,9.1420286,-2.68618448,2.39826438,1.00296015,-0.428080343,0.379996884,1.09049615,1.15480712,-22.2093752,-82.0506798,-174.910965,-0.677334845,-8.64545338,-26.8793651,False,False
NGC 6624,-659.2,262.355234,-29.8133548,9.1445619,-2.63263847,2.50913247,1.0051734,-0.419634789,0.397775919,1.08925062,1.15960881,-21.0746698,-83.1056574,-172.766307,-0.736344836,-8.63413354,-26.2688449,False,False
NGC 6624,-659.3,262.28442,-29.7078653,9.14700787,-2.57847678,2.61858377,1.00727126,-0.411082449,0.415333603,1.08792655,1.16451113,-19.9529007,-84.1389342,-170.582854,-0.795585133,-8.62202216,-25.6633011,False,False
NGC 6624,-659.4,262.215505,-29.602635,9.14936679,-2.52371132,2.72659873,1.00925506,-0.402425555,0.432666143,1.08652754,1.16950506,-18.8441242,-85.1502542,-168.36396,-0.854991324,-8.60915827,-25.0627429,False,False
NGC 6624,-659.5,262.148494,-29.4976866,9.15163892,-2.46835416,2.83315979,1.01112613,-0.393666365,0.449770073,1.08505726,1.17458178,-17.7483655,-86.1394005,-166.112673,-0.914505743,-8.5955778,-24.4671673,False,False
NGC 6624,-659.6,262.083385,-29.3930423,9.15382454,-2.41241747,2.93825111,1.01288579,-0.384807155,0.466642224,1.08351935,1.17973266,-16.6656223,-87.1061934,-163.831764,-0.974076767,-8.58131384,-23.8765601,False,False
NGC 6624,-659.7,262.020177,-29.288723,9.15592394,-2.35591352,3.04185843,1.0145354,-0.375850219,0.483279697,1.08191749,1.18494925,-15.5958666,-88.0504863,-161.52376,-1.03365818,-8.56639704,-23.2908967,False,False
NGC 6624,-659.8,261.958867,-29.1847488,9.1579374,-2.29885465,3.14396894,1.01607625,-0.366797865,0.499679842,1.08025535,1.19022333,-14.5390483,-88.9721642,-159.190969,-1.09320863,-8.55085578,-22.7101422,False,False
NGC 6624,-659.9,261.899452,-29.0811393,9.1598652,-2.24125328,3.24457113,1.01750969,-0.35765241,0.515840232,1.0785366,1.19554688,-13.4950971,-89.8711403,-156.835496,-1.15269109,-8.53471644,-22.134253,False,False
NGC 6624,-660,261.841926,-28.9779132,9.16170764,-2.18312185,3.34365465,1.01883701,-0.348416179,0.531758649,1.07676492,1.20091213,-12.4639244,-90.7473542,-154.459273,-1.21207245,-8.51800362,-21.5631769,False,False
NGC 6624,-660.1,261.786282,-28.8750884,9.163465,-2.12447286,3.44121023,1.02005952,-0.339091503,0.547433061,1.07494394,1.2063115,-11.4454257,-91.6007692,-152.064071,-1.27132311,-8.5007403,-20.9968543,False,False
NGC 6624,-660.2,261.732515,-28.7726823,9.16513756,-2.0653188,3.53722958,1.02117851,-0.329680713,0.562861612,1.07307732,1.21173764,-10.4394824,-92.4313708,-149.651513,-1.3304166,-8.48294796,-20.4352185,False,False
NGC 6624,-660.3,261.680616,-28.6707117,9.16672561,-2.0056722,3.63170529,1.02219526,-0.320186143,0.578042605,1.07116867,1.21718346,-9.44596294,-93.239164,-147.223096,-1.38932932,-8.4646468,-19.878197,False,False
NGC 6624,-660.4,261.630577,-28.5691929,9.16822943,-1.94554557,3.72463074,1.02311103,-0.310610124,0.592974489,1.0692216,1.22264205,-8.46472484,-94.0241723,-144.780196,-1.44804021,-8.44585577,-19.3257116,False,False
NGC 6624,-660.5,261.582389,-28.4681415,9.16964931,-1.8849514,3.81600006,1.02392707,-0.300954985,0.607655848,1.06723969,1.22810674,-7.49561577,-94.7864354,-142.324083,-1.50653053,-8.42659275,-18.7776794,False,False
NGC 6624,-660.6,261.536043,-28.3675728,9.17098552,-1.82390218,3.90580806,1.02464461,-0.29122305,0.622085393,1.06522647,1.23357111,-6.53847485,-95.526008,-139.855929,-1.56478364,-8.40687459,-18.2340136,False,False
NGC 6624,-660.7,261.491528,-28.2675015,9.17223833,-1.76241036,3.99405014,1.02526487,-0.281416635,0.636261947,1.06318548,1.23902891,-5.59313374,-96.2429581,-137.376818,-1.62278477,-8.38671722,-17.6946234,False,False
NGC 6624,-660.8,261.448834,-28.1679419,9.17340802,-1.70048836,4.08072227,1.02578904,-0.271538049,0.650184442,1.06112019,1.24447414,-4.65941772,-96.937366,-134.887753,-1.68052088,-8.36613572,-17.1594152,False,False
NGC 6624,-660.9,261.407951,-28.0689078,9.17449485,-1.63814857,4.16582094,1.02621831,-0.261589595,0.663851908,1.05903405,1.24990099,-3.73714656,-97.6093226,-132.389663,-1.73798049,-8.34514438,-16.6282928,False,False
NGC 6624,-661,261.368867,-27.9704126,9.17549908,-1.57540331,4.24934308,1.02655383,-0.251573563,0.677263467,1.05693047,1.25530388,-2.8261354,-98.2589286,-129.88341,-1.79515351,-8.32375677,-16.101158,False,False
NGC 6624,-661.1,261.331572,-27.8724695,9.17642097,-1.51226488,4.33128609,1.02679675,-0.241492233,0.690418326,1.05481281,1.26067741,-1.92619546,-98.8862936,-127.369793,-1.85203117,-8.30198575,-15.5779108,False,False
NGC 6624,-661.2,261.296053,-27.7750912,9.17726077,-1.44874549,4.41164772,1.02694819,-0.231347874,0.703315769,1.05268439,1.26601639,-1.03713478,-99.4915344,-124.849555,-1.90860582,-8.27984359,-15.05845,False,False
NGC 6624,-661.3,261.2623,-27.6782899,9.17801873,-1.38485734,4.49042609,1.02700925,-0.221142743,0.715955155,1.05054848,1.27131581,-0.158758807,-100.074775,-122.323386,-1.96487093,-8.25734193,-14.5426734,False,False
NGC 6624,-661.4,261.2303,-27.5820778,9.17869508,-1.32061251,4.56761966,1.02698102,-0.210879082,0.728335912,1.04840832,1.27657088,0.709129006,-100.636145,-119.791929,-2.02082088,-8.23449187,-14.0304784,False,False
NGC 6624,-661.5,261.200043,-27.4864665,9.17929007,-1.25602306,4.64322717,1.02686455,-0.200559122,0.740457528,1.04626707,1.28177694,1.56672673,-101.17578,-117.255781,-2.07645099,-8.211304,-13.521762,False,False
NGC 6624,-661.6,261.171515,-27.3914675,9.17980393,-1.19110097,4.71724764,1.0266609,-0.190185078,0.752319554,1.04412785,1.28692955,2.41423348,-101.693818,-114.715499,-2.13175734,-8.18778841,-13.0164211,False,False
NGC 6624,-661.7,261.144705,-27.2970917,9.18023688,-1.12585815,4.78968035,1.02637108,-0.179759152,0.763921592,1.04199373,1.29202444,3.251849,-102.190403,-112.171601,-2.18673677,-8.16395472,-12.514353,False,False
NGC 6624,-661.8,261.119601,-27.2033502,9.18058914,-1.06030643,4.86052479,1.02599609,-0.169283531,0.775263299,1.03986773,1.29705747,4.0797733,-102.665682,-109.62457,-2.24138679,-8.13981212,-12.0154554,False,False
NGC 6624,-661.9,261.096191,-27.1102534,9.18086093,-0.994457588,4.92978065,1.02553691,-0.158760385,0.786344377,1.03775278,1.30202469,4.89820631,-103.119804,-107.074857,-2.29570553,-8.11536939,-11.5196266,False,False
NGC 6624,-662,261.074463,-27.0178117,9.18105246,-0.928323309,4.99744783,1.02499452,-0.148191871,0.797164574,1.03565177,1.30692232,5.70734762,-103.552919,-104.522881,-2.34969168,-8.09063489,-11.0267657,False,False
NGC 6624,-662.1,261.054405,-26.9260351,9.18116393,-0.861915215,5.06352639,1.02436983,-0.13758013,0.807723678,1.03356753,1.31174669,6.50739614,-103.965181,-101.969035,-2.40334442,-8.06561665,-10.536773,False,False
NGC 6624,-662.2,261.036005,-26.8349336,9.18119554,-0.795244851,5.12801655,1.02366378,-0.126927286,0.818021517,1.03150282,1.31649431,7.29854992,-104.356743,-99.4136827,-2.45666344,-8.04032229,-10.0495497,False,False
NGC 6624,-662.3,261.019251,-26.7445166,9.18114748,-0.728323686,5.19091865,1.02287726,-0.116235448,0.828057955,1.02946033,1.32116182,8.08100593,-104.727762,-96.8571659,-2.50964884,-8.01475913,-9.56499841,False,False
NGC 6624,-662.4,261.004131,-26.6547937,9.18101996,-0.661163113,5.25223317,1.02201116,-0.10550671,0.837832888,1.02744269,1.32574599,8.85495986,-105.078392,-94.2998019,-2.56230111,-7.98893414,-9.08302312,False,False
NGC 6624,-662.5,260.990634,-26.5657741,9.18081314,-0.593774451,5.3119607,1.02106633,-0.0947431478,0.847346247,1.02545245,1.33024373,9.62060594,-105.408789,-91.7418869,-2.6146211,-7.96285399,-8.60352927,False,False
NGC 6624,-662.6,260.978747,-26.4774668,9.18052721,-0.526168942,5.37010194,1.02004362,-0.083946824,0.856597988,1.02349208,1.33465207,10.3781368,-105.719108,-89.1836969,-2.66661,-7.93652504,-8.12642388,False,False
NGC 6624,-662.7,260.96846,-26.3898805,9.18016234,-0.458357754,5.42665767,1.01894383,-0.0731197834,0.865588097,1.02156401,1.33896818,11.1277434,-106.009505,-86.6254894,-2.7182693,-7.90995337,-7.65161561,False,False
NGC 6624,-662.8,260.95976,-26.303024,9.17971871,-0.390351978,5.48162874,1.01776778,-0.0622640557,0.874316584,1.01967057,1.34318932,11.8696149,-106.280135,-84.0675039,-2.76960075,-7.88314478,-7.17901485,False,False
NGC 6624,-662.9,260.952637,-26.2169059,9.17919648,-0.322162635,5.53501607,1.01651625,-0.0513816547,0.882783484,1.01781401,1.3473129,12.6039383,-106.53115,-81.5099635,-2.82060636,-7.8561048,-6.70853377,False,False
NGC 6624,-663,260.947079,-26.1315343,9.17859581,-0.253800668,5.58682066,1.01518999,-0.0404745786,0.890988852,1.01599651,1.35133639,13.3308989,-106.762703,-78.9530758,-2.87128839,-7.82883871,-6.24008634,False,False
NGC 6624,-663.1,260.943075,-26.0469175,9.17791686,-0.18527695,5.63704355,1.01378976,-0.02954481,0.898932767,1.01422018,1.35525743,14.0506797,-106.974945,-76.3970336,-2.92164927,-7.80135153,-5.77358843,False,False
NGC 6624,-663.2,260.940614,-25.9630635,9.17715979,-0.116602281,5.6856858,1.01231627,-0.0185943163,0.906615322,1.01248703,1.3590737,14.7634617,-107.168025,-73.8420163,-2.97169165,-7.77364806,-5.30895777,False,False
NGC 6624,-663.3,260.939685,-25.8799802,9.17632473,-0.0477873892,5.73274855,1.01077024,-0.0076250495,0.914036633,1.010799,1.36278303,15.4694236,-107.342092,-71.28819,-3.02141834,-7.74573286,-4.84611404,False,False
NGC 6624,-663.4,260.940278,-25.7976754,9.17541184,0.0211570655,5.77823293,1.00915235,0.00336105321,0.921196828,1.00915794,1.36638331,16.1687419,-107.497291,-68.7357088,-3.07083231,-7.71761027,-4.38497884,False,False
NGC 6624,-663.5,260.942381,-25.7161567,9.17442127,0.0902204931,5.8221401,1.00746327,0.0143620696,0.928096053,1.00756563,1.36987254,16.861591,-107.633766,-66.1847153,-3.11993669,-7.68928439,-3.92547577,False,False
NGC 6624,-663.6,260.945985,-25.6354317,9.17335314,0.159392371,5.86447126,1.00570365,0.025376092,0.934734466,1.00602375,1.37324881,17.5481427,-107.751658,-63.6353414,-3.1687347,-7.66075914,-3.46753038,False,False
NGC 6624,-663.7,260.951079,-25.5555077,9.1722076,0.228662242,5.90522758,1.00387413,0.0364012272,0.94111224,1.00453389,1.37651029,18.2285668,-107.851108,-61.0877084,-3.21722972,-7.63203823,-3.01107019,False,False
NGC 6624,-663.8,260.957654,-25.4763921,9.17098478,0.298019716,5.94441026,1.00197534,0.047435596,0.947229558,1.00309756,1.37965523,18.9030307,-107.932252,-58.5419285,-3.2654252,-7.60312516,-2.55602473,False,False
NGC 6624,-663.9,260.965698,-25.3980919,9.1696848,0.367454465,5.9820205,1.00000786,0.0584773331,0.953086615,1.00171619,1.38268196,19.5716994,-107.995225,-55.9981042,-3.31332472,-7.57402325,-2.10232552,False,False
NGC 6624,-664,260.975202,-25.3206145,9.16830781,0.436956223,6.01805947,0.997972286,0.0695245871,0.958683616,1.0003911,1.38558891,20.2347356,-108.040159,-53.4563299,-3.36093191,-7.54473563,-1.64990602,False,False
NGC 6624,-664.1,260.986157,-25.2439667,9.16685391,0.506514787,6.05252836,0.995869184,0.0805755196,0.964020775,0.999123539,1.38837455,20.8922999,-108.067184,-50.9166916,-3.40825049,-7.51526525,-1.19870172,False,False
NGC 6624,-664.2,260.998553,-25.1681554,9.16532324,0.576120009,6.08542832,0.993699106,0.0916283055,0.969098315,0.997914655,1.39103746,21.5445505,-108.076425,-48.3792676,-3.45528426,-7.48561488,-0.748650027,False,False
NGC 6624,-664.3,261.012382,-25.0931876,9.16371591,0.645761804,6.11676048,0.991462585,0.102681133,0.973916466,0.996765506,1.39357625,22.1916432,-108.068008,-45.844129,-3.50203706,-7.45578712,-0.299690338,False,False
NGC 6624,-664.4,261.027632,-25.01907,9.16203204,0.715430138,6.14652597,0.989160143,0.113732201,0.978475465,0.995677058,1.39598963,22.8337316,-108.042052,-43.31134,-3.54851277,-7.4257844,0.148236017,False,False
NGC 6624,-664.5,261.044297,-24.9458094,9.16027175,0.785115034,6.17472587,0.986792284,0.124779723,0.982775555,0.994650185,1.39827636,23.4709672,-107.998677,-40.7809583,-3.59471536,-7.39560899,0.59518578,False,False
NGC 6624,-664.6,261.062366,-24.8734122,9.15843516,0.854806567,6.20136124,0.984359495,0.135821923,0.986816986,0.99368567,1.40043528,24.1034993,-107.937996,-38.2530354,-3.64064878,-7.36526299,1.04121378,False,False
NGC 6624,-664.7,261.081831,-24.8018852,9.15652237,0.924494863,6.22643309,0.981862251,0.146857037,0.99060001,0.9927842,1.40246528,24.7314747,-107.860122,-35.727617,-3.68631706,-7.33474837,1.48637293,False,False
NGC 6624,-664.8,261.102684,-24.7312349,9.15453351,0.994170098,6.24994241,0.979301009,0.157883312,0.994124886,0.991946373,1.4043653,25.3550384,-107.765163,-33.2047434,-3.73172423,-7.30406692,1.9307143,False,False
NGC 6624,-664.9,261.124917,-24.6614677,9.15246867,1.06382249,6.27189015,0.976676215,0.168899007,0.997391877,0.991172691,1.40613437,25.9743332,-107.653226,-30.6844494,-3.77687434,-7.27322029,2.37428707,False,False
NGC 6624,-665,261.14852,-24.5925901,9.15032797,1.13344232,6.29227719,0.973988297,0.17990239,1.00040125,0.990463564,1.40777155,26.5894996,-107.524412,-28.1667652,-3.82177147,-7.24220999,2.8171386,False,False
NGC 6624,-665.1,261.173487,-24.5246084,9.14811153,1.20301988,6.3111044,0.97123767,0.19089174,1.00315326,0.989819311,1.40927596,27.2006764,-107.378821,-25.6517161,-3.8664197,-7.21103739,3.2593144,False,False
NGC 6624,-665.2,261.199809,-24.457529,9.14581944,1.27254553,6.32837256,0.968424736,0.201865346,1.0056482,0.989240156,1.4106468,27.8080001,-107.216548,-23.1393232,-3.91082311,-7.1797037,3.70085821,False,False
NGC 6624,-665.3,261.227479,-24.3913582,9.14345182,1.34200967,6.34408245,0.965549881,0.212821508,1.00788633,0.988726234,1.41188329,28.4116053,-107.037686,-20.6296033,-3.9549858,-7.14821001,4.14181198,False,False
NGC 6624,-665.4,261.25649,-24.3261024,9.14100877,1.41140273,6.35823474,0.962613479,0.223758533,1.00986792,0.988277588,1.41298472,29.0116247,-106.842324,-18.1225694,-3.99891185,-7.11655729,4.58221592,False,False
NGC 6624,-665.5,261.286833,-24.2617677,9.13849041,1.48071517,6.37083008,0.95961589,0.234674737,1.01159326,0.987894169,1.41395043,29.6081891,-106.630548,-15.6182308,-4.04260536,-7.08474634,5.02210847,False,False
NGC 6624,-665.6,261.318502,-24.1983604,9.13589683,1.54993749,6.38186905,0.956557461,0.245568448,1.01306261,0.98757584,1.4147798,30.2014274,-106.402439,-13.1165933,-4.08607038,-7.05277786,5.46152638,False,False
NGC 6624,-665.7,261.35149,-24.1358868,9.13322815,1.61906022,6.39135217,0.953438526,0.256437997,1.01427625,0.987322373,1.41547228,30.7914668,-106.158077,-10.6176596,-4.12931097,-7.02065243,5.90050471,False,False
NGC 6624,-665.8,261.38579,-24.074353,9.13048448,1.68807393,6.39927991,0.950259405,0.267281727,1.01523446,0.987133455,1.41602735,31.3784325,-105.897537,-8.12142916,-4.17233119,-6.98837048,6.33907685,False,False
NGC 6624,-665.9,261.421395,-24.0137653,9.12766592,1.75696921,6.40565265,0.947020406,0.278097988,1.01593752,0.987008683,1.41644456,31.9624482,-105.620891,-5.6278988,-4.21513506,-6.95593233,6.77727453,False,False
NGC 6624,-666,261.458299,-23.9541299,9.12477259,1.82573666,6.41047072,0.943721824,0.288885135,1.0163857,0.986947568,1.41672347,32.5436358,-105.328206,-3.13706261,-4.25772657,-6.92333819,7.21512787,False,False
NGC 6624,-666.1,261.496495,-23.8954529,9.12180459,1.89436693,6.41373438,0.940363943,0.299641531,1.01657927,0.986949539,1.41686372,33.1221155,-105.019547,-0.648912285,-4.3001097,-6.89058815,7.65266535,False,False
NGC 6624,-666.2,261.535978,-23.8377405,9.11876203,1.96285068,6.41544384,0.936947034,0.310365546,1.01651852,0.98701394,1.41686499,33.6980061,-104.694976,1.83656275,-4.34228839,-6.85768216,8.08991391,False,False
NGC 6624,-666.3,261.576741,-23.780999,9.11564503,2.03117858,6.4155992,0.933471356,0.321055556,1.01620371,0.987140031,1.41672701,34.2714246,-104.354549,4.31937514,-4.38426656,-6.8246201,8.52689889,False,False
NGC 6624,-666.4,261.618779,-23.7252345,9.1124537,2.09934133,6.41420051,0.929937154,0.331709941,1.01563511,0.987326995,1.41644953,34.8424867,-103.99832,6.79953939,-4.42604809,-6.79140169,8.96364409,False,False
NGC 6624,-666.5,261.662085,-23.6704533,9.10918816,2.16732964,6.41124776,0.926344665,0.342327088,1.014813,0.987573933,1.41603238,35.4113065,-103.626338,9.27707173,-4.46763683,-6.75802659,9.40017178,False,False
NGC 6624,-666.6,261.706655,-23.6166617,9.10584851,2.23513422,6.40674085,0.922694112,0.352905389,1.01373765,0.98787987,1.41547542,35.9779966,-103.238651,11.7519899,-4.50903656,-6.72449431,9.83650274,False,False
NGC 6624,-666.7,261.752482,-23.5638658,9.10243489,2.30274581,6.4006796,0.918985707,0.363443239,1.01240931,0.988243754,1.41477854,36.5426685,-102.8353,14.2243129,-4.55025106,-6.69080428,10.2726562,False,False
NGC 6624,-666.8,261.799562,-23.5120719,9.09894741,2.37015515,6.39306377,0.915219651,0.373939038,1.01082826,0.988664459,1.41394172,37.105432,-102.416325,16.6940611,-4.59128403,-6.65695582,10.7086501,False,False
NGC 6624,-666.9,261.847889,-23.4612864,9.09538619,2.43735298,6.38389303,0.911396133,0.384391192,1.00899475,0.989140788,1.41296494,37.666396,-101.981759,19.1612556,-4.63213913,-6.62294815,11.1445006,False,False
NGC 6624,-667,261.897459,-23.4115155,9.09175136,2.50433004,6.37316698,0.907515332,0.394798105,1.00690905,0.989671472,1.41184824,38.2256679,-101.531635,21.6259184,-4.67281999,-6.58878039,11.5802227,False,False
NGC 6624,-667.1,261.948267,-23.3627657,9.08804304,2.57107709,6.36088513,0.903577416,0.40515819,1.00457142,0.990255172,1.41059174,38.7833538,-101.065979,24.0880722,-4.71333015,-6.55445156,12.0158298,False,False
NGC 6624,-667.2,262.000307,-23.3150433,9.08426136,2.63758485,6.34704694,0.899582541,0.415469858,1.00198211,0.990890484,1.40919555,39.3395589,-100.584814,26.54774,-4.75367312,-6.51996057,12.4513341,False,False
NGC 6624,-667.3,262.053576,-23.2683547,9.08040646,2.70384408,6.33165175,0.895530854,0.425731524,0.999141365,0.991575938,1.40765987,39.8943871,-100.088161,29.004945,-4.79385234,-6.48530627,12.8867461,False,False
NGC 6624,-667.4,262.10807,-23.2227065,9.07647847,2.7698455,6.31469886,0.891422489,0.435941606,0.996049448,0.992310001,1.40598494,40.4479412,-99.5760348,31.4597105,-4.83387117,-6.45048739,13.3220752,False,False
NGC 6624,-667.5,262.163783,-23.1781051,9.07247753,2.83557984,6.29618745,0.887257573,0.446098522,0.992706602,0.99309108,1.40417103,41.0003232,-99.0484469,33.9120597,-4.87373293,-6.41550257,13.7573292,False,False
NGC 6624,-667.6,262.220713,-23.134557,9.06840377,2.90103779,6.27611666,0.88303622,0.45620069,0.989113074,0.993917519,1.4022185,41.5516339,-98.5054052,36.3620153,-4.91344086,-6.38035039,14.1925147,False,False
NGC 6624,-667.7,262.278854,-23.092069,9.06425735,2.96621007,6.25448553,0.878758534,0.46624653,0.985269108,0.99478761,1.40012771,42.1019731,-97.9469134,38.8095994,-4.95299811,-6.34502931,14.6276368,False,False
NGC 6624,-667.8,262.338204,-23.0506476,9.0600384,3.03108733,6.23129302,0.87442461,0.476234463,0.981174945,0.995699584,1.39789911,42.6514397,-97.3729715,41.2548332,-4.99240777,-6.30953772,15.0626993,False,False
NGC 6624,-667.9,262.398758,-23.0102995,9.05574709,3.09566024,6.20653801,0.870034531,0.486162908,0.976830824,0.996651624,1.3955332,43.2001319,-96.7835751,43.6977372,-5.03167283,-6.27387395,15.4977048,False,False
NGC 6624,-668,262.460513,-22.9710315,9.05138356,3.15991943,6.18021931,0.865588373,0.496030284,0.972236982,0.997641856,1.39303052,43.7481469,-96.1787161,46.13833,-5.07079622,-6.23803621,15.9326543,False,False
NGC 6624,-668.1,262.523465,-22.9328505,9.04694798,3.2238555,6.15233564,0.861086199,0.505835009,0.967393656,0.998668362,1.39039167,44.2955811,-95.5583823,48.5766293,-5.10978075,-6.20202267,16.3675476,False,False
NGC 6624,-668.2,262.587612,-22.8957632,9.04244051,3.28745903,6.12288566,0.856528063,0.5155755,0.962301078,0.999729173,1.3876173,44.8425301,-94.9225573,51.0126504,-5.14862915,-6.1658314,16.8023834,False,False
NGC 6624,-668.3,262.652949,-22.8597767,9.03786131,3.35072056,6.09186793,0.851914012,0.525250171,0.956959481,1.00082227,1.38470816,45.389089,-94.2712208,53.4464068,-5.18734404,-6.12946043,17.2371585,False,False
NGC 6624,-668.4,262.719475,-22.824898,9.03321055,3.41363061,6.05928096,0.847244079,0.534857435,0.951369097,1.00194561,1.381665,45.9353518,-93.6043485,55.8779095,-5.22592795,-6.0929077,17.671869,False,False
NGC 6624,-668.5,262.787186,-22.791134,9.02848842,3.47617964,6.02512316,0.84251829,0.544395702,0.945530155,1.00309708,1.37848867,46.4814121,-92.9219119,58.3071666,-5.26438327,-6.05617109,18.1065093,False,False
NGC 6624,-668.6,262.856078,-22.758492,9.0236951,3.5383581,5.98939288,0.837736661,0.553863378,0.939442884,1.00427454,1.37518009,47.0273629,-92.2238783,60.7341833,-5.30271229,-6.01924843,18.5410725,False,False
NGC 6624,-668.7,262.926151,-22.7269792,9.01883076,3.60015635,5.9520884,0.832899199,0.563258865,0.933107514,1.00547582,1.37174023,47.5732964,-91.5102112,63.1589613,-5.34091718,-5.98213748,18.9755505,False,False
NGC 6624,-668.8,262.997399,-22.6966028,9.0138956,3.66156476,5.91320794,0.828005901,0.572580564,0.926524273,1.0066987,1.36817013,48.1193044,-90.7808698,65.5814985,-5.37899996,-5.94483597,19.4099337,False,False
NGC 6624,-668.9,263.069823,-22.6673703,9.00888981,3.72257361,5.87274963,0.823056754,0.581826869,0.919693391,1.00794093,1.36447091,48.6654779,-90.0358092,68.0017884,-5.41696252,-5.90734156,19.8442113,False,False
NGC 6624,-669,263.143418,-22.6392889,9.00381361,3.78317314,5.83071155,0.818051737,0.59099617,0.912615097,1.00920024,1.36064376,49.2119077,-89.2749808,70.4198199,-5.4548066,-5.86965188,20.2783709,False,False
NGC 6624,-669.1,263.218182,-22.6123663,8.99866719,3.84335354,5.78709173,0.812990819,0.600086851,0.905289625,1.0104743,1.35668994,49.7586837,-88.4983313,72.8355769,-5.49253377,-5.83176453,20.7123991,False,False
NGC 6624,-669.2,263.294114,-22.5866101,8.99345076,3.90310494,5.74188812,0.80787396,0.609097292,0.897717208,1.01176077,1.35261082,50.3058957,-87.7058039,75.2490373,-5.53014547,-5.79367707,21.1462807,False,False
NGC 6624,-669.3,263.371211,-22.5620277,8.98816455,3.96241739,5.69509863,0.802701111,0.618025866,0.889898082,1.01305728,1.34840782,50.8536327,-86.8973374,77.660173,-5.56764291,-5.75538703,21.5799994,False,False
NGC 6624,-669.4,263.449471,-22.5386272,8.98280878,4.0212809,5.64672111,0.797472213,0.626870939,0.881832487,1.01436143,1.34408245,51.4019833,-86.0728669,80.0689489,-5.60502716,-5.71689195,22.0135374,False,False
NGC 6624,-669.5,263.528892,-22.5164161,8.97738368,4.07968541,5.59675337,0.7921872,0.635630872,0.873520666,1.0156708,1.33963634,51.9510359,-85.2323233,82.4753227,-5.64229905,-5.67818934,22.4468753,False,False
NGC 6624,-669.6,263.609472,-22.4954025,8.97188949,4.13762076,5.54519318,0.786845995,0.644304016,0.864962868,1.01698293,1.33507118,52.5008781,-84.3756337,84.8792437,-5.67945922,-5.63927672,22.8799923,False,False
NGC 6624,-669.7,263.691209,-22.4755943,8.96632645,4.19507676,5.49203826,0.781448513,0.652888717,0.856159346,1.01829537,1.33038877,53.0515973,-83.5027212,87.2806523,-5.71650807,-5.60015161,23.3128662,False,False
NGC 6624,-669.8,263.774101,-22.4569996,8.96069482,4.2520431,5.43728631,0.775994659,0.66138331,0.847110361,1.01960561,1.32559102,53.6032803,-82.6135052,89.6794793,-5.75344577,-5.56081156,23.7454733,False,False
NGC 6624,-669.9,263.858147,-22.4396264,8.95499485,4.30850941,5.380935,0.770484332,0.669786126,0.837816179,1.02091114,1.32067994,54.1560134,-81.7079012,92.0756451,-5.79027219,-5.52125415,24.1777882,False,False
NGC 6624,-670,263.943345,-22.4234831,8.94922681,4.36446525,5.32298199,0.764917418,0.678095482,0.828277078,1.02220944,1.31565765,54.7098827,-80.7858212,94.469058,-5.82698697,-5.481477,24.6097839,False,False
NGC 6624,-670.1,264.029692,-22.4085779,8.94339097,4.41990006,5.26342492,0.759293798,0.686309689,0.818493345,1.02349795,1.31052639,55.2649735,-79.8471736,96.8596141,-5.86358942,-5.44147779,25.0414318,False,False
NGC 6624,-670.2,264.117189,-22.3949191,8.93748762,4.47480321,5.20226144,0.753613341,0.694427049,0.808465278,1.02477412,1.30528851,55.8213708,-78.8918633,99.2471955,-5.90007853,-5.40125429,25.4727016,False,False
NGC 6624,-670.3,264.205831,-22.3825153,8.93151703,4.52916398,5.13948919,0.747875911,0.702445851,0.798193188,1.02603536,1.29994651,56.3791589,-77.919792,101.63167,-5.93645294,-5.36080434,25.9035613,False,False
NGC 6624,-670.4,264.295619,-22.3713749,8.92547952,4.58297155,5.07510586,0.742081361,0.710364378,0.787677401,1.02727907,1.29450299,56.9384217,-76.930858,104.012887,-5.97271093,-5.32012589,26.3339771,False,False
NGC 6624,-670.5,264.38655,-22.3615064,8.91937538,4.636215,5.00910913,0.736229535,0.718180898,0.776918256,1.02850266,1.28896071,57.4992422,-75.9249568,106.390681,-6.00885036,-5.27921703,26.7639134,False,False
NGC 6624,-670.6,264.478622,-22.3529186,8.91320494,4.6888833,4.94149674,0.73032027,0.725893671,0.765916115,1.02970351,1.28332257,58.061703,-74.9019811,108.764864,-6.04486866,-5.23807601,27.1933326,False,False
NGC 6624,-670.7,264.571835,-22.34562,8.90696851,4.74096533,4.8722665,0.724353394,0.733500946,0.754671356,1.03087898,1.27759161,58.6258857,-73.8618209,111.13523,-6.08076279,-5.19670123,27.622195,False,False
NGC 6624,-670.8,264.666185,-22.3396195,8.90066642,4.79244985,4.80141625,0.718328727,0.741000958,0.743184382,1.03202644,1.27177105,59.1918712,-72.804364,113.501546,-6.1165292,-5.15509133,28.0504593,False,False
NGC 6624,-670.9,264.761671,-22.3349259,8.89429902,4.84332551,4.72894395,0.712246081,0.748391934,0.73145562,1.03314325,1.26586425,59.7597395,-71.729496,115.863556,-6.15216379,-5.11324516,28.4780816,False,False
NGC 6624,-671,264.858292,-22.3315479,8.88786667,4.89358086,4.65484765,0.706105258,0.755672086,0.719485525,1.03422673,1.25987474,60.3295694,-70.6371009,118.220976,-6.18766185,-5.07116187,28.9050161,False,False
NGC 6624,-671.1,264.956045,-22.3294945,8.88136972,4.94320434,4.57912552,0.699906054,0.762839617,0.707274582,1.03527425,1.25380624,60.9014386,-69.5270612,120.57349,-6.22301802,-5.02884089,29.3312145,False,False
NGC 6624,-671.2,265.054928,-22.3287744,8.87480855,4.99218424,4.50177588,0.693648257,0.769892715,0.694823309,1.03628312,1.24766267,61.4754236,-68.3992587,122.92075,-6.25822623,-4.98628202,29.7566264,False,False
NGC 6624,-671.3,265.154938,-22.3293967,8.86818354,5.04050876,4.42279721,0.687331647,0.776829558,0.682132265,1.03725067,1.2414481,62.0515993,-67.2535744,125.26237,-6.29327962,-4.94348546,30.1811985,False,False
NGC 6624,-671.4,265.256074,-22.3313702,8.86149509,5.08816597,4.3421882,0.680955995,0.783648311,0.669202046,1.03817424,1.23516684,62.6300391,-66.0898894,127.597924,-6.32817051,-4.90045186,30.6048753,False,False
NGC 6624,-671.5,265.358332,-22.3347037,8.8547436,5.13514382,4.25994774,0.674521067,0.790347127,0.656033298,1.03905113,1.2288234,63.2108143,-64.9080854,129.926942,-6.36289025,-4.85718239,31.0275985,False,False
NGC 6624,-671.6,265.46171,-22.3394062,8.84792949,5.18143015,4.17607498,0.668026619,0.796924147,0.642626714,1.03987868,1.22242249,63.7939943,-63.7080453,132.248905,-6.39742921,-4.81367878,31.4493068,False,False
NGC 6624,-671.7,265.566205,-22.3454864,8.8410532,5.22701265,4.09056938,0.661472403,0.8033775,0.628983045,1.04065419,1.21596909,64.3796463,-62.4896539,134.563239,-6.43177661,-4.76994343,31.8699363,False,False
NGC 6624,-671.8,265.671813,-22.3529531,8.83411515,5.27187891,4.0034307,0.654858163,0.809705303,0.615103103,1.041375,1.20946836,64.9678345,-61.2527988,136.869313,-6.46592045,-4.72597945,32.2894197,False,False
NGC 6624,-671.9,265.778529,-22.3618149,8.82711582,5.31601639,3.91465909,0.648183636,0.815905663,0.600987768,1.04203842,1.20292576,65.5586203,-59.997371,139.166427,-6.49984738,-4.68179081,32.7076868,False,False
NGC 6624,-672,265.886352,-22.3720803,8.82005567,5.35941241,3.82425511,0.641448553,0.821976675,0.586637995,1.04264179,1.19634696,66.1520619,-58.7232662,141.45381,-6.53354254,-4.63738236,33.1246641,False,False
NGC 6624,-672.1,265.995275,-22.3837578,8.81293518,5.40205421,3.7322198,0.63465264,0.827916423,0.572054822,1.04318243,1.18973791,66.7482136,-57.430386,143.730611,-6.56698941,-4.59276005,33.5402744,False,False
NGC 6624,-672.2,266.105293,-22.3968556,8.80575485,5.44392886,3.63855472,0.627795617,0.833722982,0.557239379,1.04365768,1.18310484,67.3471255,-56.1186385,145.995888,-6.60016966,-4.54793094,33.9544374,False,False
NGC 6624,-672.3,266.216402,-22.4113816,8.79851519,5.48502337,3.54326202,0.620877199,0.83939442,0.542192896,1.04406489,1.17645426,67.948843,-54.7879404,148.248602,-6.63306291,-4.50290345,34.367069,False,False
NGC 6624,-672.4,266.328595,-22.4273437,8.79121673,5.52532458,3.44634455,0.613897098,0.844928793,0.526916717,1.04440141,1.16979295,68.5534062,-53.4382179,150.487601,-6.66564651,-4.45768747,34.7780812,False,False
NGC 6624,-672.5,266.441865,-22.4447493,8.78386001,5.56481928,3.34780587,0.606855021,0.850324152,0.511412307,1.04466463,1.16312799,69.1608492,-52.0694088,152.711613,-6.69789531,-4.41229453,35.1873826,False,False
NGC 6624,-672.6,266.556204,-22.4636056,8.77644558,5.60349411,3.24765039,0.599750671,0.855578544,0.495681271,1.04485191,1.15646679,69.7711995,-50.6814643,154.919227,-6.72978135,-4.36673806,35.5948777,False,False
NGC 6624,-672.7,266.671605,-22.4839192,8.76897403,5.64133565,3.14588349,0.59258375,0.860690009,0.479725364,1.04496067,1.14981704,70.3844772,-49.2743506,157.108879,-6.76127353,-4.32103357,36.0004673,False,False
NGC 6624,-672.8,266.788058,-22.5056966,8.76144594,5.67833038,3.04251156,0.585353958,0.865656585,0.46354651,1.04498832,1.14318675,71.0006941,-47.8480519,159.278836,-6.79233727,-4.27519892,36.4040486,False,False
NGC 6624,-672.9,266.905552,-22.5289433,8.75386192,5.7144647,2.9375422,0.578060995,0.870476312,0.44714682,1.04493231,1.13658427,71.6198527,-46.4025721,161.427172,-6.82293404,-4.22925464,36.8055151,False,False
NGC 6624,-673,267.024077,-22.5536647,8.7462226,5.74972496,2.83098431,0.570704559,0.875147227,0.430528613,1.04479011,1.13001825,72.241945,-44.9379382,163.551748,-6.85302093,-4.18322424,37.204757,False,False
NGC 6624,-673.1,267.143618,-22.5798651,8.73852862,5.78409744,2.7228483,0.563284352,0.879667376,0.413694438,1.04455921,1.12349768,72.8669518,-43.4542031,165.650185,-6.88255011,-4.13713456,37.6016617,False,False
NGC 6624,-673.2,267.264162,-22.6075481,8.73078064,5.81756841,2.61314621,0.555800077,0.884034807,0.396647101,1.04423717,1.11703187,73.4948408,-41.9514486,167.719837,-6.91146822,-4.09101621,37.9961138,False,False
NGC 6624,-673.3,267.385693,-22.6367166,8.72297934,5.8501241,2.50189195,0.548251442,0.888247583,0.379389696,1.04382154,1.11063043,74.1255656,-40.4297896,169.757755,-6.93971569,-4.04490403,38.3879967,False,False
NGC 6624,-673.4,267.508193,-22.6673721,8.71512542,5.88175075,2.38910152,0.540638159,0.892303776,0.361925631,1.04330995,1.10430331,74.759064,-38.8893775,171.760654,-6.967226,-3.99883757,38.7771928,False,False
NGC 6624,-673.5,267.631641,-22.6995153,8.70721961,5.91243463,2.27479324,0.532959949,0.896201478,0.344258672,1.04270005,1.09806076,75.3952564,-37.330405,173.724876,-6.99392482,-3.95286166,39.1635854,False,False
NGC 6624,-673.6,267.756016,-22.7331452,8.69926263,5.94216206,2.15898806,0.525216542,0.899938803,0.326392979,1.04198957,1.09191329,76.0340438,-35.7531103,175.646339,-7.01972915,-3.90702704,39.5470598,False,False
NGC 6624,-673.7,267.881293,-22.7682597,8.69125523,5.97091944,2.04170983,0.517407677,0.903513891,0.308333154,1.04117628,1.08587172,76.6753061,-34.1577825,177.5205,-7.04454628,-3.86139099,39.9275064,False,False
NGC 6624,-673.8,268.007442,-22.8048546,8.68319819,5.99869328,1.9229857,0.509533108,0.906924916,0.290084289,1.04025804,1.07994708,77.3189,-32.5447666,179.342299,-7.0682728,-3.81601801,40.3048229,False,False
NGC 6624,-673.9,268.134434,-22.8429241,8.6750923,6.02547024,1.80284647,0.501592607,0.910170088,0.27165202,1.03923276,1.07415062,77.9646567,-30.9144693,181.106117,-7.09079351,-3.77098051,40.6789179,False,False
NGC 6624,-674,268.262234,-22.8824599,8.66693835,6.05123717,1.681327,0.493585961,0.913247663,0.253042592,1.03809845,1.06849378,78.6123797,-29.2673651,182.805722,-7.11198041,-3.72635951,41.0497156,False,False
NGC 6624,-674.1,268.390801,-22.9234517,8.65873717,6.07598116,1.55846668,0.48551298,0.916155951,0.234262916,1.03685321,1.0629881,79.2618428,-27.6040022,184.434234,-7.13169185,-3.68224522,41.417161,False,False
NGC 6624,-674.2,268.520093,-22.9658862,8.65048957,6.09968957,1.43430989,0.4773735,0.91889332,0.215320645,1.03549524,1.0576452,79.9127875,-25.9250085,185.984094,-7.14977179,-3.63873745,41.7812263,False,False
NGC 6624,-674.3,268.650061,-23.0097474,8.64219638,6.12235011,1.30890652,0.469167384,0.921458207,0.196224238,1.03402285,1.0524767,80.5649212,-24.2310979,187.447056,-7.16604968,-3.59594585,42.1419189,False,False
NGC 6624,-674.4,268.780651,-23.0550159,8.63385844,6.14395086,1.18231243,0.460894526,0.923849127,0.176983033,1.03243449,1.04749414,81.2179157,-22.5230761,188.814212,-7.18034078,-3.55398969,42.4992893,False,False
NGC 6624,-674.5,268.911803,-23.101669,8.62547658,6.16448038,1.05458991,0.452554857,0.926064681,0.157607309,1.03072872,1.04270886,81.871405,-20.801845,190.076056,-7.19244756,-3.51299711,42.853441,False,False
NGC 6624,-674.6,269.043451,-23.14968,8.61705162,6.18392771,0.92580812,0.444148346,0.92810357,0.138108344,1.02890427,1.03813193,82.5249853,-19.0684068,191.222611,-7.20216225,-3.47310364,43.2045403,False,False
NGC 6624,-674.7,269.175522,-23.1990187,8.60858437,6.20228251,0.796043366,0.435675007,0.929964601,0.118498451,1.02696001,1.03377403,83.1782149,-17.3238662,192.243623,-7.20927094,-3.43444981,43.5528255,False,False
NGC 6624,-674.8,269.307936,-23.2496505,8.6000756,6.21953506,0.665379237,0.4271349,0.931646699,0.0987909952,1.02489502,1.02964531,83.830615,-15.5694301,193.128847,-7.21355945,-3.39717771,43.8986153,False,False
NGC 6624,-674.9,269.440608,-23.3015372,8.59152606,6.23567637,0.533906526,0.418528135,0.933148917,0.0790003738,1.02270851,1.02575521,84.4816724,-13.8064048,193.868403,-7.21482096,-3.36142652,44.2423135,False,False
NGC 6624,-675,269.573445,-23.3546364,8.58293646,6.25069823,0.401722877,0.409854878,0.934470449,0.0591419573,1.02039994,1.02211243,85.1308433,-12.0361893,194.453211,-7.21286524,-3.32732709,44.5844102,False,False
NGC 6624,-675.1,269.70635,-23.4089025,8.57430745,6.26459328,0.268932121,0.401115349,0.935610634,0.0392319838,1.01796895,1.01872466,85.7775584,-10.2602653,194.875467,-7.20752871,-3.29499604,44.9254769,False,False
NGC 6624,-675.2,269.839218,-23.4642865,8.56563962,6.27735502,0.135643285,0.392309831,0.936568967,0.0192874057,1.0154154,1.01559856,86.4212295,-8.48018289,195.129107,-7.19868443,-3.26452979,45.2661551,False,False
NGC 6624,-675.3,269.971946,-23.5207375,8.55693349,6.28897793,0.00196926717,0.383438665,0.937345104,-0.000674313403,1.01273938,1.01273961,87.0612577,-6.69754315,195.210206,-7.18625072,-3.23599957,45.6071386,False,False
NGC 6624,-675.4,270.104423,-23.5782023,8.54818953,6.29945743,-0.131974679,0.374502254,0.937938867,-0.0206354283,1.00994121,1.01015201,87.6970413,-4.91397746,195.117248,-7.17019706,-3.20944777,45.94915,False,False
NGC 6624,-675.5,270.236541,-23.6366273,8.5394081,6.30878993,-0.266072636,0.365501063,0.938350245,-0.0405781673,1.00702145,1.00783868,88.3279848,-3.13112554,194.851224,-7.1505463,-3.1848865,46.2929147,False,False
NGC 6624,-675.6,270.368193,-23.6959588,8.53058951,6.31697282,-0.400209716,0.356435618,0.938579395,-0.0604849854,1.00398089,1.0058012,88.9535067,-1.35061322,194.415542,-7.12737292,-3.16229844,46.6391343,False,False
NGC 6624,-675.7,270.499273,-23.7561438,8.52173401,6.32400447,-0.534273636,0.347306501,0.938626637,-0.0803387991,1.00082055,1.00403989,89.5730471,0.42596865,193.815762,-7.1007975,-3.14163979,46.9884631,False,False
NGC 6624,-675.8,270.629681,-23.8171308,8.51284175,6.32988422,-0.66815608,0.338114351,0.938492453,-0.100123187,0.997541677,1.00255376,90.186073,2.19708271,193.059207,-7.07097842,-3.12284483,47.3414889,False,False
NGC 6624,-675.9,270.75932,-23.8788703,8.50391286,6.33461229,-0.801753773,0.328859861,0.938177477,-0.119822548,0.994145757,1.00134072,90.7920826,3.96126047,192.1545,-7.03810214,-3.10583125,47.6987207,False,False
NGC 6624,-676,270.888099,-23.9413151,8.49494739,6.3381898,-0.934969236,0.319543773,0.937682491,-0.139422207,0.990634482,1.00039754,91.3906083,5.71711391,191.1111,-7.00237316,-3.0905058,48.0605825,False,False
NGC 6624,-676.1,271.015934,-24.0044208,8.48594538,6.34061869,-1.06771124,0.310166874,0.937008413,-0.158908485,0.987009754,0.999720042,91.981218,7.46334342,189.938874,-6.96400479,-3.0767693,48.4274122,False,False
NGC 6624,-676.2,271.142746,-24.0681455,8.4769068,6.34190167,-1.19989498,0.300729994,0.93615629,-0.178268713,0.983273679,0.999303188,92.5635146,9.19874244,188.647734,-6.92321143,-3.06452096,48.7994655,False,False
NGC 6624,-676.3,271.268463,-24.1324502,8.46783162,6.34204216,-1.33144204,0.291234003,0.935127287,-0.197491228,0.979428551,0.999141167,93.137136,10.9221991,187.247364,-6.88020252,-3.05366172,49.1769222,False,False
NGC 6624,-676.4,271.393019,-24.1972985,8.45871979,6.34104424,-1.46228019,0.281679805,0.933922678,-0.216565337,0.975476848,0.999227515,93.7017532,12.6326958,185.747017,-6.83517824,-3.0440966,49.5598944,False,False
NGC 6624,-676.5,271.516353,-24.2626565,8.44957124,6.33891257,-1.59234307,0.272068336,0.932543838,-0.235481264,0.971421221,0.999555208,94.2570686,14.3293067,184.155396,-6.78832673,-3.03573626,49.9484347,False,False
NGC 6624,-676.6,271.638409,-24.3284926,8.44038591,6.3356524,-1.72156982,0.262400561,0.930992229,-0.254230094,0.967264486,1.00011676,94.8028141,16.0111942,182.480579,-6.73982255,-3.02849781,50.3425451,False,False
NGC 6624,-676.7,271.759138,-24.3947774,8.4311637,6.33126942,-1.84990461,0.252677472,0.929269397,-0.272803704,0.963009614,1.00090428,95.3387486,17.6776045,180.729994,-6.68982607,-3.02230522,50.7421851,False,False
NGC 6624,-676.8,271.878492,-24.4614836,8.42190457,6.3257698,-1.97729629,0.242900083,0.92737696,-0.291194696,0.958659729,1.00190959,95.864656,19.3278629,178.910428,-6.63848356,-3.01708922,51.1472782,False,False
NGC 6624,-676.9,271.99643,-24.5285856,8.41260843,6.3191601,-2.10369791,0.23306943,0.9253166,-0.309396337,0.954218093,1.00312425,96.3803432,20.9613684,177.028047,-6.58592766,-3.0127871,51.5577188,True,True
NGC 6624,-677,272.112914,-24.5960593,8.40327523,6.31144724,-2.22906635,0.223186568,0.92309006,-0.327402493,0.949688108,1.00453964,96.8856379,22.5775883,175.088434,-6.5322782,-3.00934229,51.9733774,True,True
NGC 6624,-677.1,272.227908,-24.6638823,8.39390492,6.30263843,-2.35336193,0.213252566,0.920699131,-0.345207573,0.945073302,1.00614701,97.3803868,24.1760535,173.096637,-6.47764311,-3.0067039,52.3941048,True,True
NGC 6624,-677.2,272.341381,-24.7320333,8.38449746,6.29274119,-2.47654809,0.20326851,0.91814565,-0.362806477,0.94037733,1.00793753,97.8644538,25.7563531,171.057209,-6.42211943,-3.00482617,52.8197364,True,True
NGC 6624,-677.3,272.453302,-24.8004924,8.37505283,6.28176327,-2.59859104,0.1932355,0.915431495,-0.380194548,0.935603966,1.00990231,98.3377183,27.3181296,168.974257,-6.36579426,-3.00366805,53.2500946,True,True
NGC 6624,-677.4,272.563645,-24.8692406,8.36557102,6.26971265,-2.71945952,0.183154646,0.912558576,-0.397367526,0.930757099,1.01203247,98.8000739,28.8610748,166.851485,-6.30874577,-3.00319264,53.6849923,True,True
NGC 6624,-677.5,272.672385,-24.9382599,8.35605204,6.25659747,-2.8391245,0.173027068,0.909528832,-0.414321513,0.925840732,1.01431917,99.2514267,30.384925,164.692235,-6.25104405,-3.00336681,54.1242342,True,True
NGC 6624,-677.6,272.779499,-25.0075331,8.34649589,6.24242605,-2.957559,0.162853896,0.906344228,-0.431052936,0.920858974,1.0167536,99.6916941,31.889457,162.499525,-6.19275194,-3.00416077,54.5676186,True,True
NGC 6624,-677.7,272.884965,-25.0770439,8.33690263,6.22720686,-3.07473782,0.152636267,0.903006749,-0.447558514,0.91581604,1.01932705,100.120804,33.3744849,160.276082,-6.13392579,-3.00554771,55.0149392,True,True
NGC 6624,-677.8,272.988763,-25.1467766,8.3272723,6.21094847,-3.19063743,0.142375326,0.899518399,-0.463835232,0.910716248,1.02203092,100.538692,34.8398562,158.024373,-6.07461612,-3.00750348,55.4659857,True,True
NGC 6624,-677.9,273.090875,-25.216716,8.31760497,6.19365955,-3.30523574,0.132072223,0.895881195,-0.479880316,0.905564016,1.02485672,100.945304,36.2854488,155.746633,-6.01486826,-3.01000629,55.9205449,True,True
NGC 6624,-678,273.191284,-25.2868477,8.30790073,6.17534887,-3.41851199,0.121728114,0.892097163,-0.495691209,0.900363861,1.02779612,101.340591,37.7111681,153.444889,-5.95472289,-3.01303648,56.3784013,True,True
NGC 6624,-678.1,273.289974,-25.3571576,8.29815969,6.15602527,-3.5304466,0.111344159,0.888168341,-0.511265552,0.895120396,1.03084091,101.724512,39.1169439,151.120983,-5.89421648,-3.01657625,56.8393376,True,True
NGC 6624,-678.2,273.386928,-25.4276322,8.28838196,6.13569762,-3.64102106,0.100921523,0.88409677,-0.526601165,0.889838329,1.03398309,102.09703,40.5027287,148.776588,-5.83338179,-3.02060952,57.3031349,True,True
NGC 6624,-678.3,273.482133,-25.4982583,8.27856768,6.11437487,-3.75021782,0.0904613738,0.879884496,-0.541696031,0.884522463,1.03721482,102.458113,41.8684947,146.413231,-5.77224822,-3.02512171,57.7695736,True,True
NGC 6624,-678.4,273.575575,-25.5690232,8.26871702,6.09206597,-3.85802021,0.0799648821,0.875533569,-0.556548284,0.879177691,1.04052843,102.807734,43.2142322,144.032302,-5.71084216,-3.0300996,58.2384328,True,True
NGC 6624,-678.5,273.667242,-25.6399143,8.25883014,6.06877992,-3.96441233,0.0694332213,0.871046035,-0.571156193,0.873808999,1.04391645,103.14587,44.5399475,141.635071,-5.64918727,-3.03553122,58.7094909,True,True
NGC 6624,-678.6,273.75712,-25.7109196,8.24890723,6.04452573,-4.06937898,0.0588675672,0.866423941,-0.58551815,0.868421463,1.04737163,103.472498,45.845661,139.222699,-5.58730482,-3.04140569,59.1825258,True,True
NGC 6624,-678.7,273.845198,-25.7820272,8.23894852,6.01931242,-4.1729056,0.0482690976,0.861669332,-0.599632663,0.863020246,1.0508869,103.787601,47.131406,136.796251,-5.52521386,-3.04771314,59.6573144,True,True
NGC 6624,-678.8,273.931465,-25.8532255,8.22895421,5.99314902,-4.2749782,0.0376389922,0.856784248,-0.613498342,0.8576106,1.05445538,104.091163,48.3972271,134.356701,-5.46293147,-3.05444465,60.1336333,True,True
NGC 6624,-678.9,274.015909,-25.9245029,8.21892458,5.96604454,-4.37558331,0.026978432,0.851770723,-0.627113893,0.852197865,1.05807043,104.383167,49.6431787,131.904945,-5.40047296,-3.06159209,60.6112582,True,True
NGC 6624,-679,274.09852,-25.9958484,8.20885986,5.93800802,-4.47470792,0.0162885996,0.846630787,-0.640478112,0.846787463,1.06172559,104.663601,50.8693241,129.441804,-5.33785204,-3.06914812,61.089964,True,True
NGC 6624,-679.1,274.179288,-26.0672509,8.19876036,5.90904845,-4.57233942,0.00557067915,0.841366461,-0.653589873,0.841384902,1.0654146,104.932453,52.0757342,126.968036,-5.27508094,-3.07710611,61.5695251,True,True
NGC 6624,-679.2,274.258203,-26.1386996,8.18862637,5.87917485,-4.66846561,-0.00517414423,0.83597976,-0.666448124,0.835995772,1.06913144,105.189708,53.2624865,124.484337,-5.2121706,-3.08546005,62.0497146,True,True
NGC 6624,-679.3,274.335255,-26.2101836,8.1784582,5.84839621,-4.76307459,-0.015944684,0.830472689,-0.679051885,0.830625741,1.07287025,105.435357,54.4296645,121.99135,-5.14913078,-3.09420456,62.530305,True,True
NGC 6624,-679.4,274.410435,-26.2816924,8.1682562,5.81672148,-4.85615478,-0.0267397525,0.824847248,-0.691400236,0.825280556,1.07662541,105.669386,55.5773565,119.489669,-5.08597014,-3.10333477,63.0110675,True,True
NGC 6624,-679.5,274.483732,-26.3532156,8.15802073,5.78415964,-4.94769487,-0.0375581608,0.819105423,-0.703492315,0.819966041,1.08039148,105.891783,56.7056549,116.979842,-5.02269639,-3.11284637,63.4917723,True,True
NGC 6624,-679.6,274.555139,-26.4247426,8.14775216,5.75071961,-5.03768378,-0.0483987185,0.813249193,-0.715327317,0.814688091,1.08416321,106.102535,57.8146559,114.462376,-4.95931634,-3.12273549,63.9721882,True,True
NGC 6624,-679.7,274.624646,-26.4962632,8.13745088,5.71641032,-5.12611065,-0.059260234,0.807280527,-0.726904484,0.80945267,1.08793555,106.301629,58.9044584,111.93774,-4.89583601,-3.13299872,64.4520828,True,True
NGC 6624,-679.8,274.692244,-26.5677672,8.12711732,5.68124068,-5.21296481,-0.0701415144,0.801201383,-0.738223105,0.804265807,1.09170364,106.48905,59.9751639,109.406371,-4.8322607,-3.14363307,64.931222,True,True
NGC 6624,-679.9,274.757924,-26.6392444,8.11675189,5.64521957,-5.29823575,-0.081041365,0.795013709,-0.749282513,0.799133593,1.09546282,106.664783,61.0268756,106.868671,-4.76859505,-3.15463594,65.4093701,True,True
NGC 6624,-680,274.821678,-26.7106845,8.10635507,5.60835586,-5.38191312,-0.0919585897,0.788719441,-0.76008208,0.794062176,1.09920858,106.828811,62.0596981,104.325017,-4.70484312,-3.16600509,65.88629,True,True
NGC 6624,-680.1,274.883496,-26.7820777,8.09592731,5.57065841,-5.46398669,-0.10289199,0.782320507,-0.770621215,0.789057753,1.10293662,106.981115,63.0737373,101.775756,-4.64100841,-3.17773864,66.3617426,True,True
NGC 6624,-680.2,274.94337,-26.8534136,8.08546912,5.53213604,-5.54444634,-0.113840367,0.775818822,-0.780899361,0.784126568,1.1066428,107.121676,64.0690994,99.2212135,-4.57709395,-3.18983503,66.8354867,True,True
NGC 6624,-680.3,275.001292,-26.9246825,8.074981,5.49279759,-5.62328205,-0.124802518,0.769216291,-0.790915993,0.7792749,1.11032314,107.250473,65.0458912,96.6616918,-4.51310233,-3.20229301,67.3072794,True,True
NGC 6624,-680.4,275.057252,-26.995874,8.06446349,5.45265188,-5.70048387,-0.135777238,0.762514807,-0.800670618,0.774509063,1.11397385,107.367483,66.0042194,94.0974727,-4.44903576,-3.21511164,67.7768756,True,True
NGC 6624,-680.5,275.111242,-27.0669784,8.05391715,5.41170769,-5.77604194,-0.146763321,0.755716253,-0.810162768,0.76983539,1.11759127,107.472681,66.9441905,91.5288196,-4.38489608,-3.22829024,68.2440278,True,True
NGC 6624,-680.6,275.163254,-27.1379854,8.04334255,5.36997383,-5.84994644,-0.157759558,0.748822501,-0.819392003,0.765260228,1.12117192,107.56604,67.8659106,88.9559786,-4.3206848,-3.24182842,68.7084864,True,True
NGC 6624,-680.7,275.213278,-27.208885,8.03274028,5.32745908,-5.9221876,-0.168764736,0.741835413,-0.828357906,0.760789929,1.12471247,107.647533,68.7694851,86.3791799,-4.25640319,-3.25572602,69.1699994,True,True
NGC 6624,-680.8,275.261307,-27.2796672,8.02211097,5.28417222,-5.99275568,-0.179777641,0.734756839,-0.837060083,0.756430838,1.12820973,107.717127,69.6550184,83.7986394,-4.19205222,-3.26998314,69.6283121,True,True
NGC 6624,-680.9,275.30733,-27.3503218,8.01145526,5.24012204,-6.06164099,-0.190797053,0.727588618,-0.845498163,0.752189279,1.13166066,107.774791,70.5226142,81.2145595,-4.12763268,-3.28460012,70.0831675,True,True
NGC 6624,-681,275.35134,-27.4208386,8.00077381,5.19531731,-6.12883383,-0.201821751,0.72033258,-0.853671792,0.74807155,1.13506237,107.820491,71.3723748,78.6271304,-4.06314513,-3.29957751,70.5343056,True,True
NGC 6624,-681.1,275.393328,-27.4912076,7.9900673,5.14976681,-6.19432452,-0.212850509,0.712990543,-0.861580639,0.744083902,1.13841207,107.854188,72.2044012,76.0365311,-3.99858998,-3.31491608,70.9814639,True,True
NGC 6624,-681.2,275.433284,-27.5614183,7.97933644,5.10347934,-6.2581034,-0.223882098,0.705564317,-0.869224387,0.74023253,1.14170716,107.875844,73.0187931,73.4429302,-3.93396748,-3.33061681,71.424377,True,True
NGC 6624,-681.3,275.471201,-27.6314606,7.96858197,5.05646369,-6.32016078,-0.234915285,0.698055699,-0.876602738,0.736523557,1.14494511,107.885418,73.8156489,70.8464871,-3.86927777,-3.34668088,71.8627766,True,True
NGC 6624,-681.4,275.507068,-27.701324,7.95780463,5.00872865,-6.38048698,-0.245948831,0.690466479,-0.883715408,0.732963018,1.14812356,107.882866,74.595065,68.2473522,-3.80452087,-3.36310965,72.2963913,True,True
NGC 6624,-681.5,275.540877,-27.7709982,7.94700521,4.96028305,-6.43907231,-0.256981494,0.682798434,-0.89056213,0.729556845,1.15124024,107.868143,75.3571366,65.6456682,-3.73969673,-3.37990468,72.7249467,True,True
NGC 6624,-681.6,275.572619,-27.8404725,7.9361845,4.91113573,-6.49590706,-0.268012026,0.675053335,-0.897142651,0.72631085,1.15429302,107.841199,76.1019569,63.0415704,-3.67480522,-3.3970677,73.1481654,True,True
NGC 6624,-681.7,275.602285,-27.9097365,7.92534334,4.86129552,-6.5509815,-0.279039177,0.66723294,-0.903456729,0.723230709,1.15727988,107.801986,76.8296177,60.4351877,-3.60984616,-3.4146006,73.5657665,True,True
NGC 6624,-681.8,275.629866,-27.9787794,7.91448256,4.8107713,-6.60428586,-0.290061687,0.659339,-0.909504137,0.720321941,1.16019889,107.750449,77.5402087,57.8266429,-3.54481936,-3.43250545,73.9774662,True,True
NGC 6624,-681.9,275.655351,-28.0475905,7.90360306,4.75957196,-6.65581036,-0.301078294,0.651373256,-0.915284661,0.717589895,1.16304827,107.686535,78.2338181,55.2160534,-3.47972458,-3.45078448,74.382977,True,True
NGC 6624,-682,275.678733,-28.1161588,7.89270573,4.70770643,-6.70554519,-0.312087729,0.64333744,-0.920798097,0.715039728,1.16582629,107.610185,78.9105321,52.6035315,-3.4145616,-3.46944007,74.7820083,True,True
NGC 6624,-682.1,275.700001,-28.1844735,7.88179149,4.65518366,-6.75348051,-0.323088717,0.635233277,-0.926044253,0.712676389,1.16853138,107.52134,79.5704353,49.9891852,-3.34933021,-3.48847474,75.1742658,True,True
NGC 6624,-682.2,275.719147,-28.2525234,7.87086131,4.60201262,-6.79960643,-0.334079977,0.62706248,-0.931022948,0.710504599,1.17116204,107.419939,80.2136102,47.3731186,-3.28403021,-3.50789116,75.5594519,True,True
NGC 6624,-682.3,275.736161,-28.3202973,7.85991615,4.54820233,-6.84391305,-0.345060222,0.618826757,-0.935734011,0.708528837,1.17371685,107.305916,80.8401378,44.7554321,-3.21866145,-3.52769214,75.9372653,True,True
NGC 6624,-682.4,275.751033,-28.387784,7.84895703,4.49376185,-6.88639041,-0.356028158,0.610527807,-0.940177281,0.706753317,1.17619453,107.179205,81.4500971,42.1362228,-3.15322384,-3.54788062,76.3074012,True,True
NGC 6624,-682.5,275.763754,-28.4549721,7.83798499,4.43870027,-6.92702853,-0.366982483,0.602167319,-0.944352608,0.705181978,1.17859385,107.039738,82.0435653,39.5155854,-3.08771734,-3.56845966,76.6695509,True,True
NGC 6624,-682.6,275.774314,-28.5218499,7.82700107,4.38302673,-6.9658174,-0.377921889,0.593746976,-0.94825985,0.703818461,1.1809137,106.887443,82.620618,36.8936119,-3.02214198,-3.58943244,77.0234023,True,True
NGC 6624,-682.7,275.782703,-28.5884057,7.81600637,4.32675041,-7.00274695,-0.388845061,0.585268453,-0.951898875,0.702666097,1.18315304,106.722247,83.1813289,34.2703923,-2.95649791,-3.61080229,77.3686393,True,True
NGC 6624,-682.8,275.788913,-28.6546279,7.80500202,4.26988054,-7.0378071,-0.399750675,0.576733419,-0.95526956,0.701727895,1.18531092,106.544075,83.7257701,31.6460147,-2.89078534,-3.6325726,77.7049421,True,True
NGC 6624,-682.9,275.792933,-28.7205043,7.79398915,4.2124264,-7.07098771,-0.4106374,0.568143533,-0.958371791,0.701006525,1.18738647,106.352847,84.2540118,29.0205659,-2.82500461,-3.6547469,78.031987,True,True
NGC 6624,-683,275.794754,-28.786023,7.78296894,4.15439733,-7.10227864,-0.421503897,0.559500448,-0.961205463,0.700504309,1.18937893,106.148485,84.7661228,26.3941316,-2.75915618,-3.67732883,78.3494464,True,True
NGC 6624,-683.1,275.794365,-28.8511716,7.7719426,4.09580273,-7.13166969,-0.432348819,0.550805812,-0.96377048,0.700223209,1.19128757,105.930906,85.2621701,23.7667963,-2.69324064,-3.7003221,78.656989,True,True
NGC 6624,-683.2,275.791758,-28.9159378,7.76091136,4.03665205,-7.15915064,-0.443170809,0.542061262,-0.966066754,0.700164822,1.19311179,105.700026,85.7422191,21.1386441,-2.62725873,-3.72373052,78.9542793,True,True
NGC 6624,-683.3,275.786923,-28.980309,7.74987649,3.9769548,-7.18471124,-0.453968503,0.533268433,-0.968094205,0.700330367,1.19485104,105.455757,86.2063337,18.5097586,-2.56121133,-3.74755801,79.2409779,True,True
NGC 6624,-683.4,275.779849,-29.0442725,7.73883928,3.91672056,-7.20834123,-0.464740527,0.52442895,-0.969852763,0.700720687,1.19650485,105.198012,86.6545764,15.8802235,-2.49509949,-3.77180852,79.5167414,True,True
NGC 6624,-683.5,275.770527,-29.1078155,7.72780106,3.85595898,-7.2300303,-0.475485498,0.515544434,-0.971342365,0.70133624,1.19807283,104.9267,87.087008,13.2501223,-2.42892443,-3.79648613,79.7812225,True,True
NGC 6624,-683.6,275.758948,-29.1709249,7.7167632,3.79467977,-7.24976815,-0.486202024,0.506616498,-0.972562959,0.702177103,1.19955466,104.641728,87.503688,10.6195388,-2.36268757,-3.82159496,80.0340697,True,True
NGC 6624,-683.7,275.745101,-29.2335875,7.70572707,3.73289272,-7.26754443,-0.496888702,0.497646752,-0.973514498,0.703242968,1.2009501,104.343,87.9046746,7.9885577,-2.29639051,-3.8471392,80.2749275,True,True
NGC 6624,-683.8,275.728978,-29.29579,7.69469412,3.67060769,-7.28334882,-0.507544123,0.488636795,-0.974196947,0.704533146,1.20225898,104.030421,88.2900245,5.35726405,-2.23003505,-3.8731231,80.5034363,True,True
NGC 6624,-683.9,275.710568,-29.3575187,7.68366578,3.60783462,-7.29717097,-0.518166862,0.479588226,-0.974610278,0.706046573,1.20348118,103.703892,88.6597932,2.72574406,-2.16362323,-3.89955095,80.7192324,True,True
NGC 6624,-684,275.689862,-29.4187601,7.67264356,3.54458353,-7.30900051,-0.52875549,0.470502635,-0.974754472,0.707781815,1.20461669,103.36331,89.014035,0.0940850576,-2.0971573,-3.92642711,80.9219481,True,True
NGC 6624,-684.1,275.666851,-29.4795002,7.66162897,3.48086452,-7.3188271,-0.539308563,0.461381606,-0.974629521,0.709737073,1.20566555,103.008575,89.3528029,-2.53762427,-2.03063973,-3.95375595,81.1112117,True,True
NGC 6624,-684.2,275.641525,-29.5397249,7.65062357,3.41668776,-7.32664039,-0.549824628,0.452226721,-0.974235422,0.711910197,1.20662786,102.639582,89.6761488,-5.1692937,-1.96407328,-3.98154188,81.286647,True,True
NGC 6624,-684.3,275.613875,-29.5994199,7.63962895,3.35206353,-7.33243005,-0.560302223,0.443039553,-0.973572185,0.714298696,1.2075038,102.256224,89.9841236,-7.80083124,-1.89746093,-4.00978936,81.4478743,True,True
NGC 6624,-684.4,275.583892,-29.6585709,7.62864675,3.28700218,-7.33618577,-0.570739872,0.433821672,-0.972639828,0.716899745,1.20829362,101.858393,90.2767771,-10.432143,-1.83080595,-4.03850283,81.5945093,True,True
NGC 6624,-684.5,275.551567,-29.7171632,7.61767861,3.22151415,-7.33789725,-0.581136089,0.424574642,-0.97143838,0.719710206,1.20899765,101.44598,90.554158,-13.0631328,-1.76411187,-4.06768677,81.7261641,True,True
NGC 6624,-684.6,275.51689,-29.775182,7.60672625,3.15560999,-7.33755422,-0.591489379,0.415300023,-0.969967878,0.722726638,1.20961625,101.018873,90.8163143,-15.6937024,-1.69738254,-4.09734563,81.8424464,True,True
NGC 6624,-684.7,275.479854,-29.8326123,7.59579138,3.08930032,-7.33514646,-0.601798231,0.405999369,-0.96822837,0.725945314,1.2101499,100.576959,91.0632929,-18.3237508,-1.63062207,-4.12748388,81.9429601,True,True
NGC 6624,-684.8,275.440449,-29.889439,7.58487578,3.02259586,-7.3306638,-0.612061126,0.396674231,-0.966219915,0.729362233,1.2105991,100.120123,91.29514,-20.9531744,-1.56383493,-4.15810596,82.0273052,True,True
NGC 6624,-684.9,275.398666,-29.9456465,7.57398126,2.95550745,-7.32409609,-0.622276532,0.387326154,-0.963942582,0.732973145,1.21096446,99.6482485,91.5119009,-23.5818666,-1.49702587,-4.18921629,82.0950776,True,True
NGC 6624,-685,275.354499,-30.0012194,7.56310966,2.888046,-7.31543326,-0.632442904,0.377956677,-0.961396451,0.736773559,1.21124664,99.1612183,91.7136204,-26.2097177,-1.43020002,-4.22081925,82.1458694,True,True
NGC 6624,-685.1,275.307938,-30.0561419,7.55226285,2.82022254,-7.30466532,-0.642558688,0.368567338,-0.958581615,0.740758766,1.21144635,98.6589131,91.9003423,-28.8366149,-1.3633628,-4.25291918,82.1792689,True,True
NGC 6624,-685.2,275.258975,-30.1103981,7.54144276,2.75204818,-7.29178233,-0.652622314,0.359159667,-0.955498176,0.744923856,1.21156441,98.1412121,92.0721102,-31.4624415,-1.29652005,-4.28552037,82.1948605,True,True
NGC 6624,-685.3,275.207603,-30.1639717,7.53065135,2.68353416,-7.27677444,-0.662632201,0.349735193,-0.952146251,0.749263731,1.21160168,97.6079935,92.2289667,-34.0870772,-1.22967795,-4.31862702,82.1922251,True,True
NGC 6624,-685.4,275.153815,-30.2168465,7.5198906,2.61469181,-7.25963192,-0.672586757,0.340295437,-0.948525968,0.753773129,1.2115591,97.059134,92.3709543,-36.7103977,-1.16284305,-4.35224327,82.1709399,True,True
NGC 6624,-685.5,275.097603,-30.269006,7.50916256,2.54553256,-7.24034512,-0.682484375,0.330841918,-0.944637467,0.758446634,1.21143768,96.4945091,92.4981147,-39.3322745,-1.09602232,-4.38637318,82.1305783,True,True
NGC 6624,-685.6,275.038961,-30.3204335,7.49846929,2.47606797,-7.2189045,-0.692323437,0.321376152,-0.940480903,0.763278699,1.2112385,95.9139934,92.6104895,-41.9525747,-1.02922314,-4.42102067,82.0707108,True,True
NGC 6624,-685.7,274.977882,-30.3711119,7.48781291,2.40630969,-7.19530067,-0.702102311,0.311899646,-0.936056444,0.768263655,1.21096272,95.3174601,92.7081198,-44.5711605,-0.962453296,-4.45618959,81.9909039,True,True
NGC 6624,-685.8,274.914359,-30.4210244,7.47719556,2.33626948,-7.16952435,-0.711819352,0.302413908,-0.931364273,0.773395734,1.21061157,94.7047817,92.7910464,-47.1878891,-0.895721011,-4.49188362,81.8907214,True,True
NGC 6624,-685.9,274.848387,-30.4701536,7.46661945,2.26595922,-7.14156644,-0.721472902,0.29292044,-0.926404586,0.778669078,1.21018635,94.0758295,92.85931,-49.8026126,-0.829034964,-4.52810631,81.7697236,True,True
NGC 6624,-686,274.77996,-30.518482,7.4560868,2.19539088,-7.11141796,-0.731061291,0.283420738,-0.921177598,0.784077755,1.20968843,93.4304743,92.9129512,-52.4151774,-0.762404291,-4.56486106,81.6274681,True,True
NGC 6624,-686.1,274.709072,-30.5659921,7.44559989,2.12457658,-7.07907015,-0.740582835,0.273916296,-0.915683537,0.789615775,1.20911927,92.7685859,92.9520102,-55.0254241,-0.695838605,-4.60215107,81.4635095,True,True
NGC 6624,-686.2,274.635721,-30.6126661,7.43516103,2.05352852,-7.04451441,-0.750035836,0.264408603,-0.909922648,0.795277099,1.2084804,92.0900334,92.9765276,-57.633187,-0.629348008,-4.63997937,81.2773997,True,True
NGC 6624,-686.3,274.559899,-30.6584861,7.42477257,1.98225902,-7.00774234,-0.759418582,0.254899145,-0.903895194,0.801055652,1.20777344,91.3946856,92.9865436,-60.2382937,-0.56294311,-4.67834875,81.0686883,True,True
NGC 6624,-686.4,274.481605,-30.7034338,7.41443691,1.91078052,-6.96874577,-0.76872935,0.245389402,-0.897601456,0.806945334,1.20700006,90.6824107,92.9820989,-62.8405651,-0.496635039,-4.71726181,80.8369223,True,True
NGC 6624,-686.5,274.400834,-30.7474912,7.4041565,1.83910557,-6.92751675,-0.777966401,0.235880852,-0.891041734,0.812940033,1.20616204,89.9530765,92.9632341,-65.4398145,-0.43043546,-4.75672086,80.5816467,True,True
NGC 6624,-686.6,274.317584,-30.7906396,7.3939338,1.76724683,-6.88404759,-0.787127985,0.226374966,-0.884216347,0.819033632,1.20526123,89.2065507,92.9299902,-68.0358476,-0.364356588,-4.79672797,80.3024047,True,True
NGC 6624,-686.7,274.231851,-30.8328607,7.38377133,1.69521708,-6.83833084,-0.796212336,0.216873214,-0.877125633,0.825220016,1.20429957,88.4427007,92.8824085,-70.6284616,-0.298411209,-4.83728489,79.9987376,True,True
NGC 6624,-686.8,274.143635,-30.8741357,7.37367167,1.62302922,-6.79035936,-0.805217675,0.20737706,-0.869769954,0.831493084,1.20327907,87.6613942,92.8205305,-73.2174452,-0.232612692,-4.87839307,79.6701856,True,True
NGC 6624,-686.9,274.052933,-30.9144457,7.36363742,1.55069624,-6.74012627,-0.814142211,0.197887963,-0.862149691,0.837846755,1.20220184,86.862499,92.7443984,-75.8025778,-0.166975009,-4.92005363,79.3162875,True,True
NGC 6624,-687,273.959745,-30.9537718,7.35367121,1.47823127,-6.68762504,-0.822984138,0.188407379,-0.85426525,0.844274974,1.20107009,86.045883,92.654055,-78.3836288,-0.101512754,-4.96226731,78.9365812,True,True
NGC 6624,-687.1,273.864071,-30.992095,7.34377575,1.40564753,-6.63284946,-0.831741637,0.17893676,-0.846117061,0.850771717,1.19988608,85.2114149,92.5495435,-80.9603571,-0.0362411608,-5.00503448,78.5306044,True,True
NGC 6624,-687.2,273.765912,-31.0293962,7.33395375,1.33295837,-6.57579368,-0.840412875,0.169477552,-0.837705578,0.857330999,1.19865219,84.3589638,92.430908,-83.5325106,0.028823877,-5.04835506,78.0978942,True,True
NGC 6624,-687.3,273.665267,-31.065656,7.324208,1.26017724,-6.51645223,-0.848996007,0.160031197,-0.829031283,0.863946876,1.1973709,83.4883998,92.2981934,-86.0998253,0.0936657856,-5.09222855,77.6379882,True,True
NGC 6624,-687.4,273.562141,-31.1008551,7.31454131,1.18731769,-6.45482003,-0.857489173,0.150599134,-0.820094685,0.870613451,1.19604476,82.5995941,92.1514456,-88.6620244,0.158267289,-5.13665397,77.1504244,True,True
NGC 6624,-687.5,273.456534,-31.1349743,7.30495653,1.1143934,-6.39089244,-0.865890503,0.141182793,-0.810896321,0.877324879,1.19467644,81.692419,91.9907114,-91.2188178,0.222610388,-5.18162981,76.6347418,True,True
NGC 6624,-687.6,273.348451,-31.167994,7.29545656,1.04141815,-6.32466523,-0.874198109,0.131783605,-0.80143676,0.884075366,1.19326868,80.7667484,91.8160388,-93.7699007,0.286676332,-5.22715403,76.0904807,True,True
NGC 6624,-687.7,273.237896,-31.1998947,7.28604434,0.968405815,-6.25613469,-0.882410095,0.122402991,-0.791716603,0.890859174,1.19182434,79.8224579,91.6274772,-96.3149532,0.3504456,-5.27322402,75.5171837,True,True
NGC 6624,-687.8,273.124874,-31.2306571,7.27672285,0.895370378,-6.18529756,-0.89052455,0.113042369,-0.781736483,0.897670625,1.19034637,78.859425,91.4250771,-98.8536385,0.413897868,-5.31983652,74.9143954,True,True
NGC 6624,-687.9,273.00939,-31.2602616,7.2674951,0.822325927,-6.11215113,-0.898539551,0.103703153,-0.771497068,0.904504101,1.18883783,77.8775296,91.2088909,-101.385602,0.477011985,-5.36698763,74.2816636,True,True
NGC 6624,-688,272.891451,-31.2886887,7.25836417,0.749286644,-6.03669323,-0.906453162,0.0943867491,-0.760999066,0.911354044,1.18730189,76.8766542,90.9789723,-103.910471,0.539765939,-5.41467274,73.6185396,True,True
NGC 6624,-688.1,272.771066,-31.315919,7.24933315,0.676266809,-5.95892229,-0.914263438,0.0850945591,-0.750243223,0.918214962,1.1857418,75.8566842,90.735377,-106.42785,0.602136829,-5.46288649,72.9245792,True,True
NGC 6624,-688.2,272.648243,-31.3419332,7.24040518,0.603280795,-5.87883735,-0.921968418,0.0758279787,-0.739230324,0.925081427,1.18416093,74.8175081,90.4781626,-108.937324,0.664100823,-5.51162273,72.1993427,True,True
NGC 6624,-688.3,272.522992,-31.3667119,7.23158345,0.530343066,-5.79643808,-0.929566134,0.0665883978,-0.727961202,0.931948074,1.18256278,73.7590184,90.2073891,-111.438453,0.725633125,-5.56087444,71.4423964,True,True
NGC 6624,-688.4,272.395323,-31.390236,7.22287116,0.457468169,-5.71172484,-0.937054605,0.0573771999,-0.716436732,0.938809606,1.18095092,72.6811114,89.9231183,-113.93077,0.786707933,-5.61063372,70.6533129,True,True
NGC 6624,-688.5,272.265248,-31.4124864,7.21427157,0.384670739,-5.62469873,-0.94443184,0.0481957623,-0.704657842,0.945660792,1.17932905,71.583688,89.625415,-116.413782,0.84729839,-5.66089169,69.8316721,True,True
NGC 6624,-688.6,272.132781,-31.4334442,7.20578797,0.311965486,-5.53536157,-0.951695839,0.0390454551,-0.692625509,0.952496465,1.17770099,70.466654,89.3143463,-118.886965,0.907376542,-5.71163844,68.9770621,True,True
NGC 6624,-688.7,271.997936,-31.4530908,7.1974237,0.239367196,-5.443716,-0.95884459,0.0299276418,-0.680340767,0.95931153,1.17607065,69.3299208,88.9899827,-121.349761,0.966913276,-5.76286295,68.0890804,True,True
NGC 6624,-688.8,271.860727,-31.4714075,7.18918211,0.166890725,-5.34976552,-0.965876075,0.0208436783,-0.667804708,0.966100953,1.17444207,68.1734059,88.6523974,-123.801579,1.02587826,-5.81455307,67.1673345,True,True
NGC 6624,-688.9,271.721173,-31.4883762,7.18106659,0.0945509945,-5.25351449,-0.972788267,0.0117949128,-0.655018487,0.97285977,1.1728194,66.9970334,88.3016674,-126.241785,1.08423989,-5.86669537,66.2114436,True,True
NGC 6624,-689,271.57929,-31.503979,7.17308057,0.0223629835,-5.15496821,-0.979579132,0.00278268576,-0.641983325,0.979583084,1.1712069,65.8007349,87.937873,-128.669705,1.1419652,-5.91927509,65.2210393,True,True
NGC 6624,-689.1,271.435098,-31.5181983,7.16522751,-0.0496582734,-5.05413299,-0.986246628,-0.00619167116,-0.628700516,0.986266064,1.16960895,64.5844499,87.5610987,-131.084619,1.19901979,-5.97227604,64.1957673,True,True
NGC 6624,-689.2,271.288618,-31.5310168,7.1575109,-0.121497695,-4.95101617,-0.992788709,-0.0151268349,-0.615171428,0.992903944,1.16803002,63.3481267,87.1714333,-133.485754,1.25536771,-6.02568051,63.1352887,True,True
NGC 6624,-689.3,271.139873,-31.5424176,7.14993426,-0.193140159,-4.8456262,-0.999203323,-0.0240214919,-0.601397513,0.999492028,1.16647472,62.0917233,86.76897,-135.872282,1.31097141,-6.07946915,62.0392816,True,True
NGC 6624,-689.4,270.988886,-31.5523845,7.14250111,-0.264570509,-4.73797269,-1.00548842,-0.0328743382,-0.587380309,1.00602568,1.16494777,60.8152085,86.3538072,-138.243313,1.36579157,-6.13362085,60.9074427,True,True
NGC 6624,-689.5,270.835682,-31.5609016,7.13521502,-0.335773564,-4.6280665,-1.01164193,-0.0416840803,-0.573121449,1.01250035,1.16345397,59.5185622,85.9260483,-140.59789,1.41978701,-6.18811261,59.7394893,True,True
NGC 6624,-689.6,270.680289,-31.5679537,7.12807959,-0.406734124,-4.51591982,-1.0176618,-0.0504494355,-0.55862267,1.01891152,1.16199827,58.2017772,85.4858027,-142.934979,1.4729145,-6.24291939,58.535161,True,True
NGC 6624,-689.7,270.522735,-31.5735261,7.1210984,-0.47743698,-4.40154619,-1.02354597,-0.0591691326,-0.543885816,1.02525477,1.16058568,56.8648602,85.0331857,-145.253465,1.52512865,-6.29801398,57.2942221,True,True
NGC 6624,-689.8,270.363052,-31.577605,7.1142751,-0.547866922,-4.28496067,-1.02929239,-0.0678419126,-0.528912849,1.03152574,1.15922136,55.5078325,84.5683193,-147.552142,1.57638166,-6.35336676,56.016464,True,True
NGC 6624,-689.9,270.201272,-31.580177,7.1076133,-0.618008752,-4.16617987,-1.034899,-0.0764665292,-0.513705861,1.03772013,1.15791052,54.1307323,84.0913327,-149.829699,1.62662317,-6.40894558,54.7017072,True,True
NGC 6624,-690,270.037429,-31.5812301,7.10111665,-0.687847291,-4.0452221,-1.04036374,-0.0850417499,-0.498267086,1.04383371,1.15665851,52.7336152,83.6023624,-152.084716,1.67579996,-6.46471549,53.3498049,True,True
NGC 6624,-690.1,269.87156,-31.5807527,7.0947888,-0.757367391,-3.92210746,-1.04568458,-0.0935663563,-0.482598905,1.04986233,1.15547073,51.3165567,83.1015534,-154.315642,1.72385572,-6.52063852,51.9606455,True,True
NGC 6624,-690.2,269.703705,-31.5787346,7.08863341,-0.82655395,-3.79685795,-1.05085948,-0.102039145,-0.466703868,1.05580189,1.15435269,49.8796533,82.5890592,-156.52079,1.7707307,-6.5766734,50.5341561,True,True
NGC 6624,-690.3,269.533904,-31.5751665,7.08265413,-0.895391919,-3.66949765,-1.05588641,-0.110458931,-0.450584703,1.06164838,1.15330996,48.4230246,82.0650428,-158.698314,1.81636139,-6.63277528,49.0703063,True,True
NGC 6624,-690.4,269.362201,-31.5700404,7.07685461,-0.963866321,-3.54005282,-1.06076337,-0.118824542,-0.434244339,1.06739787,1.15234819,46.9468157,81.5296772,-160.846192,1.8606801,-6.68889536,47.5691121,True,True
NGC 6624,-690.5,269.188642,-31.5633497,7.07123848,-1.03196226,-3.40855212,-1.06548837,-0.127134828,-0.417685917,1.07304647,1.15147308,45.4511989,80.9831462,-162.962208,1.90361448,-6.74498055,46.0306404,True,True
NGC 6624,-690.6,269.013277,-31.5550892,7.06580938,-1.09966495,-3.27502674,-1.07005942,-0.135388658,-0.400912821,1.0785904,1.15069037,43.9363764,80.4256451,-165.043924,1.94508706,-6.80097303,44.4550139,True,True
NGC 6624,-690.7,268.836158,-31.5452553,7.06057088,-1.1669597,-3.13951065,-1.07447457,-0.143584919,-0.383928692,1.08402594,1.15000586,42.4025831,79.8573815,-167.088658,1.98501462,-6.85680979,42.842417,True,True
NGC 6624,-690.8,268.657339,-31.5338463,7.05552657,-1.23383197,-3.00204079,-1.07873191,-0.151722522,-0.366737462,1.08934946,1.14942534,40.8500891,79.2785764,-169.093451,2.02330759,-6.91242211,41.1931012,True,True
NGC 6624,-690.9,268.476879,-31.5208623,7.05067999,-1.30026737,-2.86265734,-1.08282952,-0.1598004,-0.349343379,1.09455742,1.14895463,39.279203,78.6894647,-171.055038,2.0598693,-6.96773499,39.5073923,True,True
NGC 6624,-691,268.29484,-31.5063057,7.04603462,-1.36625166,-2.72140401,-1.08676556,-0.167817513,-0.331751043,1.09964635,1.14859952,37.6902754,78.0902964,-172.969812,2.09459519,-7.02266655,37.7856979,True,True
NGC 6624,-691.1,268.111289,-31.4901811,7.04159391,-1.43177082,-2.57832831,-1.09053818,-0.175772846,-0.313965444,1.10461288,1.14836576,36.0837019,77.4813374,-174.833782,2.12737202,-7.07712731,36.0285157,True,True
NGC 6624,-691.2,267.926294,-31.4724957,7.03736122,-1.49681101,-2.43348192,-1.09414562,-0.18366541,-0.295991998,1.10945375,1.14825906,34.4599276,76.862871,-176.642538,2.15807699,-7.13101955,34.2364429,True,True
NGC 6624,-691.3,267.739931,-31.4532596,7.03333988,-1.56135865,-2.28692106,-1.09758613,-0.19149425,-0.277836597,1.11416577,1.14828504,32.8194504,76.2351983,-178.39121,2.18657683,-7.18423653,32.4101863,True,True
NGC 6624,-691.4,267.552279,-31.4324859,7.0295331,-1.62540041,-2.13870686,-1.10085804,-0.19925844,-0.259505657,1.11874588,1.14844919,31.1628258,75.5986398,-180.074423,2.21272698,-7.23666181,30.5505738,True,True
NGC 6624,-691.5,267.363423,-31.4101912,7.02594401,-1.68892325,-1.98890583,-1.10395972,-0.206957089,-0.24100617,1.12319112,1.14875684,29.490671,74.9535362,-181.686266,2.23637093,-7.28816859,28.6585671,False,False
NGC 6624,-691.6,267.173452,-31.3863955,7.02257562,-1.75191442,-1.83759029,-1.10688963,-0.21458934,-0.222345759,1.12749866,1.14921315,27.803669,74.30025,-183.220267,2.25733976,-7.33861925,26.7352751,False,False
NGC 6624,-691.7,266.982461,-31.3611231,7.01943082,-1.81436154,-1.68483884,-1.10964627,-0.222154377,-0.203532743,1.13166577,1.14982303,26.1025734,73.6391656,-184.669379,2.27545209,-7.38786503,24.7819683,False,False
NGC 6624,-691.8,266.790555,-31.3344026,7.01651236,-1.87625256,-1.53073683,-1.11222826,-0.229651422,-0.184576188,1.13568987,1.15059108,24.3882119,72.9706915,-186.025997,2.29051473,-7.43574623,22.8000939,False,False
NGC 6624,-691.9,266.597841,-31.3062669,7.01382281,-1.93757588,-1.37537679,-1.11463427,-0.237079742,-0.165485963,1.1395685,1.15152159,22.6614903,72.2952598,-187.282001,2.30232416,-7.48209291,20.7912906,False,False
NGC 6624,-692,266.404435,-31.2767542,7.01136458,-1.99832028,-1.21885881,-1.11686311,-0.244438649,-0.146272792,1.14329937,1.1526184,20.9233945,71.6133281,-188.428856,2.31066923,-7.52672631,18.757403,False,False
NGC 6624,-692.1,266.210461,-31.2459076,7.00913987,-2.05847502,-1.06129077,-1.11891364,-0.251727502,-0.126948287,1.14688032,1.15388489,19.1749921,70.9253784,-189.45776,2.31533533,-7.56946137,16.700493,False,False
NGC 6624,-692.2,266.016048,-31.2137756,7.00715065,-2.11802986,-0.902788478,-1.12078489,-0.258945711,-0.107524964,1.15030937,1.15532388,17.4174318,70.2319178,-190.35987,2.31611033,-7.61011031,14.6228476,False,False
NGC 6624,-692.3,265.821333,-31.1804118,7.00539863,-2.17697508,-0.743475514,-1.12247598,-0.266092739,-0.0880162322,1.1535847,1.15693756,15.6519406,69.5334772,-191.126596,2.3127923,-7.64848756,12.5269803,False,False
NGC 6624,-692.4,265.62646,-31.1458752,7.00388528,-2.23530151,-0.583482852,-1.12398615,-0.273168106,-0.0684363535,1.15670467,1.15872741,13.8798175,68.8306094,-191.749957,2.30519887,-7.68441577,10.415624,False,False
NGC 6624,-692.5,265.431577,-31.1102295,7.00261174,-2.29300058,-0.422948101,-1.12531481,-0.280171388,-0.0488003553,1.15966781,1.16069415,12.1024251,68.1238866,-192.222996,2.29317763,-7.71773281,8.29171336,False,False
NGC 6624,-692.6,265.236838,-31.0735429,7.00157887,-2.3500643,-0.262014439,-1.12646148,-0.28710222,-0.0291239087,1.16247286,1.16283763,10.3211766,67.4138964,-192.540192,2.27661668,-7.74829897,6.15835425,False,False
NGC 6624,-692.7,265.042398,-31.0358871,7.00078718,-2.40648535,-0.100829145,-1.12742585,-0.293960299,-0.00942315774,1.16511875,1.16515685,8.53752015,66.7012372,-192.69784,2.25545406,-7.77600381,4.01878159,False,False
NGC 6624,-692.8,264.848415,-30.9973366,7.00023686,-2.46225701,0.0604581002,-1.12820773,-0.300745383,0.0102854799,1.16760459,1.16764989,6.75292062,65.9865124,-192.694338,2.22968461,-7.80077152,1.87630596,False,False
NGC 6624,-692.9,264.655046,-30.9579678,6.99992775,-2.51737326,0.221697131,-1.12880712,-0.307457291,0.0299855368,1.1699297,1.17031391,4.96883927,65.2703235,-192.530334,2.19936322,-7.82256416,-0.26574697,False,False
NGC 6624,-693,264.462443,-30.9178576,6.99985935,-2.57182872,0.382739266,-1.12922414,-0.314095904,0.0496607271,1.17209359,1.17314517,3.18671339,64.5532639,-192.208712,2.16460377,-7.84138226,-2.40409956,False,False
NGC 6624,-693.1,264.270757,-30.8770827,7.00003084,-2.62561865,0.543439194,-1.12945905,-0.320661163,0.0692951673,1.17409597,1.17613909,1.40793682,63.8359115,-191.734408,2.12557389,-7.85726269,-4.53558243,False,False
NGC 6624,-693.2,264.080128,-30.8357185,7.00044107,-2.678739,0.703656642,-1.12951228,-0.327153066,0.0888735708,1.1759367,1.17929031,-0.366157289,63.118823,-191.114103,2.08248626,-7.87027426,-6.6571868,False,False
NGC 6624,-693.3,263.890693,-30.7938383,7.0010886,-2.73118629,0.863257747,-1.12938436,-0.333571668,0.108381406,1.17761585,1.18259276,-2.13431067,62.402528,-190.35582,2.03558792,-7.88051174,-8.76610574,False,False
NGC 6624,-693.4,263.702577,-30.7515126,7.0019717,-2.7829577,1.02211606,-1.12907597,-0.339917075,0.127805014,1.17913365,1.18603975,-3.89535039,61.6875245,-189.468496,1.9851487,-7.88808917,-10.8597625,False,False
NGC 6624,-693.5,263.5159,-30.7088088,7.00308842,-2.83405094,1.18011321,-1.12858788,-0.346189444,0.147131676,1.18049046,1.18962408,-5.64819568,60.9742763,-188.461572,1.93145035,-7.89313333,-12.9358259,False,False
NGC 6624,-693.6,263.330768,-30.665791,7.00443655,-2.88446431,1.33713918,-1.12792098,-0.352388976,0.166349652,1.18168682,1.19333815,-7.39186128,60.2632102,-187.344629,1.87477696,-7.89577779,-14.9922153,False,False
NGC 6624,-693.7,263.14728,-30.6225197,7.00601371,-2.9341966,1.49309241,-1.12707627,-0.358515915,0.185448174,1.18272338,1.19717401,-9.12545785,59.5547154,-186.127099,1.81540739,-7.89615802,-17.0270956,False,False
NGC 6624,-693.8,262.965528,-30.5790515,7.00781731,-2.98324709,1.64787951,-1.12605481,-0.364570542,0.204417422,1.18360091,1.20112347,-10.8481901,58.8491435,-184.818048,1.75360963,-7.8944077,-19.0388667,False,False
NGC 6624,-693.9,262.785591,-30.5354401,7.00984465,-3.03161551,1.80141503,-1.12485775,-0.370553173,0.223248479,1.18432032,1.2051782,-12.559353,58.1468091,-183.426034,1.68963699,-7.89065598,-21.0261482,False,False
NGC 6624,-694,262.607545,-30.4917354,7.01209286,-3.079302,1.95362093,-1.12348631,-0.376464152,0.241933273,1.18488258,1.20932975,-14.258327,57.447991,-181.959017,1.62372594,-7.88502577,-22.9877622,False,False
NGC 6624,-694.1,262.431454,-30.4479844,7.014559,-3.1263071,2.10442613,-1.12194175,-0.382303853,0.260464513,1.1852888,1.21356965,-15.9445724,56.7529341,-180.424322,1.55609508,-7.87763276,-24.922715,False,False
NGC 6624,-694.2,262.257378,-30.4042311,7.01724,-3.17263167,2.25376594,-1.12022541,-0.388072671,0.278835624,1.18554012,1.21788944,-17.6176232,56.0618514,-178.828632,1.48694503,-7.868585,-26.830179,False,False
NGC 6624,-694.3,262.085369,-30.3605167,7.02013273,-3.21827693,2.40158159,-1.11833866,-0.393771022,0.297040684,1.1856378,1.22228072,-19.2770814,55.374926,-177.178007,1.41645893,-7.85798282,-28.7094755,False,False
NGC 6624,-694.4,261.915475,-30.3168801,7.02323401,-3.26324437,2.54781968,-1.11628291,-0.39939934,0.315074359,1.18558313,1.22673519,-20.9226104,54.6923134,-175.477914,1.34480335,-7.84591914,-30.5600582,False,False
NGC 6624,-694.5,261.747737,-30.2733576,7.0265406,-3.30753575,2.69243174,-1.11405959,-0.404958072,0.332931846,1.18537749,1.23124466,-22.5539299,54.0141438,-173.73327,1.27212939,-7.8324798,-32.3814989,False,False
NGC 6624,-694.6,261.582193,-30.2299836,7.03004923,-3.35115309,2.83537376,-1.11167016,-0.410447679,0.350608817,1.1850223,1.23580111,-24.1708097,53.3405242,-171.948489,1.19857391,-7.81774411,-34.1734734,False,False
NGC 6624,-694.7,261.418875,-30.1867903,7.03375658,-3.39409862,2.97660579,-1.10911613,-0.415868631,0.368101375,1.18451902,1.24039668,-25.7730651,52.6715407,-170.127521,1.12426073,-7.80178532,-35.9357499,False,False
NGC 6624,-694.8,261.257812,-30.1438083,7.03765934,-3.43637477,3.11609157,-1.10639898,-0.421221405,0.385406002,1.18386916,1.24502368,-27.3605522,52.0072603,-168.273906,1.04930185,-7.7846712,-37.6681779,False,False
NGC 6624,-694.9,261.099029,-30.1010664,7.04175417,-3.47798415,3.25379823,-1.10352024,-0.426506485,0.402519524,1.18307426,1.24967463,-28.933163,51.3477326,-166.390808,0.973798606,-7.76646448,-39.3706785,False,False
NGC 6624,-695,260.942549,-30.0585918,7.04603775,-3.51892954,3.38969593,-1.10048143,-0.431724358,0.419439074,1.18213591,1.25434224,-30.4908219,50.6929922,-164.481057,0.897842663,-7.7472234,-41.0432362,False,False
NGC 6624,-695.1,260.78839,-30.0164105,7.05050674,-3.55921388,3.52375761,-1.09728409,-0.436875516,0.436162058,1.18105571,1.25901943,-32.0334819,50.0430596,-162.547187,0.821517024,-7.72700211,-42.6858907,False,False
NGC 6624,-695.2,260.636569,-29.974547,7.05515782,-3.59884021,3.65595876,-1.09392974,-0.441960452,0.452686127,1.17983529,1.26369935,-33.5611211,49.397943,-160.591463,0.744896883,-7.70585106,-44.2987305,False,False
NGC 6624,-695.3,260.487101,-29.9330246,7.05998768,-3.63781173,3.7862772,-1.09041993,-0.446979656,0.469009151,1.17847632,1.26837534,-35.07374,48.7576399,-158.615913,0.66805041,-7.68381739,-45.8818871,False,False
NGC 6624,-695.4,260.339997,-29.8918654,7.06499302,-3.67613173,3.91469285,-1.08675618,-0.451933622,0.485129198,1.17698046,1.27304098,-36.5713588,48.1221378,-156.622356,0.591039455,-7.66094523,-47.4355291,False,False
NGC 6624,-695.5,260.195267,-29.8510905,7.07017058,-3.71380359,4.04118757,-1.08294004,-0.456822838,0.50104451,1.17534941,1.27769004,-38.0540146,47.4914158,-154.612417,0.513920175,-7.63727599,-48.9598581,False,False
NGC 6624,-695.6,260.05292,-29.8107201,7.0755171,-3.75083078,4.16574504,-1.07897303,-0.461647793,0.516753489,1.17358489,1.28231652,-39.5217596,46.8654454,-152.587558,0.436743595,-7.61284863,-50.4551041,False,False
NGC 6624,-695.7,259.912962,-29.7707732,7.08102937,-3.78721686,4.28835053,-1.07485667,-0.466408971,0.532254677,1.17168861,1.28691462,-40.9746589,46.2441914,-150.549087,0.359556102,-7.58769985,-51.921522,False,False
NGC 6624,-695.8,259.775397,-29.7312682,7.08670419,-3.82296544,4.40899085,-1.07059248,-0.471106852,0.547546742,1.16966231,1.29147875,-42.4127888,45.6276129,-148.498177,0.282399894,-7.56186434,-53.3593883,False,False
NGC 6624,-695.9,259.64023,-29.6922224,7.09253839,-3.85808022,4.52765417,-1.06618196,-0.475741912,0.562628467,1.16750774,1.29600352,-43.8362351,45.0156639,-146.435885,0.205313371,-7.53537491,-54.768998,False,False
NGC 6624,-696,259.507463,-29.6536526,7.09852886,-3.89256492,4.64432998,-1.0616266,-0.480314622,0.577498738,1.16522667,1.30048375,-45.2450919,44.4082938,-144.363154,0.128331491,-7.50826268,-56.150662,False,False
NGC 6624,-696.1,259.377096,-29.6155746,7.1046725,-3.92642333,4.75900892,-1.05692791,-0.484825447,0.592156531,1.16282084,1.30491443,-46.6394601,43.8054486,-142.280836,0.0514860793,-7.48055718,-57.5047052,False,False
NGC 6624,-696.2,259.249131,-29.5780036,7.11096624,-3.95965928,4.87168275,-1.05208735,-0.489274847,0.606600906,1.16029206,1.30929077,-48.0194463,43.2070707,-140.189692,-0.0251938858,-7.45228654,-58.8314636,False,False
NGC 6624,-696.3,259.123567,-29.5409542,7.11740708,-3.99227662,4.98234422,-1.04710638,-0.493663276,0.620830994,1.15764209,1.31360813,-49.3851619,42.6131,-138.090406,-0.101682026,-7.42347753,-60.1312835,False,False
NGC 6624,-696.4,259.000401,-29.5044402,7.12399201,-4.02427927,5.09098704,-1.04198647,-0.497991182,0.634845997,1.15487273,1.31786208,-50.736722,42.0234737,-135.983593,-0.177954338,-7.39415569,-61.4045188,False,False
NGC 6624,-696.5,258.879632,-29.468475,7.13071811,-4.05567112,5.19760579,-1.03672905,-0.502259006,0.648645172,1.15198577,1.32204833,-52.0742445,41.4381275,-133.869802,-0.253988989,-7.36434543,-62.6515303,False,False
NGC 6624,-696.6,258.761255,-29.4330712,7.13758246,-4.08645615,5.30219586,-1.03133555,-0.506467181,0.662227831,1.14898304,1.32616278,-53.3978497,40.856995,-131.749526,-0.329766139,-7.33407009,-63.872684,False,False
NGC 6624,-696.7,258.645267,-29.3982411,7.14458219,-4.11663829,5.40475339,-1.02580739,-0.510616136,0.675593334,1.14586633,1.33020149,-54.7076594,40.2800088,-129.623206,-0.405267776,-7.30335199,-65.0683501,False,False
NGC 6624,-696.8,258.531665,-29.3639962,7.15171449,-4.14622155,5.50527522,-1.02014598,-0.514706291,0.688741084,1.14263747,1.33416066,-56.0037963,39.7071004,-127.491236,-0.480477569,-7.27221254,-66.2389017,False,False
NGC 6624,-696.9,258.420441,-29.3303477,7.15897656,-4.17520992,5.60375886,-1.0143527,-0.51873806,0.701670521,1.13929828,1.33803666,-57.2863835,39.1382002,-125.353968,-0.555380738,-7.24067228,-67.3847144,False,False
NGC 6624,-697,258.311591,-29.2973063,7.16636566,-4.2036074,5.7002024,-1.00842894,-0.522711848,0.71438112,1.13585061,1.34182599,-58.5555442,38.5732384,-123.211712,-0.629963929,-7.20875091,-68.5061646,False,False
NGC 6624,-697.1,258.205109,-29.264882,7.17387908,-4.23141799,5.79460452,-1.00237606,-0.526628056,0.726872384,1.13229628,1.3455253,-59.8114008,38.0121444,-121.064747,-0.704215107,-7.17646735,-69.6036296,False,False
NGC 6624,-697.2,258.100989,-29.2330847,7.18151417,-4.25864573,5.88696442,-0.996195418,-0.530487074,0.739143846,1.12863716,1.34913138,-61.0540752,37.4548477,-118.913318,-0.778123459,-7.1438398,-70.6774865,False,False
NGC 6624,-697.3,257.999222,-29.2019237,7.18926829,-4.28529463,5.97728179,-0.989888356,-0.534289288,0.751195059,1.1248751,1.35264113,-62.2836879,36.9012772,-116.757639,-0.851679301,-7.11088576,-71.7281115,False,False
NGC 6624,-697.4,257.899803,-29.1714078,7.19713887,-4.31136872,6.06555678,-0.983456203,-0.538035076,0.763025599,1.12101197,1.35605159,-63.5003579,36.3513621,-114.597901,-0.924873998,-7.07762206,-72.7558798,False,False
NGC 6624,-697.5,257.802724,-29.1415456,7.20512335,-4.336872,6.15178996,-0.976900276,-0.541724807,0.774635059,1.11704965,1.35935992,-64.7042025,35.8050318,-112.434267,-0.997699885,-7.04406491,-73.7611646,False,False
NGC 6624,-697.6,257.707976,-29.1123452,7.21321925,-4.36180851,6.23598231,-0.970221881,-0.545358844,0.786023049,1.11299001,1.36256339,-65.8953369,35.2622155,-110.26688,-1.0701502,-7.01022991,-74.744337,False,False
NGC 6624,-697.7,257.615551,-29.0838144,7.22142408,-4.38618225,6.31813518,-0.963422312,-0.548937543,0.797189191,1.10883496,1.3656594,-67.0738742,34.7228431,-108.095861,-1.14221904,-6.97613212,-75.7057656,False,False
NGC 6624,-697.8,257.525442,-29.0559605,7.22973544,-4.40999724,6.39825024,-0.956502853,-0.552461254,0.808133119,1.10458641,1.36864542,-68.239925,34.1868444,-105.921313,-1.21390125,-6.94178601,-76.645816,False,False
NGC 6624,-697.9,257.43764,-29.0287907,7.23815094,-4.43325746,6.47632951,-0.949464774,-0.555930316,0.818854477,1.10024628,1.37151906,-69.3935973,33.65415,-103.743322,-1.28519243,-6.90720557,-77.5648507,False,False
NGC 6624,-698,257.352136,-29.0023116,7.24666822,-4.45596692,6.55237531,-0.942309336,-0.559345066,0.829352916,1.09581649,1.37427801,-70.5349963,33.1246906,-101.561957,-1.35608886,-6.87240428,-78.4632284,False,False
NGC 6624,-698.1,257.268921,-28.9765298,7.25528499,-4.47812959,6.6263902,-0.935037789,-0.562705829,0.839628094,1.091299,1.37692006,-71.6642244,32.5983975,-99.3772735,-1.42658746,-6.83739512,-79.3413045,False,False
NGC 6624,-698.2,257.187986,-28.9514514,7.26399897,-4.49974944,6.69837704,-0.927651373,-0.566012927,0.849679674,1.08669577,1.37944309,-72.7813811,32.0752026,-97.1893127,-1.49668571,-6.80219065,-80.1994301,False,False
NGC 6624,-698.3,257.109323,-28.9270821,7.27280794,-4.52083043,6.7683389,-0.920151317,-0.569266672,0.859507322,1.08200878,1.38184508,-73.8865625,31.5550383,-94.9981037,-1.5663817,-6.76680296,-81.0379525,False,False
NGC 6624,-698.4,257.032921,-28.9034276,7.2817097,-4.54137651,6.83627909,-0.912538841,-0.572467372,0.869110707,1.07724,1.38412407,-74.9798617,31.0378373,-92.803664,-1.63567399,-6.73124372,-81.8572142,False,False
NGC 6624,-698.5,256.958772,-28.8804931,7.29070209,-4.56139161,6.90220109,-0.904815155,-0.575615326,0.878489499,1.07239147,1.38627821,-76.0613685,30.5235331,-90.6060005,-1.70456165,-6.69552421,-82.6575538,False,False
NGC 6624,-698.6,256.886866,-28.8582837,7.29978299,-4.58087964,6.96610861,-0.896981462,-0.578710826,0.887643368,1.06746521,1.3883057,-77.1311691,30.0120598,-88.4051102,-1.7730442,-6.65965531,-83.4393048,False,False
NGC 6624,-698.7,256.817194,-28.8368041,7.30895031,-4.5998445,7.02800551,-0.889038955,-0.58175416,0.896571985,1.06246325,1.39020484,-78.1893465,29.5033519,-86.2009812,-1.8411216,-6.62364752,-84.2027964,False,False
NGC 6624,-698.8,256.749747,-28.8160588,7.31820201,-4.61829007,7.0878958,-0.880988817,-0.584745606,0.905275016,1.05738769,1.39197398,-79.23598,28.9973445,-83.9935927,-1.90879419,-6.58751098,-84.9483528,False,False
NGC 6624,-698.9,256.684515,-28.7960522,7.32753608,-4.63622023,7.14578364,-0.872832226,-0.587685437,0.913752127,1.05224059,1.39361157,-80.2711454,28.4939733,-81.7829164,-1.9760627,-6.55125548,-85.6762932,False,False
NGC 6624,-699,256.621488,-28.7767883,7.33695052,-4.65363881,7.20167334,-0.86457035,-0.59057392,0.922002979,1.04702409,1.3951161,-81.2949148,27.9931745,-79.5689165,-2.0429282,-6.51489047,-86.3869321,False,False
NGC 6624,-699.1,256.560657,-28.7582709,7.34644339,-4.67054965,7.25556931,-0.856204352,-0.593411315,0.930027232,1.04174031,1.39648614,-82.3073565,27.4948849,-77.3515505,-2.10939209,-6.47842509,-87.0805787,False,False
NGC 6624,-699.2,256.502013,-28.7405036,7.35601278,-4.68695655,7.30747607,-0.847735387,-0.596197874,0.937824537,1.03639143,1.39772031,-83.3085354,26.9990418,-75.1307694,-2.17545611,-6.44186815,-87.7575372,False,False
NGC 6624,-699.3,256.445547,-28.72349,7.36565681,-4.70286331,7.35739824,-0.839164603,-0.598933846,0.945394544,1.03097962,1.3988173,-84.2985122,26.505583,-72.9065184,-2.24112224,-6.40522816,-88.4181066,False,False
NGC 6624,-699.4,256.391248,-28.7072332,7.37537363,-4.71827368,7.40534051,-0.830493144,-0.60161947,0.952736893,1.02550712,1.39977585,-85.277344,26.0144467,-70.6787371,-2.30639277,-6.36851336,-89.0625808,False,False
NGC 6624,-699.5,256.339108,-28.6917362,7.38516142,-4.73319143,7.45130769,-0.821722146,-0.604254981,0.959851222,1.01997616,1.40059478,-86.245084,25.5255717,-68.44736,-2.37127025,-6.33173167,-89.6912483,False,False
NGC 6624,-699.6,256.289118,-28.677002,7.39501839,-4.74762026,7.4953046,-0.812852741,-0.606840607,0.966737158,1.01438903,1.40127293,-87.2017814,25.0388971,-66.2123169,-2.43575745,-6.29489078,-90.3043925,False,False
NGC 6624,-699.7,256.241268,-28.6630331,7.40494278,-4.7615639,7.53733616,-0.803886056,-0.609376571,0.973394323,1.00874803,1.40180923,-88.1474815,24.5543626,-63.9735327,-2.49985737,-6.25799809,-90.9022915,False,False
NGC 6624,-699.8,256.195549,-28.6498322,7.41493288,-4.775026,7.57740731,-0.794823214,-0.611863087,0.97982233,1.00305552,1.40220262,-89.0822255,24.0719081,-61.7309285,-2.56357323,-6.22106075,-91.4852178,False,False
NGC 6624,-699.9,256.151952,-28.6374014,7.42498698,-4.78801023,7.61552306,-0.785665334,-0.614300366,0.986020784,0.997313871,1.40245212,-90.0060509,23.591474,-59.4844212,-2.62690846,-6.1840857,-92.053439,False,False
NGC 6624,-700,256.110468,-28.6257431,7.43510341,-4.80052022,7.65168844,-0.776413529,-0.616688612,0.991989282,0.991525497,1.40255679,-90.9189907,23.1130009,-57.233924,-2.68986665,-6.1470796,-92.607217,False,False
NGC 6624,-700.1,256.071089,-28.6148591,7.44528054,-4.81255958,7.68590848,-0.767068912,-0.619028021,0.997727411,0.985692856,1.40251574,-91.8210739,22.6364297,-54.9793466,-2.75245158,-6.11004891,-93.1468086,False,False
NGC 6624,-700.2,256.033806,-28.6047515,7.45551676,-4.82413188,7.71818828,-0.757632592,-0.621318785,1.00323475,0.979818441,1.40232811,-92.7123257,22.1617017,-52.7205955,-2.81466722,-6.07299987,-93.6724649,False,False
NGC 6624,-700.3,255.998609,-28.5954219,7.46581046,-4.83524068,7.7485329,-0.748105676,-0.62356109,1.00851086,0.973904788,1.40199312,-93.5927665,21.6887584,-50.4575741,-2.87651765,-6.03593852,-94.1844319,False,False
NGC 6624,-700.4,255.965491,-28.5868719,7.47616011,-4.84588951,7.77694743,-0.738489268,-0.625755115,1.01355532,0.967954474,1.40150999,-94.4624131,21.2175412,-48.1901829,-2.93800712,-5.99887067,-94.6829501,False,False
NGC 6624,-700.5,255.934444,-28.579103,7.48656416,-4.85608187,7.80343697,-0.728784472,-0.627901034,1.01836765,0.961970122,1.400878,-95.3212774,20.7479922,-45.9183197,-2.99914003,-5.96180196,-95.1682546,False,False
NGC 6624,-700.6,255.905458,-28.5721164,7.49702111,-4.86582123,7.82800659,-0.718992389,-0.629999015,1.0229474,0.9559544,1.4000965,-96.1693675,20.280053,-43.6418796,-3.05992088,-5.92473785,-95.6405752,False,False
NGC 6624,-700.7,255.878526,-28.5659134,7.50752947,-4.87511104,7.85066135,-0.709114123,-0.632049219,1.02729411,0.949910024,1.39916483,-97.0066867,19.8136658,-41.3607555,-3.1203543,-5.8876836,-96.100136,False,False
NGC 6624,-700.8,255.853639,-28.5604952,7.51808779,-4.88395473,7.87140632,-0.699150773,-0.634051801,1.03140727,0.943839759,1.39808242,-97.8332343,19.3487726,-39.074838,-3.18044505,-5.85064432,-96.5471561,False,False
NGC 6624,-700.9,255.830791,-28.5558625,7.52869463,-4.89235566,7.8902465,-0.689103442,-0.636006913,1.0352864,0.937746419,1.3968487,-98.6490048,18.8853153,-36.7840156,-3.24019797,-5.81362493,-96.9818488,False,False
NGC 6624,-701,255.809973,-28.5520163,7.53934857,-4.90031722,7.90718691,-0.678973233,-0.637914697,1.03893099,0.931632874,1.39546315,-99.4539882,18.423236,-34.4881747,-3.29961801,-5.77663022,-97.4044222,False,False
NGC 6624,-701.1,255.791178,-28.5489572,7.55004823,-4.90784272,7.9222325,-0.66876125,-0.639775291,1.04234052,0.925502043,1.39392532,-100.24817,17.9624766,-32.1872001,-3.35871021,-5.73966481,-97.8150788,False,False
NGC 6624,-701.2,255.774398,-28.546686,7.56079225,-4.91493546,7.93538821,-0.658468597,-0.641588828,1.04551446,0.919356905,1.39223475,-101.031531,17.5029787,-29.8809745,-3.4174797,-5.70273319,-98.2140159,False,False
NGC 6624,-701.3,255.759626,-28.5452032,7.57157926,-4.92159872,7.94665891,-0.648096384,-0.643355434,1.04845227,0.913200492,1.39039106,-101.804047,17.044684,-27.5693795,-3.47593169,-5.66583971,-98.601425,False,False
NGC 6624,-701.4,255.746855,-28.5445091,7.58240796,-4.92783572,7.95604946,-0.637645721,-0.645075228,1.05115338,0.907035895,1.38839387,-102.56569,16.5875337,-25.2522948,-3.53407146,-5.62898858,-98.9774925,False,False
NGC 6624,-701.5,255.736078,-28.5446041,7.59327703,-4.93364966,7.96356465,-0.62711772,-0.646748326,1.05361724,0.900866267,1.38624288,-103.316427,16.131469,-22.9295989,-3.59190436,-5.5921839,-99.3423991,False,False
NGC 6624,-701.6,255.727288,-28.5454884,7.60418518,-4.93904373,7.96920921,-0.6165135,-0.648374833,1.05584326,0.89469482,1.38393779,-104.056218,15.6764306,-20.6011691,-3.64943581,-5.55542965,-99.69632,False,False
NGC 6624,-701.7,255.72048,-28.5471621,7.61513116,-4.94402105,7.97298784,-0.605834183,-0.649954854,1.05783085,0.888524827,1.38147837,-104.78502,15.2223588,-18.2668814,-3.70667128,-5.5187297,-100.039425,False,False
NGC 6624,-701.8,255.715645,-28.5496254,7.6261137,-4.94858473,7.97490515,-0.595080894,-0.651488482,1.05957941,0.882359628,1.3788644,-105.502785,14.7691936,-15.9266108,-3.7636163,-5.4820878,-100.371878,False,False
NGC 6624,-701.9,255.712778,-28.5528781,7.63713159,-4.95273783,7.97496572,-0.584254765,-0.652975809,1.06108831,0.876202624,1.37609573,-106.209459,14.3168744,-13.5802316,-3.82027645,-5.44550762,-100.693839,False,False
NGC 6624,-702,255.711874,-28.5569201,7.6481836,-4.95648338,7.97317404,-0.573356933,-0.654416918,1.06235693,0.870057282,1.37317221,-106.904983,13.86534,-11.2276171,-3.87665737,-5.40899274,-101.005459,False,False
NGC 6624,-702.1,255.712926,-28.5617513,7.65926854,-4.95982439,7.96953455,-0.562388542,-0.655811884,1.06338462,0.863927138,1.37009377,-107.589293,13.4145288,-8.86863986,-3.93276471,-5.37254664,-101.306887,False,False
NGC 6624,-702.2,255.715928,-28.5673713,7.67038524,-4.96276379,7.9640516,-0.551350742,-0.657160781,1.06417072,0.857815791,1.36686037,-108.262318,12.9643784,-6.50317204,-3.98860418,-5.33617274,-101.598264,False,False
NGC 6624,-702.3,255.720875,-28.5737798,7.68153251,-4.96530453,7.95672949,-0.540244691,-0.65846367,1.06471457,0.851726911,1.36347198,-108.923985,12.5148257,-4.13108527,-4.04418154,-5.29987436,-101.879727,False,False
NGC 6624,-702.4,255.727762,-28.5809763,7.69270922,-4.96744947,7.94757242,-0.529071555,-0.659720612,1.06501548,0.845664233,1.35992866,-109.574211,12.0658068,-1.75225087,-4.09950254,-5.2636548,-102.151406,False,False
NGC 6624,-702.5,255.736583,-28.5889604,7.70391423,-4.96920147,7.93658454,-0.517832508,-0.660931656,1.06507274,0.839631562,1.35623048,-110.212911,11.617257,0.633460025,-4.154573,-5.22751724,-102.413426,False,False
NGC 6624,-702.6,255.747334,-28.5977313,7.71514641,-4.97056331,7.92376992,-0.506528734,-0.662096847,1.06488567,0.833632769,1.35237756,-110.839991,11.1691107,3.02617634,-4.20939873,-5.19146486,-102.665906,False,False
NGC 6624,-702.7,255.760009,-28.6072884,7.72640465,-4.97153777,7.90913252,-0.495161426,-0.663216224,1.06445352,0.827671794,1.34837009,-111.455354,10.7213012,5.42602691,-4.26398558,-5.15550076,-102.90896,False,False
NGC 6624,-702.8,255.774605,-28.6176311,7.73768786,-4.97212755,7.89267625,-0.483731788,-0.664289818,1.06377557,0.821752642,1.34420827,-112.058893,10.2737609,7.83314033,-4.31833941,-5.11962801,-103.142693,False,False
NGC 6624,-702.9,255.791116,-28.6287584,7.74899495,-4.97233535,7.87440492,-0.472241034,-0.665317651,1.06285106,0.815879385,1.33989236,-112.650499,9.82642095,10.2476448,-4.3724661,-5.08384966,-103.367208,False,False
NGC 6624,-703,255.809539,-28.6406696,7.76032485,-4.97216378,7.85432228,-0.460690392,-0.666299742,1.06167923,0.810056161,1.3354227,-113.230054,9.37921137,12.6696679,-4.42637152,-5.0481687,-103.582601,False,False
NGC 6624,-703.1,255.82987,-28.6533635,7.77167649,-4.97161544,7.83243195,-0.449081099,-0.6672361,1.06025931,0.804287167,1.33079963,-113.797435,8.93206087,15.0993365,-4.48006157,-5.01258814,-103.78896,False,False
NGC 6624,-703.2,255.852105,-28.6668393,7.78304882,-4.97069287,7.80873751,-0.437414407,-0.668126727,1.05859051,0.798576663,1.32602359,-114.35251,8.48489684,17.5367766,-4.53354214,-4.97711094,-103.986369,False,False
NGC 6624,-703.3,255.87624,-28.6810958,7.79444079,-4.96939855,7.78324243,-0.425691582,-0.668971619,1.05667203,0.792928969,1.32109505,-114.895142,8.03764518,19.9821131,-4.58681912,-4.94174008,-104.174905,False,False
NGC 6624,-703.4,255.902273,-28.6961318,7.80585137,-4.96773495,7.75595009,-0.413913904,-0.669770761,1.05450305,0.787348457,1.31601454,-115.425188,7.59023031,22.4354693,-4.63989839,-4.90647853,-104.354638,False,False
NGC 6624,-703.5,255.930199,-28.7119461,7.81727952,-4.96570445,7.7268638,-0.402082667,-0.670524135,1.05208275,0.781839553,1.31078266,-115.942496,7.14257502,24.8969673,-4.69278584,-4.87132926,-104.525634,False,False
NGC 6624,-703.6,255.960016,-28.7285374,7.82872423,-4.96330941,7.69598678,-0.390199183,-0.67123171,1.04941028,0.77640673,1.30540007,-116.446907,6.69460041,27.3667271,-4.74548732,-4.83629528,-104.687949,False,False
NGC 6624,-703.7,255.99172,-28.7459043,7.84018449,-4.96055211,7.66332214,-0.378264779,-0.67189345,1.0464848,0.771054506,1.29986749,-116.938254,6.24622578,29.8448667,-4.79800869,-4.8013796,-104.841637,False,False
NGC 6624,-703.8,256.025311,-28.7640453,7.85165927,-4.95743481,7.62887293,-0.366280799,-0.672509311,1.04330545,0.765787436,1.29418571,-117.416365,5.79736855,32.3315018,-4.85035577,-4.76658526,-104.986741,False,False
NGC 6624,-703.9,256.060784,-28.782959,7.86314759,-4.95395969,7.59264211,-0.354248607,-0.673079239,1.03987134,0.760610109,1.2883556,-117.881057,5.34794417,34.8267454,-4.90253436,-4.73191537,-105.1233,False,False
NGC 6624,-704,256.098139,-28.8026437,7.87464843,-4.95012888,7.55463254,-0.342169585,-0.67360317,1.0361816,0.755527138,1.28237809,-118.33214,4.89786599,37.3307075,-4.95455022,-4.69737305,-105.251345,False,False
NGC 6624,-704.1,256.137372,-28.8230977,7.8861608,-4.94594447,7.514847,-0.330045134,-0.674081034,1.03223533,0.750543158,1.27625421,-118.769418,4.44704519,39.8434949,-5.0064091,-4.66296151,-105.370901,False,False
NGC 6624,-704.2,256.178483,-28.8443192,7.89768372,-4.94140847,7.47328821,-0.317876677,-0.674512751,1.02803161,0.745662815,1.26998505,-119.192683,3.99539064,42.3652104,-5.05811669,-4.628684,-105.481986,False,False
NGC 6624,-704.3,256.221469,-28.8663065,7.90921618,-4.93652283,7.42995877,-0.305665658,-0.67489823,1.02356954,0.740890758,1.26357181,-119.60172,3.54280881,44.8959531,-5.10967861,-4.59454387,-105.584609,False,False
NGC 6624,-704.4,256.26633,-28.8890576,7.9207572,-4.93128947,7.38486122,-0.293413543,-0.675237372,1.01884818,0.736231631,1.25701576,-119.996306,3.08920368,47.4358172,-5.16110047,-4.56054452,-105.678775,False,False
NGC 6624,-704.5,256.313064,-28.9125705,7.93230578,-4.9257102,7.33799803,-0.281121822,-0.675530066,1.01386659,0.731690063,1.25031828,-120.376208,2.63447656,49.9848922,-5.21238779,-4.52668949,-105.764478,False,False
NGC 6624,-704.6,256.36167,-28.936843,7.94386095,-4.91978679,7.28937157,-0.268792009,-0.675776192,1.00862383,0.727270655,1.24348085,-120.741184,2.17852605,52.5432619,-5.26354602,-4.4929824,-105.841707,False,False
NGC 6624,-704.7,256.412148,-28.9618731,7.95542171,-4.91352096,7.23898417,-0.256425644,-0.675975621,1.00311894,0.722977974,1.23650506,-121.090983,1.72124788,55.111004,-5.31458054,-4.45942698,-105.910443,False,False
NGC 6624,-704.8,256.464496,-28.9876584,7.96698706,-4.90691433,7.18683806,-0.244024291,-0.676128212,0.997350968,0.718816537,1.2293926,-121.425343,1.26253481,57.6881898,-5.36549666,-4.42602711,-105.970658,False,False
NGC 6624,-704.9,256.518715,-29.0141966,7.97855601,-4.89996846,7.13293542,-0.231589544,-0.676233811,0.991318935,0.714790797,1.22214529,-121.743992,0.802276453,60.2748831,-5.41629957,-4.3927868,-106.022318,False,False
NGC 6624,-705,256.574805,-29.0414851,7.99012757,-4.89268485,7.07727837,-0.219123024,-0.676292255,0.98502187,0.710905137,1.21476508,-122.046651,0.340359219,62.8711398,-5.46699435,-4.35971022,-106.065379,False,False
NGC 6624,-705.1,256.632765,-29.0695214,8.00170073,-4.8850649,7.01986896,-0.206626381,-0.676303368,0.978458792,0.707163847,1.20725404,-122.333027,-0.123333868,65.4770073,-5.517586,-4.32680169,-106.099791,False,False
NGC 6624,-705.2,256.692595,-29.0983028,8.01327448,-4.87710997,6.9607092,-0.194101294,-0.676266963,0.971628715,0.703571118,1.19961439,-122.602819,-0.588923276,68.0925231,-5.56807934,-4.29406574,-106.125492,False,False
NGC 6624,-705.3,256.754296,-29.1278265,8.02484781,-4.86882131,6.89980103,-0.181549478,-0.676182839,0.964530652,0.70013102,1.19184849,-122.855712,-1.0565331,70.7177148,-5.61847909,-4.26150708,-106.142416,False,False
NGC 6624,-705.4,256.817869,-29.1580894,8.03641969,-4.86020009,6.83714638,-0.168972675,-0.676050784,0.957163612,0.696847492,1.18395887,-123.091383,-1.5262912,73.3525983,-5.66878979,-4.22913063,-106.150485,False,False
NGC 6624,-705.5,256.883314,-29.1890887,8.04798911,-4.85124742,6.77274712,-0.156372665,-0.67587057,0.949526602,0.693724324,1.17594822,-123.309497,-1.99832933,75.9971775,-5.71901581,-4.19694153,-106.149614,False,False
NGC 6624,-705.6,256.950632,-29.220821,8.05955501,-4.8419643,6.70660509,-0.143751261,-0.675641958,0.941618633,0.690765142,1.16781939,-123.509707,-2.47278327,78.6514429,-5.76916134,-4.1649452,-106.139708,False,False
NGC 6624,-705.7,257.019825,-29.253283,8.07111636,-4.83235164,6.63872213,-0.131110312,-0.675364694,0.933438715,0.687973389,1.15957545,-123.691654,-2.94979297,81.3153702,-5.81923033,-4.13314729,-106.120664,False,False
NGC 6624,-705.8,257.090893,-29.2864713,8.08267209,-4.82241029,6.56910005,-0.118451704,-0.675038508,0.924985861,0.685352314,1.15121963,-123.854969,-3.42950264,83.9889194,-5.86922653,-4.10155374,-106.092368,False,False
NGC 6624,-705.9,257.163837,-29.3203822,8.09422113,-4.81214097,6.49774066,-0.105777364,-0.674663118,0.916259091,0.682904952,1.1427554,-123.999268,-3.91206095,86.6720333,-5.91915342,-4.07017082,-106.054699,False,False
NGC 6624,-706,257.23866,-29.3550118,8.1057624,-4.80154431,6.42464577,-0.0930892542,-0.674238224,0.907257429,0.68063411,1.13418642,-124.124157,-4.39762109,89.3646358,-5.96901422,-4.03900508,-106.007526,False,False
NGC 6624,-706.1,257.315363,-29.3903563,8.1172948,-4.79062087,6.34981724,-0.0803893821,-0.67376351,0.897979911,0.67854235,1.12551661,-124.229229,-4.88634091,92.0666305,-6.0188118,-4.00806347,-105.950706,False,False
NGC 6624,-706.2,257.393947,-29.4264114,8.12881722,-4.77937107,6.27325691,-0.0676797952,-0.673238646,0.888425581,0.676631975,1.11675013,-124.314065,-5.37838305,94.777899,-6.06854875,-3.97735328,-105.88409,False,False
NGC 6624,-706.3,257.474416,-29.4631728,8.14032853,-4.76779523,6.19496669,-0.0549625853,-0.672663284,0.878593498,0.674905015,1.10789138,-124.378232,-5.87391503,97.4982986,-6.11822724,-3.94688221,-105.807516,False,False
NGC 6624,-706.4,257.556769,-29.5006359,8.15182758,-4.75589359,6.11494855,-0.0422398887,-0.672037057,0.868482736,0.673363211,1.09894507,-124.421287,-6.37310936,100.227661,-6.16784908,-3.91665838,-105.720814,False,False
NGC 6624,-706.5,257.641011,-29.5387959,8.16331321,-4.74366624,6.03320454,-0.0295138879,-0.671359582,0.858092389,0.672008004,1.08991619,-124.442771,-6.87614357,102.965788,-6.21741558,-3.88669039,-105.623804,False,False
NGC 6624,-706.6,257.727142,-29.5776479,8.17478425,-4.73111319,5.94973676,-0.0167868129,-0.670630456,0.847421572,0.670840522,1.08081003,-124.442214,-7.38320038,105.712453,-6.26692762,-3.85698731,-105.516295,False,False
NGC 6624,-706.7,257.815165,-29.6171864,8.18623948,-4.71823429,5.86454748,-0.00406094244,-0.66984926,0.836469425,0.66986157,1.07163222,-124.419135,-7.89446765,108.467394,-6.31638551,-3.82755872,-105.398089,False,False
NGC 6624,-706.8,257.905083,-29.6574062,8.19767768,-4.70502932,5.77763904,0.00866139492,-0.669015553,0.825235116,0.669071618,1.06238874,-124.373037,-8.41013849,111.230312,-6.36578896,-3.7984148,-105.268975,False,False
NGC 6624,-706.9,257.996897,-29.6983012,8.2090976,-4.69149788,5.68901396,0.0213778192,-0.668128873,0.813717846,0.668470794,1.05308591,-124.303414,-8.93041124,114.000872,-6.41513708,-3.76956629,-105.128734,False,False
NGC 6624,-707,258.09061,-29.7398656,8.22049798,-4.67763948,5.59867493,0.0340858979,-0.667188741,0.801916852,0.668058878,1.04373047,-124.209745,-9.45548944,116.778692,-6.46442822,-3.74102457,-104.977137,False,False
NGC 6624,-707.1,258.186223,-29.7820927,8.23187752,-4.66345348,5.50662485,0.0467831449,-0.666194653,0.789831415,0.667835293,1.03432956,-124.091501,-9.98558181,119.563345,-6.51365998,-3.71280172,-104.813946,False,False
NGC 6624,-707.2,258.28374,-29.8249761,8.24323491,-4.64893911,5.41286683,0.059467019,-0.665146087,0.777460858,0.667799104,1.02489074,-123.948139,-10.5209022,122.354353,-6.56282911,-3.68491052,-104.638914,False,False
NGC 6624,-707.3,258.383163,-29.8685084,8.25456879,-4.63409546,5.31740426,0.0721349235,-0.664042497,0.764804559,0.667949014,1.01542203,-123.779105,-11.0616693,125.151184,-6.61193141,-3.65736456,-104.451784,False,False
NGC 6624,-707.4,258.484492,-29.9126824,8.26587779,-4.61892148,5.22024081,0.084784204,-0.662883313,0.751861951,0.668283359,1.00593193,-123.583838,-11.6081067,127.953245,-6.66096164,-3.63017824,-104.252294,False,False
NGC 6624,-707.5,258.587731,-29.9574902,8.27716052,-4.60341597,5.12138049,0.0974121486,-0.661667945,0.738632535,0.668800117,0.996429435,-123.361764,-12.1604425,130.759877,-6.70991345,-3.60336684,-104.040171,False,False
NGC 6624,-707.6,258.69288,-30.0029235,8.28841554,-4.58757758,5.02082768,0.110015986,-0.660395778,0.725115878,0.669496901,0.986924078,-123.112305,-12.7189092,133.570351,-6.75877923,-3.57694661,-103.815136,False,False
NGC 6624,-707.7,258.799941,-30.0489736,8.29964139,-4.57140482,4.91858717,0.122592885,-0.659066172,0.711311627,0.670370968,0.977425938,-122.834871,-13.2837431,136.383861,-6.80755003,-3.55093481,-103.576904,False,False
NGC 6624,-707.8,258.908916,-30.0956313,8.31083658,-4.55489602,4.81466423,0.135139956,-0.657678463,0.697219518,0.67141922,0.967945672,-122.528872,-13.8551839,139.199516,-6.85621536,-3.52534978,-103.325185,False,False
NGC 6624,-707.9,259.019804,-30.1428869,8.3219996,-4.53804938,4.70906463,0.147654245,-0.656231965,0.68283938,0.672638215,0.958494542,-122.193708,-14.4334746,142.016334,-6.9047631,-3.50021104,-103.059683,False,False
NGC 6624,-708,259.132608,-30.1907302,8.33312889,-4.52086292,4.60179473,0.160132739,-0.654725964,0.668171148,0.67402417,0.949084435,-121.828783,-15.0188602,144.833234,-6.95317932,-3.47553933,-102.780101,False,False
NGC 6624,-708.1,259.247325,-30.2391504,8.34422286,-4.50333451,4.49286151,0.172572365,-0.653159721,0.653214875,0.675572973,0.939727894,-121.433495,-15.6115875,147.649024,-7.00144808,-3.45135677,-102.486138,False,False
NGC 6624,-708.2,259.363957,-30.288136,8.3552799,-4.48546185,4.38227267,0.184969987,-0.651532473,0.63797074,0.677280192,0.930438136,-121.007248,-16.2119041,150.462394,-7.04955123,-3.42768688,-102.177494,False,False
NGC 6624,-708.3,259.482501,-30.337675,8.36629836,-4.46724248,4.27003669,0.197322407,-0.649843431,0.622439062,0.679141088,0.921229072,-120.549449,-16.8200574,153.271907,-7.09746822,-3.40455474,-101.853871,False,False
NGC 6624,-708.4,259.602956,-30.3877545,8.37727656,-4.44867376,4.1561629,0.209626368,-0.648091782,0.606620316,0.681150624,0.912115333,-120.059514,-17.4362933,156.07598,-7.1451758,-3.3819871,-101.514972,False,False
NGC 6624,-708.5,259.725319,-30.438361,8.38821279,-4.42975292,4.04066162,0.221878556,-0.646276686,0.590515145,0.683303482,0.903112277,-119.53687,-18.0608554,158.87288,-7.1926478,-3.36001247,-101.160508,False,False
NGC 6624,-708.6,259.849587,-30.4894802,8.39910531,-4.41047697,3.9235442,0.234075596,-0.644397279,0.57412438,0.685594076,0.89423601,-118.980958,-18.6939828,161.6607,-7.23985477,-3.33866129,-100.790197,False,False
NGC 6624,-708.7,259.975755,-30.5410968,8.40995234,-4.39084281,3.80482315,0.246214059,-0.642452673,0.557449053,0.688016569,0.885503386,-118.391242,-19.3359092,164.437351,-7.2867637,-3.31796611,-100.403769,False,False
NGC 6624,-708.8,260.103818,-30.5931948,8.42075209,-4.37084714,3.68451228,0.258290459,-0.640441957,0.540490423,0.690564886,0.876932015,-117.767205,-19.9868604,167.200541,-7.33333761,-3.29796167,-100.000968,False,False
NGC 6624,-708.9,260.233768,-30.645757,8.43150273,-4.35048652,3.5626268,0.270301263,-0.638364197,0.523249993,0.693232732,0.868540255,-117.108365,-20.6470526,169.947752,-7.37953511,-3.27868518,-99.5815525,False,False
NGC 6624,-709,260.365597,-30.6987653,8.4422024,-4.32975735,3.4391835,0.282242887,-0.636218437,0.505729535,0.696013611,0.860347203,-116.414272,-21.3166898,172.676226,-7.42531,-3.26017647,-99.1453052,False,False
NGC 6624,-709.1,260.499296,-30.7522003,8.45284923,-4.3086559,3.31420089,0.294111706,-0.634003701,0.487931119,0.698900843,0.852372668,-115.684517,-21.9959612,175.382932,-7.47061067,-3.24247823,-98.6920314,False,False
NGC 6624,-709.2,260.634852,-30.8060416,8.46344132,-4.28717827,3.18769937,0.305904052,-0.631718995,0.469857139,0.701887582,0.844637146,-114.918744,-22.6850386,178.064546,-7.5153796,-3.22563626,-98.2215657,False,False
NGC 6624,-709.3,260.772252,-30.8602674,8.47397676,-4.26532045,3.05970146,0.317616227,-0.629363308,0.451510343,0.704966837,0.837161771,-114.116648,-23.3840729,180.717415,-7.55955264,-3.20969976,-97.7337752,False,False
NGC 6624,-709.4,260.91148,-30.9148544,8.48445361,-4.2430783,2.93023196,0.329244502,-0.626935616,0.432893875,0.708131491,0.829968262,-113.277991,-24.0931906,183.33753,-7.60305834,-3.19472165,-97.2285642,False,False
NGC 6624,-709.5,261.052517,-30.9697778,8.49486995,-4.22044758,2.79931826,0.34078513,-0.624434881,0.414011304,0.711374322,0.823078846,-112.402608,-24.8124903,185.920482,-7.64581711,-3.18075889,-96.7058789,False,False
NGC 6624,-709.6,261.195343,-31.0250113,8.50522382,-4.19742395,2.66699056,0.35223435,-0.621860059,0.394866678,0.714688023,0.816516175,-111.490413,-25.5420383,188.461425,-7.68774034,-3.16787291,-96.1657109,False,False
NGC 6624,-709.7,261.339932,-31.0805267,8.51551329,-4.17400301,2.53328218,0.363588396,-0.6192101,0.375464559,0.718065227,0.810303218,-110.541415,-26.2818643,190.955029,-7.72872941,-3.15613001,-95.6081025,False,False
NGC 6624,-709.8,261.486257,-31.136294,8.5257364,-4.15018029,2.39822987,0.374843509,-0.616483953,0.355810085,0.721498524,0.804463136,-109.555722,-27.0319566,193.395429,-7.76867462,-3.14560183,-95.0331493,False,False
NGC 6624,-709.9,261.634286,-31.1922809,8.53589125,-4.12595129,2.26187421,0.385995946,-0.61368057,0.335909021,0.724980491,0.799019138,-108.533554,-27.7922572,195.776173,-7.80745396,-3.13636591,-94.4410045,False,False
NGC 6624,-710,261.783983,-31.2484532,8.5459759,-4.10131151,2.12425996,0.397041994,-0.610798913,0.315767826,0.728503711,0.793994318,-107.475251,-28.5626563,198.090158,-7.84493189,-3.12850616,-93.8318805,False,False
NGC 6624,-710.1,261.935307,-31.3047739,8.55598847,-4.07625648,1.98543656,0.40797798,-0.607837956,0.295393719,0.732060799,0.789411466,-106.381288,-29.3429872,200.329577,-7.88095803,-3.12211344,-93.2060504,False,False
NGC 6624,-710.2,262.088212,-31.3612036,8.56592709,-4.05078177,1.84545853,0.418800287,-0.604796696,0.27479476,0.735644427,0.785292865,-105.252277,-30.1330202,202.485853,-7.91536584,-3.11728606,-92.5638478,False,False
NGC 6624,-710.3,262.242646,-31.4176999,8.57578995,-4.02488306,1.70438607,0.429505368,-0.601674154,0.253979924,0.739247353,0.781660061,-104.088986,-30.9324574,204.549589,-7.94797145,-3.11413019,-91.9056645,False,False
NGC 6624,-710.4,262.398551,-31.4742175,8.58557524,-3.99855615,1.56228554,0.440089764,-0.598469388,0.232959193,0.742862442,0.778533618,-102.892337,-31.7409266,206.510525,-7.97857273,-3.11276011,-91.2319463,False,False
NGC 6624,-710.5,262.55586,-31.5307075,8.59528123,-3.97179701,1.41923007,0.450550117,-0.595181495,0.211743642,0.746482699,0.775932851,-101.663422,-32.5579768,208.357521,-8.00694888,-3.11329806,-90.5431856,False,False
NGC 6624,-710.6,262.714499,-31.5871177,8.60490622,-3.94460184,1.27530012,0.46088319,-0.591809625,0.190345531,0.750101292,0.773875551,-100.403502,-33.3830731,210.078582,-8.0328608,-3.11587364,-89.8399122,False,False
NGC 6624,-710.7,262.874388,-31.6433921,8.61444857,-3.91696712,1.13058396,0.471085885,-0.588352987,0.168778386,0.753711582,0.772377687,-99.114014,-34.2155928,211.660937,-8.05605278,-3.12062232,-89.1226805,False,False
NGC 6624,-710.8,263.035434,-31.6994708,8.6239067,-3.88888961,0.9851782,0.481155259,-0.584810856,0.147057072,0.75730715,0.771453111,-97.7965679,-35.0548236,213.091218,-8.07625594,-3.12768297,-88.3920545,False,False
NGC 6624,-710.9,263.197539,-31.75529,8.63327907,-3.8603665,0.839187984,0.491088541,-0.581182587,0.125197841,0.760881826,0.771113256,-96.452946,-35.8999629,214.35574,-8.09319404,-3.13719385,-87.6485921,False,False
NGC 6624,-711,263.360591,-31.810782,8.64256421,-3.83139534,0.692727114,0.500883153,-0.577467619,0.103218342,0.764429711,0.771366845,-95.0850937,-36.75012,215.440923,-8.10659211,-3.14928699,-86.8928284,False,False
NGC 6624,-711.1,263.524472,-31.8658756,8.6517607,-3.8019742,0.545917725,0.510536722,-0.57366549,0.0811375853,0.767945206,0.772219623,-93.6951078,-37.6043212,216.333866,-8.11618807,-3.16408088,-86.1252625,False,False
NGC 6624,-711.2,263.689054,-31.9204965,8.66086714,-3.77210166,0.398889593,0.520047099,-0.569775837,0.0589758356,0.77142303,0.773674117,-92.2852182,-38.4615195,217.023035,-8.12174707,-3.18167165,-85.3463491,False,False
NGC 6624,-711.3,263.854202,-31.974568,8.66988221,-3.74177683,0.251778932,0.529412367,-0.565798412,0.0367544354,0.774858243,0.775729454,-90.8577644,-39.3206072,217.49904,-8.12307725,-3.20212374,-84.5564967,False,False
NGC 6624,-711.4,264.019774,-32.0280122,8.6788046,-3.71099945,0.104726684,0.538630851,-0.56173308,0.0144955453,0.778246263,0.778381248,-89.4151665,-40.1804334,217.755379,-8.12004513,-3.22546105,-83.7560763,False,False
NGC 6624,-711.5,264.185626,-32.0807509,8.68763304,-3.67976985,-0.0421236504,0.54770113,-0.557579824,-0.00777818398,0.781582873,0.781621576,-87.9598913,-41.0398239,217.789043,-8.11258815,-3.25166033,-82.9454373,False,False
NGC 6624,-711.6,264.35161,-32.1327072,8.69636631,-3.64808897,-0.188628472,0.556622034,-0.553338749,-0.0300439882,0.78486423,0.78543905,-86.4944152,-41.8976041,217.600862,-8.10072184,-3.28064822,-82.1249306,False,False
NGC 6624,-711.7,264.517581,-32.1838068,8.70500321,-3.61595836,-0.334646672,0.565392644,-0.54901008,-0.0522793864,0.788086867,0.789818995,-85.0211866,-42.7526212,217.195519,-8.08454019,-3.31230257,-81.2949327,False,False
NGC 6624,-711.8,264.683397,-32.2339794,8.71354258,-3.58338019,-0.480042086,0.574012291,-0.544594156,-0.0744625611,0.791247689,0.794743718,-83.5425887,-43.6037656,216.581215,-8.06420901,-3.3464583,-80.4558673,False,False
NGC 6624,-711.9,264.848923,-32.2831597,8.72198332,-3.55035714,-0.624685612,0.582480543,-0.540091428,-0.0965726881,0.794343964,0.800192863,-82.060907,-44.4499892,215.769065,-8.03995351,-3.38291659,-79.6082193,False,False
NGC 6624,-712,265.014031,-32.3312879,8.73032436,-3.51689247,-0.768456853,0.590797197,-0.535502448,-0.118590196,0.797373313,0.806143805,-80.5783012,-45.2903197,214.772315,-8.01204259,-3.42145582,-78.7525393,False,False
NGC 6624,-712.1,265.1786,-32.3783107,8.73856471,-3.48298987,-0.9112452,0.598962262,-0.530827867,-0.140496943,0.80033369,0.812572093,-79.0967847,-46.1238696,213.605532,-7.98077217,-3.46184279,-77.8894395,False,False
NGC 6624,-712.2,265.342521,-32.4241813,8.74670344,-3.44865347,-1.0529504,0.606975947,-0.526068418,-0.162276311,0.803223369,0.819451879,-77.6182095,-46.9498422,212.283855,-7.94644994,-3.50384266,-77.0195819,False,False
NGC 6624,-712.3,265.505694,-32.468859,8.75473968,-3.41388779,-1.19348262,0.614838638,-0.521224914,-0.183913233,0.806040918,0.826756336,-76.144259,-47.7675328,210.82237,-7.90938268,-3.54722694,-76.1436625,False,False
NGC 6624,-712.4,265.668028,-32.5123095,8.76267266,-3.37869764,-1.33276224,0.622550888,-0.516298234,-0.205394163,0.808785184,0.83445805,-74.6764451,-48.5763269,209.235648,-7.86986678,-3.5917792,-75.262394,False,False
NGC 6624,-712.5,265.829442,-32.5545041,8.77050165,-3.34308812,-1.47071925,0.630113395,-0.511289315,-0.226707002,0.811455269,0.842529358,-73.2161107,-49.3756969,207.537436,-7.82818189,-3.63729881,-74.3764885,False,False
NGC 6624,-712.6,265.989863,-32.5954193,8.77822601,-3.30706457,-1.60729267,0.637526985,-0.506199145,-0.24784101,0.814050509,0.850942652,-71.7644357,-50.1651963,205.740467,-7.78458714,-3.68360277,-73.4866434,False,False
NGC 6624,-712.7,266.149227,-32.6350366,8.78584519,-3.2706325,-1.74242969,0.644792597,-0.501028753,-0.268786689,0.816570453,0.859670629,-70.3224451,-50.9444538,203.856381,-7.73931946,-3.73052633,-72.5935294,False,False
NGC 6624,-712.8,266.307476,-32.6733415,8.79335868,-3.23379755,-1.87608495,0.651911269,-0.495779202,-0.28953568,0.819014847,0.868686497,-68.8910194,-51.7131667,201.895709,-7.69259326,-3.7779227,-71.6977821,False,False
NGC 6624,-712.9,266.464559,-32.7103236,8.80076604,-3.19656549,-2.00821976,0.65888412,-0.490451584,-0.310080642,0.821383613,0.877964147,-67.4709052,-52.4710944,199.867913,-7.64460119,-3.82566206,-70.7999954,True,True
NGC 6624,-713,266.620431,-32.7459757,8.80806691,-3.15894218,-2.13880135,0.665712339,-0.485047011,-0.33041515,0.823676831,0.887478277,-66.0627273,-53.2180513,197.78144,-7.59551538,-3.87363042,-69.9007191,True,True
NGC 6624,-713.1,266.775052,-32.7802934,8.81526097,-3.12093349,-2.26780221,0.672397175,-0.479566613,-0.350533596,0.825894726,0.897204492,-64.6669997,-53.9539015,195.643811,-7.54548906,-3.92172813,-69.0004565,True,True
NGC 6624,-713.2,266.928387,-32.813275,8.82234795,-3.08254536,-2.39519947,0.678939923,-0.474011531,-0.370431096,0.828037651,0.907119368,-63.284137,-54.6785523,193.461697,-7.49465825,-3.96986853,-68.0996651,True,True
NGC 6624,-713.3,267.080406,-32.8449211,8.82932764,-3.0437837,-2.52097435,0.685341916,-0.468382913,-0.390103408,0.830106075,0.917200504,-61.914465,-55.3919489,191.241005,-7.44314347,-4.0179765,-67.1987575,True,True
NGC 6624,-713.4,267.231081,-32.8752341,8.83619987,-3.00465444,-2.64511162,0.691604517,-0.462681911,-0.40954686,0.83210057,0.927426541,-60.5582308,-56.09407,188.986961,-7.39105137,-4.06598723,-66.2981038,True,True
NGC 6624,-713.5,267.380389,-32.904218,8.84296448,-2.96516345,-2.76759923,0.697729108,-0.456909679,-0.428758282,0.834021801,0.937777174,-59.2156117,-56.7849228,186.704183,-7.33847628,-4.11384495,-65.3980337,True,True
NGC 6624,-713.6,267.528308,-32.9318784,8.84962139,-2.92531659,-2.88842786,0.70371709,-0.451067368,-0.447734948,0.835870512,0.948233145,-57.8867244,-57.4645395,184.396749,-7.28550153,-4.16150189,-64.4988399,True,True
NGC 6624,-713.7,267.674821,-32.9582219,8.85617053,-2.88511963,-3.00759059,0.70956987,-0.445156124,-0.466474524,0.837647525,0.958776229,-56.571632,-58.1329733,182.068261,-7.23220079,-4.20891729,-63.6007805,True,True
NGC 6624,-713.8,267.819911,-32.9832563,8.86261184,-2.84457832,-3.12508259,0.71528886,-0.439177087,-0.484975023,0.83935372,0.96938921,-55.2703514,-58.7902953,179.721896,-7.17863912,-4.25605655,-62.7040826,True,True
NGC 6624,-713.9,267.963565,-33.0069901,8.8689453,-2.8036983,-3.24090086,0.720875472,-0.43313139,-0.503234764,0.84099004,0.980055853,-53.9828596,-59.4365921,177.360461,-7.12487399,-4.30289048,-61.8089449,True,True
NGC 6624,-714,268.105771,-33.0294327,8.87517093,-2.76248516,-3.35504399,0.726331114,-0.427020154,-0.521252335,0.842557475,0.990760867,-52.7090992,-60.0719627,174.98643,-7.07095616,-4.3493946,-60.9155404,True,True
NGC 6624,-714.1,268.246517,-33.050594,8.88128875,-2.72094441,-3.46751195,0.731657185,-0.420844493,-0.53902656,0.844057062,1.00148987,-51.4489832,-60.6965167,172.601989,-7.01693047,-4.39554856,-60.0240194,True,True
NGC 6624,-714.2,268.385795,-33.0704845,8.88729878,-2.67908145,-3.5783059,0.736855076,-0.414605506,-0.556556476,0.845489874,1.01222934,-50.2023999,-61.3103719,170.209063,-6.96283647,-4.44133563,-59.134512,True,True
NGC 6624,-714.3,268.523598,-33.089115,8.89320108,-2.63690162,-3.68742802,0.741926163,-0.408304281,-0.573841305,0.846857023,1.0229666,-48.9692164,-61.9136535,167.809353,-6.9087091,-4.48674226,-58.24713,True,True
NGC 6624,-714.4,268.659919,-33.1064967,8.89899573,-2.59441014,-3.79488141,0.74687181,-0.401941893,-0.59088043,0.848159646,1.03368973,-47.7492821,-62.5064914,165.404354,-6.85457915,-4.53175763,-57.3619692,True,True
NGC 6624,-714.5,268.794752,-33.122641,8.90468279,-2.55161217,-3.90066991,0.751693363,-0.395519402,-0.607673379,0.849398911,1.04438759,-46.5424321,-63.0890201,162.995385,-6.80047375,-4.57637336,-56.4791116,True,True
NGC 6624,-714.6,268.928093,-33.1375596,8.91026236,-2.50851276,-4.00479802,0.756392152,-0.389037858,-0.624219806,0.850576006,1.05504972,-45.3484893,-63.6613765,160.583607,-6.74641679,-4.62058319,-55.5986264,True,True
NGC 6624,-714.7,269.059938,-33.1512642,8.91573453,-2.46511686,-4.10727079,0.760969487,-0.382498292,-0.640519479,0.851692141,1.06566632,-44.1672669,-64.2236999,158.170038,-6.69242927,-4.66438269,-54.7205724,True,True
NGC 6624,-714.8,269.190284,-33.1637668,8.9210994,-2.42142935,-4.20809375,0.765426659,-0.375901723,-0.656572261,0.852748542,1.07622823,-42.9985708,-64.7761302,155.755573,-6.6385296,-4.70776904,-53.8449988,True,True
NGC 6624,-714.9,269.319128,-33.1750791,8.92635709,-2.37745499,-4.3072728,0.76976494,-0.369249157,-0.672378099,0.853746451,1.08672688,-41.8422009,-65.3188081,153.340995,-6.58473391,-4.75074084,-52.9719465,True,True
NGC 6624,-715,269.446469,-33.1852133,8.93150772,-2.33319847,-4.40481418,0.773985578,-0.362541583,-0.68793702,0.854687121,1.09715424,-40.6979526,-65.8518738,150.926989,-6.53105629,-4.7932979,-52.1014497,True,True
NGC 6624,-715.1,269.572305,-33.1941811,8.9365514,-2.28866438,-4.5007244,0.778089804,-0.355779977,-0.703249113,0.855571818,1.1075028,-39.5656185,-66.3754667,148.514149,-6.47750899,-4.83544111,-51.2335363,True,True
NGC 6624,-715.2,269.696636,-33.2019945,8.94148827,-2.24385722,-4.59501017,0.782078825,-0.348965302,-0.718314523,0.856401816,1.11776555,-38.4449893,-66.8897249,146.102995,-6.42410261,-4.87717227,-50.3682289,True,True
NGC 6624,-715.3,269.81946,-33.2086653,8.94631846,-2.19878141,-4.68767835,0.785953828,-0.342098504,-0.733133448,0.857178398,1.12793593,-37.3358547,-67.394785,143.693973,-6.37084631,-4.91849402,-49.5055459,True,True
NGC 6624,-715.4,269.940778,-33.2142053,8.95104209,-2.15344127,-4.77873596,0.789715976,-0.335180517,-0.747706124,0.857902852,1.1380078,-36.2380046,-67.8907813,141.287467,-6.31774793,-4.95940968,-48.6455019,True,True
NGC 6624,-715.5,270.06059,-33.2186259,8.95565932,-2.10784107,-4.86819006,0.793366415,-0.328212263,-0.762032827,0.858576472,1.14797543,-35.1512292,-68.3778462,138.883807,-6.2648141,-4.99992316,-47.7881086,True,True
NGC 6624,-715.6,270.178896,-33.2219389,8.96017029,-2.06198495,-4.9560478,0.796906265,-0.321194646,-0.776113862,0.859200556,1.15783346,-34.0753203,-68.8561093,136.483271,-6.21205044,-5.04003892,-46.9333747,True,True
NGC 6624,-715.7,270.295698,-33.2241555,8.96457513,-2.01587701,-5.04231633,0.800336627,-0.314128562,-0.789949562,0.859776407,1.16757688,-33.0100714,-69.3256977,134.086092,-6.15946157,-5.07976184,-46.0813072,True,True
NGC 6624,-715.8,270.410995,-33.225287,8.96887399,-1.96952125,-5.1270028,0.803658582,-0.307014891,-0.803540279,0.860305329,1.17720102,-31.9552781,-69.7867355,131.692463,-6.10705128,-5.11909722,-45.2319114,True,True
NGC 6624,-715.9,270.524789,-33.2253444,8.97306703,-1.92292161,-5.21011436,0.806873187,-0.299854501,-0.816886385,0.860788628,1.18670149,-30.910739,-70.2393438,129.302542,-6.05482257,-5.15805065,-44.3851912,True,True
NGC 6624,-716,270.637082,-33.2243388,8.9771544,-1.87608195,-5.29165807,0.809981482,-0.292648248,-0.829988266,0.861227611,1.19607421,-29.8762551,-70.6836409,126.916453,-6.00277774,-5.19662802,-43.5411495,True,True
NGC 6624,-716.1,270.747875,-33.2222807,8.98113624,-1.82900606,-5.37164097,0.812984485,-0.285396976,-0.842846319,0.861623588,1.20531536,-28.851631,-71.1197415,124.534291,-5.95091848,-5.23483545,-42.6997887,True,True
NGC 6624,-716.2,270.857168,-33.2191809,8.98501272,-1.78169766,-5.45006999,0.815883194,-0.278101519,-0.855460949,0.861977866,1.21442138,-27.8366744,-71.5477575,122.156126,-5.89924586,-5.27267923,-41.8611107,True,True
NGC 6624,-716.3,270.964965,-33.2150497,8.98878399,-1.73416041,-5.52695197,0.818678589,-0.270762696,-0.867832568,0.862291755,1.22338891,-26.8311968,-71.9677972,119.782003,-5.84776049,-5.31016585,-41.0251172,True,True
NGC 6624,-716.4,271.071265,-33.2098973,8.99245022,-1.68639789,-5.60229366,0.82137163,-0.263381319,-0.87996159,0.862566561,1.23221486,-25.835013,-72.3799658,117.411948,-5.79646247,-5.34730188,-40.1918099,True,True
NGC 6624,-716.5,271.176072,-33.2037338,8.99601155,-1.63841365,-5.67610168,0.823963256,-0.255958187,-0.891848432,0.862803594,1.24089632,-24.8479418,-72.784365,115.045965,-5.74535148,-5.38409404,-39.3611906,True,True
NGC 6624,-716.6,271.279388,-33.1965689,8.99946816,-1.59021116,-5.74838251,0.826454393,-0.248494089,-0.90349351,0.863004157,1.24943055,-23.869806,-73.1810935,112.684044,-5.69442683,-5.42054908,-38.5332617,True,True
NGC 6624,-716.7,271.381213,-33.1884125,9.00282021,-1.54179383,-5.81914253,0.828845943,-0.240989806,-0.914897238,0.863169557,1.25781503,-22.9004318,-73.5702463,110.326157,-5.64368746,-5.45667385,-37.7080258,True,True
NGC 6624,-716.8,271.481549,-33.1792738,9.00606786,-1.49316501,-5.88838794,0.831138796,-0.233446107,-0.926060027,0.863301096,1.26604738,-21.9396499,-73.9519152,107.972263,-5.59313199,-5.49247521,-36.8854861,True,True
NGC 6624,-716.9,271.5804,-33.1691623,9.00921129,-1.44432803,-5.95612481,0.83333382,-0.225863753,-0.936982282,0.863400076,1.27412538,-20.9872944,-74.3261889,105.622309,-5.54275877,-5.52796006,-36.0656467,True,True
NGC 6624,-717,271.677765,-33.1580869,9.01225067,-1.39528615,-6.02235903,0.83543187,-0.218243497,-0.947664403,0.863467795,1.28204698,-20.0432037,-74.6931525,103.27623,-5.49256586,-5.56313528,-35.2485122,True,True
NGC 6624,-717.1,271.773648,-33.1460566,9.01518616,-1.34604257,-6.08709636,0.837433782,-0.210586081,-0.958106783,0.863505551,1.28981024,-19.10722,-75.0528881,100.933952,-5.44255107,-5.59800777,-34.4340883,True,True
NGC 6624,-717.2,271.868051,-33.13308,9.01801794,-1.29660046,-6.15034236,0.839340378,-0.20289224,-0.968309806,0.863514639,1.29741335,-18.1791893,-75.4054744,98.595389,-5.39271202,-5.63258442,-33.6223813,True,True
NGC 6624,-717.3,271.960974,-33.1191657,9.02074618,-1.24696294,-6.21210245,0.841152464,-0.195162703,-0.978273848,0.86349635,1.30485465,-17.2589615,-75.7509868,96.26045,-5.34304609,-5.66687206,-32.813399,True,True
NGC 6624,-717.4,272.05242,-33.104322,9.02337107,-1.1971331,-6.27238186,0.842870829,-0.187398188,-0.987999273,0.863451976,1.31213257,-16.3463905,-76.0894978,93.9290347,-5.2935505,-5.70087753,-32.0071497,True,True
NGC 6624,-717.5,272.142391,-33.088557,9.02589279,-1.14711398,-6.33118562,0.84449625,-0.179599408,-0.997486437,0.863382803,1.31924564,-15.4413337,-76.4210765,91.6010364,-5.24422228,-5.73460759,-31.2036431,True,True
NGC 6624,-717.6,272.230888,-33.0718787,9.02831151,-1.09690859,-6.38851863,0.846029488,-0.171767069,-1.00673568,0.863290114,1.3261925,-14.5436525,-76.745789,89.2763425,-5.19505831,-5.76806898,-30.4028901,True,True
NGC 6624,-717.7,272.317913,-33.0542947,9.03062742,-1.0465199,-6.44438556,0.847471291,-0.163901869,-1.01574735,0.863175192,1.3329719,-13.6532118,-77.0636981,86.9548348,-5.14605533,-5.80126837,-29.6049026,True,True
NGC 6624,-717.8,272.403467,-33.0358127,9.03284072,-0.995950837,-6.49879092,0.848822392,-0.156004502,-1.02452174,0.863039314,1.33958264,-12.7698803,-77.3748639,84.6363901,-5.09720993,-5.83421237,-28.8096939,True,True
NGC 6624,-717.9,272.487553,-33.01644,9.03495159,-0.945204322,-6.55173903,0.850083511,-0.148075654,-1.03305918,0.862883756,1.34602364,-11.8935299,-77.679343,82.3208808,-5.04851858,-5.86690754,-28.0172782,True,True
NGC 6624,-718,272.570171,-32.9961838,9.03696022,-0.894283228,-6.60323402,0.851255357,-0.140116007,-1.04135995,0.862709788,1.35229388,-11.0240365,-77.9771895,80.0081751,-4.99997765,-5.89936037,-27.2276714,True,True
NGC 6624,-718.1,272.651324,-32.9750513,9.03886681,-0.843190407,-6.65327982,0.852338624,-0.132126235,-1.04942434,0.862518679,1.3583924,-10.1612792,-78.268454,77.6981378,-4.95158339,-5.93157728,-26.4408905,True,True
NGC 6624,-718.2,272.731012,-32.9530491,9.04067156,-0.791928686,-6.7018802,0.853333996,-0.124107009,-1.0572526,0.862311694,1.36431834,-9.3051403,-78.5531846,75.3906303,-4.90333194,-5.9635646,-25.6569539,True,True
NGC 6624,-718.3,272.809236,-32.930184,9.04237467,-0.740500867,-6.74903869,0.854242142,-0.116058996,-1.064845,0.862090093,1.37007088,-8.45550579,-78.8314261,73.0855111,-4.85521937,-5.99532863,-24.8758812,True,True
NGC 6624,-718.4,272.885998,-32.9064624,9.04397634,-0.688909734,-6.79475867,0.855063723,-0.107982857,-1.07220177,0.861855132,1.37564927,-7.61226473,-79.1032206,70.7826357,-4.80724165,-6.02687554,-24.0976937,True,True
NGC 6624,-718.5,272.9613,-32.8818908,9.04547679,-0.637158049,-6.83904332,0.855799387,-0.0998792497,-1.07932313,0.861608064,1.38105281,-6.77530942,-79.3686073,68.4818576,-4.75939467,-6.05821146,-23.3224139,True,True
NGC 6624,-718.6,273.035141,-32.8564751,9.04687623,-0.585248558,-6.88189561,0.856449772,-0.0917488266,-1.08620928,0.861350138,1.38628087,-5.94453529,-79.6276225,66.183028,-4.71167425,-6.08934242,-22.5500657,True,True
NGC 6624,-718.7,273.107523,-32.8302215,9.04817486,-0.533183991,-6.92331832,0.857015504,-0.0835922381,-1.09286042,0.861082596,1.39133287,-5.11984089,-79.8802997,63.8859959,-4.66407611,-6.12027439,-21.7806745,True,True
NGC 6624,-718.8,273.178448,-32.8031357,9.04937292,-0.480967064,-6.96331405,0.857497201,-0.0754101307,-1.09927673,0.860806678,1.39620825,-4.30112779,-80.1266695,61.5906086,-4.61659595,-6.15101324,-21.0142672,True,True
NGC 6624,-718.9,273.247914,-32.7752234,9.05047062,-0.428600482,-7.00188519,0.857895468,-0.0672031482,-1.10545837,0.860523618,1.40090653,-3.48830052,-80.3667596,59.2967121,-4.56922935,-6.18156478,-20.2508723,True,True
NGC 6624,-719,273.315924,-32.7464901,9.05146819,-0.37608694,-7.03903396,0.858210904,-0.0589719314,-1.11140547,0.860234645,1.40542726,-2.68126657,-80.6005951,57.0041504,-4.52197188,-6.2119347,-19.4905196,True,True
NGC 6624,-719.1,273.382477,-32.7169411,9.05236587,-0.323429124,-7.07476234,0.858444095,-0.0507171189,-1.11711818,0.859940981,1.40977002,-1.87993626,-80.8281981,54.7127666,-4.47481902,-6.24212865,-18.7332406,True,True
NGC 6624,-719.2,273.447574,-32.6865815,9.05316388,-0.270629715,-7.10907216,0.858595622,-0.0424393469,-1.12259659,0.859643845,1.41393446,-1.08422275,-81.0495882,52.4224022,-4.4277662,-6.27215218,-17.9790684,True,True
NGC 6624,-719.3,273.511216,-32.6554165,9.05386247,-0.217691389,-7.14196503,0.858666054,-0.0341392501,-1.12784081,0.859344448,1.41792023,-0.294041959,-81.2647818,50.1328981,-4.38080879,-6.30201074,-17.2280375,True,True
NGC 6624,-719.4,273.573403,-32.6234509,9.05446188,-0.164616819,-7.17344238,0.858655952,-0.0258174615,-1.13285092,0.859043995,1.42172704,0.49068747,-81.4737929,47.8440937,-4.33394211,-6.33170972,-16.4801842,True,True
NGC 6624,-719.5,273.634134,-32.5906893,9.05496236,-0.111408678,-7.20350544,0.85856587,-0.0174746127,-1.13762698,0.858743685,1.42535464,1.27004422,-81.6766324,45.5558276,-4.28716144,-6.36125442,-15.7355463,True,True
NGC 6624,-719.6,273.693409,-32.5571364,9.05536417,-0.0580696409,-7.23215523,0.858396355,-0.00911133449,-1.14216903,0.858444709,1.42880279,2.04410433,-81.8733087,43.2679379,-4.24046201,-6.39065005,-14.9941635,True,True
NGC 6624,-719.7,273.75123,-32.5227966,9.05566757,-0.00460238342,-7.2593926,0.858147942,-0.000728256872,-1.14647711,0.858148251,1.43207129,2.81294126,-82.0638271,40.9802614,-4.19383897,-6.41990175,-14.2560769,True,True
NGC 6624,-719.8,273.807594,-32.4876742,9.05587281,0.0489904122,-7.28521819,0.857821164,0.00767399055,-1.15055124,0.857855489,1.43515999,3.57662591,-82.2481905,38.6926347,-4.14728747,-6.44901457,-13.5213295,True,True
NGC 6624,-719.9,273.862503,-32.4517732,9.05598018,0.102706057,-7.30963245,0.857416544,0.0160947783,-1.1543914,0.85756759,1.43806873,4.3352267,-82.4263984,36.4048932,-4.10080257,-6.47799346,-12.7899661,True,True
NGC 6624,-720,273.915955,-32.4150978,9.05598994,0.156541855,-7.33263562,0.856934598,0.0245334767,-1.15799757,0.857285714,1.44079741,5.08880952,-82.5984481,34.1168723,-4.05437931,-6.50684332,-12.0620331,True,True
NGC 6624,-720.1,273.967949,-32.3776517,9.05590238,0.210495096,-7.35422778,0.856375835,0.0329894557,-1.16136973,0.857011012,1.44334595,5.83743785,-82.7643337,31.8284062,-4.00801267,-6.53556893,-11.3375789,True,True
NGC 6624,-720.2,274.018486,-32.3394387,9.05571779,0.264563062,-7.37440878,0.855740761,0.0414620844,-1.16450781,0.856744626,1.44571429,6.58117276,-82.9240463,29.5393291,-3.9616976,-6.56417502,-10.6166536,True,True
NGC 6624,-720.3,274.067564,-32.3004624,9.05543645,0.318743017,-7.3931783,0.855029871,0.0499507311,-1.16741175,0.856487686,1.44790239,7.32007292,-83.0775746,27.2494744,-3.91542899,-6.59266622,-9.89930936,True,True
NGC 6624,-720.4,274.115181,-32.2607262,9.05505868,0.373032211,-7.41053581,0.854243658,0.0584547624,-1.17008145,0.856241313,1.44991027,8.05419465,-83.2249038,24.9586752,-3.8692017,-6.62104707,-9.18560008,True,True
NGC 6624,-720.5,274.161338,-32.2202335,9.05458477,0.427427872,-7.42648058,0.853382608,0.0669735435,-1.17251682,0.856006618,1.45173793,8.78359195,-83.3660166,22.6667639,-3.82301053,-6.64932205,-8.47558172,True,True
NGC 6624,-720.6,274.206033,-32.1789874,9.05401504,0.481927213,-7.44101172,0.8524472,0.0755064376,-1.17471772,0.855784699,1.45338542,9.50831649,-83.5008925,20.3735729,-3.77685023,-6.67749552,-7.76931224,True,True
NGC 6624,-720.7,274.249263,-32.1369911,9.05334981,0.536527419,-7.4541281,0.851437911,0.0840528058,-1.17668403,0.855576642,1.45485281,10.2284177,-83.6295081,18.0789339,-3.73071553,-6.7055718,-7.0668516,True,True
NGC 6624,-720.8,274.291029,-32.0942475,9.05258941,0.591225654,-7.46582843,0.850355211,0.0926120063,-1.17841558,0.855383521,1.45614019,10.9439426,-83.7518368,15.7826783,-3.6846011,-6.73355508,-6.36826189,True,True
NGC 6624,-720.9,274.331327,-32.0507595,9.05173418,0.646019054,-7.4761112,0.849199565,0.101183395,-1.1799122,0.855206396,1.45724767,11.6549363,-83.8678489,13.4846371,-3.63850156,-6.76144951,-5.67360728,True,True
NGC 6624,-721,274.370157,-32.0065297,9.05078445,0.700904726,-7.48497473,0.847971435,0.109766324,-1.18117369,0.855046314,1.4581754,12.3614412,-83.9775119,11.1846411,-3.5924115,-6.78925912,-4.98295414,True,True
NGC 6624,-721.1,274.407516,-31.9615608,9.04974058,0.755879747,-7.49241712,0.846671277,0.118360142,-1.18219986,0.854904307,1.45892353,13.0634978,-84.0807896,8.88252072,-3.54632543,-6.81698786,-4.29637107,True,True
NGC 6624,-721.2,274.443402,-31.9158552,9.04860292,0.810941161,-7.49843631,0.845299545,0.126964194,-1.18299047,0.854781392,1.45949226,13.7611444,-84.1776429,6.57810608,-3.50023785,-6.84463962,-3.61392891,True,True
NGC 6624,-721.3,274.477812,-31.8694153,9.04737185,0.866085973,-7.50303,0.843856688,0.135577821,-1.18354527,0.854678569,1.4598818,14.4544168,-84.2680292,4.27122702,-3.4541432,-6.87221817,-2.93570086,True,True
NGC 6624,-721.4,274.510745,-31.8222434,9.04604774,0.921311155,-7.50619572,0.842343152,0.14420036,-1.18386402,0.854596822,1.46009238,15.1433491,-84.3519028,1.96171313,-3.40803587,-6.8997272,-2.26176246,True,True
NGC 6624,-721.5,274.542198,-31.7743417,9.04463098,0.976613636,-7.50793082,0.840759378,0.152831141,-1.18394643,0.85453712,1.46012426,15.8279726,-84.4292143,-0.35060624,-3.36191019,-6.92717032,-1.5921917,True,True
NGC 6624,-721.6,274.572168,-31.7257122,9.04312196,1.0319903,-7.50823243,0.839105806,0.161469491,-1.18379221,0.854500409,1.45997772,16.5083169,-84.4999108,-2.66590194,-3.31576047,-6.95455106,-0.927069077,True,True
NGC 6624,-721.7,274.600651,-31.6763568,9.04152107,1.087438,-7.50709748,0.837382871,0.170114731,-1.18340103,0.854487621,1.45965308,17.1844092,-84.563936,-4.98434502,-3.26958094,-6.98187282,-0.266477612,True,True
NGC 6624,-721.8,274.627646,-31.6262774,9.03982875,1.14295351,-7.50452274,0.835591009,0.178766175,-1.18277258,0.854499666,1.45915067,17.8562745,-84.6212298,-7.3061067,-3.2233658,-7.00913894,0.389497052,True,True
NGC 6624,-721.9,274.653149,-31.5754757,9.03804541,1.19853359,-7.50050474,0.833730649,0.187423131,-1.18190651,0.854537433,1.45847085,18.5239357,-84.6717284,-9.63135831,-3.1771092,-7.03635265,1.0407666,True,True
NGC 6624,-722,274.677157,-31.5239534,9.03617148,1.25417492,-7.49503985,0.831802221,0.196084902,-1.18080244,0.854601792,1.45761402,19.1874133,-84.7153643,-11.9602713,-3.13080522,-7.06351709,1.68723998,True,True
NGC 6624,-722.1,274.699665,-31.4717121,9.03420741,1.30987414,-7.48812423,0.829806151,0.204750782,-1.17945999,0.854693589,1.45658059,19.8467258,-84.7520659,-14.2930171,-3.0844479,-7.09063531,2.32882333,True,True
NGC 6624,-722.2,274.720671,-31.4187532,9.03215365,1.36562783,-7.47975384,0.827742864,0.213420057,-1.17787877,0.854813647,1.45537101,20.5018893,-84.7817576,-16.6297674,-3.03803125,-7.11771023,2.9654199,True,True
NGC 6624,-722.3,274.74017,-31.3650782,9.03001067,1.42143249,-7.46992446,0.825612785,0.222092007,-1.17605836,0.854962766,1.45398576,21.1529178,-84.8043599,-18.9706935,-2.99154919,-7.1447447,3.59693,True,True
NGC 6624,-722.4,274.758159,-31.3106882,9.02777895,1.47728459,-7.45863165,0.823416336,0.230765903,-1.17399831,0.855141722,1.45242535,21.7998229,-84.8197888,-21.3159669,-2.9449956,-7.17174145,4.2232509,True,True
NGC 6624,-722.5,274.774633,-31.2555845,9.02545898,1.5331805,-7.44587079,0.821153937,0.239441006,-1.17169818,0.855351263,1.45069033,22.4426141,-84.8279561,-23.6657589,-2.89836433,-7.19870309,4.84427679,True,True
NGC 6624,-722.6,274.789589,-31.1997682,9.02305127,1.58911653,-7.43163707,0.818826009,0.248116569,-1.1691575,0.855592114,1.44878126,23.0812986,-84.8287691,-26.0202406,-2.85164914,-7.22563214,5.45989863,True,True
NGC 6624,-722.7,274.80302,-31.1432405,9.02055632,1.64508892,-7.41592548,0.816432972,0.256791834,-1.16637578,0.855864968,1.44669876,23.7158809,-84.8221306,-28.3795827,-2.80484377,-7.25253099,6.07000417,True,True
NGC 6624,-722.8,274.814923,-31.0860022,9.01797466,1.70109384,-7.3987308,0.813975245,0.265466036,-1.1633525,0.856170495,1.44444348,24.3463638,-84.8079385,-30.7439557,-2.75794188,-7.27940192,6.67447775,True,True
NGC 6624,-722.9,274.825293,-31.0280542,9.01530684,1.75712735,-7.38004762,0.811453248,0.274138395,-1.16008716,0.85650933,1.4420161,24.9727471,-84.7860861,-33.1135296,-2.71093711,-7.30624709,7.2732003,True,True
NGC 6624,-723,274.834125,-30.9693975,9.01255341,1.81318546,-7.35987036,0.808867399,0.282808123,-1.1565792,0.856882083,1.43941736,25.5950286,-84.7564616,-35.4884737,-2.663823,-7.33306852,7.86604923,True,True
NGC 6624,-723.1,274.841414,-30.9100328,9.00971494,1.86926407,-7.33819321,0.806218118,0.291474419,-1.15282807,0.857289328,1.43664802,26.2132036,-84.7189479,-37.8689569,-2.61659308,-7.35986811,8.45289831,True,True
NGC 6624,-723.2,274.847153,-30.8499607,9.00679202,1.925359,-7.31501019,0.803505826,0.30013647,-1.14883319,0.857731609,1.4337089,26.8272647,-84.6734229,-40.2551472,-2.56924082,-7.38664763,9.03361759,True,True
NGC 6624,-723.3,274.851339,-30.7891819,9.00378525,1.98146597,-7.29031511,0.800730944,0.30879345,-1.14459398,0.858209438,1.43060086,27.4372024,-84.6197587,-42.6472116,-2.52175963,-7.4134087,9.60807332,True,True
NGC 6624,-723.4,274.853964,-30.7276971,9.00069523,2.03758059,-7.2641016,0.797893895,0.317444519,-1.14010982,0.858723291,1.4273248,28.0430043,-84.5578221,-45.0453162,-2.47414286,-7.44015279,10.1761278,True,True
NGC 6624,-723.5,274.855023,-30.6655067,8.9975226,2.09369838,-7.23636308,0.794995101,0.326088825,-1.13538009,0.859273607,1.42388169,28.6446555,-84.4874738,-47.4496256,-2.42638384,-7.46688124,10.7376395,True,True
NGC 6624,-723.6,274.854509,-30.6026112,8.99426801,2.14981475,-7.20709281,0.792034988,0.334725501,-1.13040414,0.859860793,1.42027255,29.2421386,-84.4085686,-49.8603033,-2.37847583,-7.49359521,11.2924623,True,True
NGC 6624,-723.7,274.852417,-30.5390112,8.99093213,2.20592498,-7.17628382,0.789013985,0.343353662,-1.12518132,0.860485215,1.41649843,29.8354335,-84.3209554,-52.2775109,-2.33041206,-7.52029571,11.8404465,True,True
NGC 6624,-723.8,274.84874,-30.474707,8.98751562,2.26202427,-7.14392897,0.785932519,0.351972412,-1.11971094,0.861147202,1.41256048,30.4245172,-84.2244761,-54.7014082,-2.28218571,-7.54698356,12.3814375,True,True
NGC 6624,-723.9,274.843471,-30.4096989,8.9840192,2.31810765,-7.11002095,0.782791024,0.360580834,-1.11399232,0.861847043,1.40845988,31.009364,-84.1189666,-57.132153,-2.23378993,-7.57365943,12.9152766,True,True
NGC 6624,-724,274.836603,-30.3439874,8.98044358,2.37417006,-7.07455222,0.779589934,0.369177996,-1.10802475,0.862584986,1.40419789,31.5899454,-84.0042556,-59.5699007,-2.18521781,-7.60032378,13.4418003,True,True
NGC 6624,-724.1,274.828129,-30.2775727,8.9767895,2.43020628,-7.03751508,0.776329687,0.377762949,-1.10180751,0.863361238,1.39977584,32.1662301,-83.8801649,-62.0148039,-2.13646243,-7.62697687,13.9608405,True,True
NGC 6624,-724.2,274.818043,-30.2104551,8.97305771,2.48621098,-6.99890165,0.773010723,0.386334723,-1.09533985,0.864175964,1.39519514,32.7381836,-83.7465089,-64.4670125,-2.08751685,-7.65361877,14.4722244,True,True
NGC 6624,-724.3,274.806335,-30.1426349,8.96924899,2.54217867,-6.95870386,0.769633489,0.394892331,-1.08862102,0.865029283,1.39045726,33.3057686,-83.6030945,-66.9266727,-2.03837406,-7.68024933,14.9757742,True,True
NGC 6624,-724.4,274.793,-30.0741125,8.96536413,2.59810371,-6.91691345,0.766198431,0.403434764,-1.08165025,0.86592127,1.38556375,33.8689446,-83.4497209,-69.3939273,-1.98902709,-7.70686818,15.471307,True,True
NGC 6624,-724.5,274.778028,-30.004888,8.96140396,2.65398031,-6.873522,0.762706004,0.411960994,-1.07442675,0.866851953,1.38051626,34.4276681,-83.2861792,-71.8689147,-1.9394689,-7.7334747,15.9586348,True,True
NGC 6624,-724.6,274.761412,-29.9349617,8.95736932,2.70980251,-6.82852092,0.759156666,0.420469968,-1.06694974,0.867821316,1.37531654,34.9818921,-83.1122522,-74.3517686,-1.8896925,-7.76006802,16.4375643,True,True
NGC 6624,-724.7,274.743144,-29.8643339,8.95326106,2.7655642,-6.78190144,0.755550878,0.428960614,-1.05921839,0.868829292,1.3699664,35.5315665,-82.927714,-76.8426177,-1.83969085,-7.78664702,16.9078968,True,True
NGC 6624,-724.8,274.723215,-29.7930049,8.94908008,2.82125909,-6.73365463,0.751889109,0.437431835,-1.05123188,0.869875763,1.36446778,36.076638,-82.73233,-79.3415849,-1.78945696,-7.81321029,17.369428,True,True
NGC 6624,-724.9,274.701617,-29.720975,8.94482727,2.87688069,-6.68377138,0.748171834,0.445882508,-1.04298939,0.870960564,1.35882271,36.6170496,-82.5258562,-81.8487867,-1.73898385,-7.83975614,17.8219479,True,True
NGC 6624,-725,274.67834,-29.6482446,8.94050358,2.93242235,-6.63224245,0.74439953,0.454311487,-1.03449005,0.872083475,1.35303335,37.1527409,-82.3080393,-84.3643326,-1.68826455,-7.86628258,18.265241,True,True
NGC 6624,-725.1,274.653376,-29.5748141,8.93610997,2.98787721,-6.57905843,0.740572685,0.462717599,-1.02573301,0.873244226,1.34710196,37.6836478,-82.0786161,-86.8883243,-1.63729216,-7.89278727,18.6990854,True,True
NGC 6624,-725.2,274.626716,-29.5006839,8.93164742,3.04323821,-6.52420977,0.73669179,0.471099642,-1.01671741,0.874442489,1.34103093,38.2097027,-81.8373133,-89.420855,-1.58605983,-7.91926755,19.1232537,True,True
NGC 6624,-725.3,274.59835,-29.4258544,8.92711694,3.09849808,-6.46768678,0.732757347,0.479456388,-1.00744236,0.875677884,1.33482278,38.7308342,-81.5838472,-91.9620082,-1.53456077,-7.9457204,19.5375119,True,True
NGC 6624,-725.4,274.568268,-29.3503263,8.92251956,3.15364933,-6.40947965,0.728769862,0.487786576,-0.997906979,0.876949973,1.32848018,39.246967,-81.3179231,-94.5118572,-1.4827883,-7.9721424,19.9416199,True,True
NGC 6624,-725.5,274.536462,-29.2741003,8.91785637,3.20868426,-6.34957841,0.72472985,0.496088918,-0.988110375,0.878258259,1.32200593,39.758022,-81.0392354,-97.0704634,-1.43073584,-7.99852976,20.3353314,True,True
NGC 6624,-725.6,274.50292,-29.1971769,8.91312844,3.2635949,-6.28797303,0.720637835,0.504362093,-0.978051649,0.879602188,1.31540299,40.263916,-80.7474669,-99.6378757,-1.37839693,-8.02487823,20.7183934,True,True
NGC 6624,-725.7,274.467633,-29.1195571,8.90833691,3.31837307,-6.22465331,0.716494349,0.512604744,-0.9677299,0.880981144,1.3086745,40.764562,-80.4422888,-102.214129,-1.32576528,-8.05118313,21.0905463,True,True
NGC 6624,-725.8,274.430591,-29.0412417,8.90348294,3.37301032,-6.15960902,0.712299934,0.520815485,-0.957144221,0.882394451,1.30182373,41.2598685,-80.1233599,-104.799242,-1.27283476,-8.0774393,21.4515241,True,True
NGC 6624,-725.9,274.391784,-28.962232,8.8985677,3.42749795,-6.09282979,0.708055141,0.528992891,-0.946293706,0.883841366,1.29485418,41.7497401,-79.7903266,-107.393218,-1.21959948,-8.10364107,21.8010538,True,True
NGC 6624,-726,274.3512,-28.882529,8.89359243,3.48182698,-6.02430522,0.70376053,0.5371355,-0.935177449,0.885321088,1.2877695,42.2340771,-79.4428224,-109.996041,-1.16605376,-8.12978224,22.1388557,True,True
NGC 6624,-726.1,274.30883,-28.8021341,8.88855836,3.53598813,-5.95402484,0.699416672,0.545241813,-0.923794548,0.886832744,1.28057358,42.7127754,-79.0804677,-112.607672,-1.11219222,-8.15585604,22.4646433,True,True
NGC 6624,-726.2,274.264661,-28.7210488,8.88346679,3.58997187,-5.88197814,0.695024151,0.553310291,-0.912144104,0.888375398,1.27327048,43.1857266,-78.7028693,-115.228054,-1.05800979,-8.18185509,22.7781231,True,True
NGC 6624,-726.3,274.218685,-28.639275,8.87831903,3.64376834,-5.80815457,0.690583558,0.561339356,-0.900225226,0.889948045,1.26586452,43.6528179,-78.3096205,-117.857101,-1.00350175,-8.2077714,23.078995,True,True
NGC 6624,-726.4,274.170888,-28.5568144,8.87311645,3.69736736,-5.73254362,0.686095501,0.569327384,-0.888037034,0.891549609,1.25836023,44.1139321,-77.9003001,-120.494702,-0.948663818,-8.23359627,23.3669517,True,True
NGC 6624,-726.5,274.121261,-28.4736692,8.86786043,3.75075844,-5.65513477,0.681560595,0.57727271,-0.87557866,0.893178944,1.25076241,44.5689474,-77.4744728,-123.140714,-0.893492162,-8.25932029,23.6416793,True,True
NGC 6624,-726.6,274.069792,-28.3898418,8.86255241,3.80393076,-5.57591753,0.676979472,0.585173623,-0.862849252,0.894834831,1.24307611,45.0177378,-77.0316885,-125.794964,-0.837983483,-8.28493331,23.902857,True,True
NGC 6624,-726.7,274.01647,-28.3053348,8.85719384,3.85687315,-5.4948815,0.672352774,0.593028365,-0.849847978,0.896515976,1.23530663,45.4601727,-76.5714825,-128.457239,-0.782135082,-8.31042433,24.1501575,True,True
NGC 6624,-726.8,273.961283,-28.2201512,8.85178625,3.90957407,-5.41201637,0.667681159,0.60083513,-0.83657403,0.89822101,1.22745961,45.8961171,-76.0933751,-131.127289,-0.725944926,-8.33578151,24.3832471,True,True
NGC 6624,-726.9,273.904221,-28.1342942,8.84633116,3.96202162,-5.32731194,0.662965297,0.608592062,-0.823026628,0.899948489,1.21954094,46.325432,-75.5968715,-133.804818,-0.669411743,-8.3609921,24.6017856,True,True
NGC 6624,-727,273.845272,-28.0477675,8.84083017,4.01420351,-5.24075819,0.658205873,0.616297253,-0.809205024,0.901696887,1.21155687,46.7479738,-75.0814619,-136.489483,-0.612535108,-8.38604236,24.8054271,True,True
NGC 6624,-727.1,273.784424,-27.9605748,8.83528491,4.06610708,-5.15234528,0.653403589,0.623948744,-0.795108507,0.903464601,1.20351395,47.1635951,-74.5466213,-139.180887,-0.55531555,-8.4109175,24.9938198,True,True
NGC 6624,-727.2,273.721668,-27.8727206,8.82969704,4.11771924,-5.06206362,0.648559158,0.63154452,-0.780736412,0.905249944,1.19541909,47.5721444,-73.9918099,-141.878576,-0.497754667,-8.43560166,25.1666066,True,True
NGC 6624,-727.3,273.65699,-27.7842097,8.82406828,4.16902649,-4.9699039,0.643673313,0.639082509,-0.766088122,0.907051149,1.18727958,47.9734666,-73.4164734,-144.58203,-0.439855252,-8.46007777,25.3234259,True,True
NGC 6624,-727.4,273.590382,-27.6950471,8.81840039,4.22001492,-4.87585712,0.6387468,0.646560585,-0.751163076,0.908866362,1.17910306,48.3674033,-72.8200429,-147.29066,-0.381621435,-8.48432753,25.4639118,True,True
NGC 6624,-727.5,273.521831,-27.6052388,8.81269516,4.27067014,-4.7799147,0.633780384,0.653976559,-0.735960778,0.910693645,1.1708976,48.7537928,-72.2019359,-150.003796,-0.323058848,-8.50833129,25.5876947,True,True
NGC 6624,-727.6,273.451327,-27.5147908,8.80695444,4.32097736,-4.68206848,0.628774844,0.661328185,-0.720480806,0.912530971,1.16267165,49.1324709,-71.5615568,-152.720686,-0.264174792,-8.53206798,25.6944024,True,True
NGC 6624,-727.7,273.378861,-27.42371,8.80118011,4.3709213,-4.58231082,0.623730977,0.668613154,-0.704722818,0.914376225,1.15443412,49.5032711,-70.8982979,-155.440481,-0.20497844,-8.55551502,25.7836611,True,True
NGC 6624,-727.8,273.304422,-27.3320038,8.79537412,4.4204862,-4.48063466,0.618649598,0.675829095,-0.688686565,0.916227205,1.14619434,49.8660251,-70.2115401,-158.16223,-0.145481051,-8.57864818,25.8550961,True,True
NGC 6624,-727.9,273.228002,-27.2396803,8.78953845,4.46965585,-4.3770336,0.613531539,0.682973571,-0.672371901,0.918081613,1.13796214,50.2205638,-69.5006549,-160.884864,-0.085696218,-8.60144154,25.9083335,True,True
NGC 6624,-728,273.14959,-27.1467483,8.78367512,4.51841352,-4.27150199,0.608377648,0.690044083,-0.655778794,0.919937063,1.12974777,50.5667178,-68.7650056,-163.60719,-0.0256401324,-8.62386731,25.9430013,True,True
NGC 6624,-728.1,273.069179,-27.0532173,8.7777862,4.56674203,-4.16403504,0.603188791,0.697038066,-0.638907343,0.921791074,1.12156203,50.9043182,-68.0039491,-166.327876,0.0346681099,-8.64589573,25.9587312,True,True
NGC 6624,-728.2,272.986761,-26.9590978,8.77187381,4.61462365,-4.0546289,0.597965852,0.703952888,-0.621757792,0.923641072,1.11341618,51.2331977,-67.2168391,-169.045433,0.0952061738,-8.66749491,25.9551609,True,True
NGC 6624,-728.3,272.902329,-26.8644009,8.76594012,4.66204018,-3.94328078,0.592709731,0.710785852,-0.604330542,0.925484388,1.10532201,51.5531917,-66.4030279,-171.758204,0.15594811,-8.68863072,25.9319354,True,True
NGC 6624,-728.4,272.815878,-26.769139,8.75998734,4.70897291,-3.82998911,0.587421345,0.717534193,-0.586626177,0.92731826,1.09729186,51.8641399,-65.5618704,-174.464343,0.216863939,-8.70926661,25.8887106,True,True
NGC 6624,-728.5,272.727402,-26.6733251,8.75401771,4.75540262,-3.71475363,0.582101627,0.724195082,-0.568645477,0.929139829,1.08933856,52.165887,-64.6927274,-177.161797,0.277919184,-8.72936342,25.825155,True,True
NGC 6624,-728.6,272.636897,-26.5769737,8.74803352,4.80130959,-3.5975756,0.576751527,0.730765625,-0.550389446,0.930946144,1.0814755,52.458285,-63.7949702,-179.848284,0.339074353,-8.7488792,25.7409536,True,True
NGC 6624,-728.7,272.544362,-26.4801001,8.74203713,4.84667362,-3.47845795,0.571372006,0.737242864,-0.531859332,0.932734158,1.07371661,52.7411948,-62.8679859,-182.521264,0.400284359,-8.76776901,25.6358114,True,True
NGC 6624,-728.8,272.449795,-26.3827212,8.73603089,4.89147401,-3.35740545,0.565964042,0.74362378,-0.513056658,0.934500734,1.06607634,53.014488,-61.9111826,-185.17792,0.461497879,-8.78598468,25.5094569,True,True
NGC 6624,-728.9,272.353197,-26.284855,8.73001721,4.93568962,-3.23442497,0.560528625,0.749905292,-0.493983253,0.936242643,1.05856967,53.2780491,-60.9239963,-187.81512,0.522656632,-8.80347456,25.3616472,True,True
NGC 6624,-729,272.254571,-26.186521,8.72399855,4.97929883,-3.10952566,0.555066755,0.756084268,-0.474641278,0.937956568,1.05121209,53.531778,-59.9058982,-190.429389,0.583694578,-8.82018325,25.1921726,True,True
NGC 6624,-729.1,272.153922,-26.0877405,8.71797738,5.02227963,-2.98271926,0.549579443,0.76215752,-0.455033274,0.939639106,1.0440196,53.7755922,-58.856403,-193.016867,0.644537035,-8.83605129,25.0008621,True,True
NGC 6624,-729.2,272.051257,-25.9885361,8.71195618,5.0646096,-2.85402034,0.544067705,0.768121815,-0.435162197,0.941286774,1.03700864,54.0094298,-57.7750782,-195.57327,0.705099684,-8.8510148,24.7875897,True,True
NGC 6624,-729.3,271.946586,-25.8889325,8.70593749,5.10626598,-2.72344667,0.538532564,0.773973877,-0.415031462,0.94289601,1.0301961,54.2332517,-56.661554,-198.093846,0.765287481,-8.86500512,24.552281,True,True
NGC 6624,-729.4,271.839923,-25.7889562,8.69992384,5.1472257,-2.5910195,0.532975046,0.779710399,-0.394645001,0.944463184,1.02359923,54.4470448,-55.5155348,-200.573318,0.824993448,-8.87794838,24.2949207,True,True
NGC 6624,-729.5,271.731285,-25.6886359,8.69391778,5.18746544,-2.45676401,0.527396175,0.785328045,-0.374007308,0.9459846,1.01723563,54.6508245,-54.3368113,-203.005834,0.884097347,-8.88976505,24.0155604,True,True
NGC 6624,-729.6,271.620692,-25.5880026,8.68792186,5.2269617,-2.32070972,0.521796973,0.790823464,-0.353123515,0.947456507,1.01112316,54.8446375,-53.1252738,-205.384903,0.942464256,-8.90036939,23.7143279,True,True
NGC 6624,-729.7,271.508169,-25.4870897,8.68193862,5.26569086,-2.18289093,0.516178456,0.796193299,-0.331999447,0.948875107,1.00527986,55.0285641,-51.8809261,-207.703331,0.999943018,-8.90966892,23.3914362,True,True
NGC 6624,-729.8,271.393747,-25.3859331,8.67597058,5.30362927,-2.0433473,0.51054163,0.801434201,-0.310641708,0.950236567,0.999723864,55.2027201,-50.6039002,-209.953154,1.05636465,-8.91756383,23.0471941,True,True
NGC 6624,-729.9,271.277461,-25.2845719,8.67002026,5.34075334,-1.90212437,0.504887485,0.806542839,-0.289057756,0.951537033,0.994473283,55.3672587,-49.2944717,-212.125566,1.11154068,-8.92394636,22.6820176,False,False
NGC 6624,-730,271.159352,-25.1830482,8.66409012,5.37703963,-1.75927419,0.499216997,0.811515922,-0.267255998,0.952772639,0.989546093,55.5223709,-47.9530756,-214.210853,1.16526163,-8.92870028,22.2964411,False,False
NGC 6624,-730.1,271.039469,-25.0814072,8.65818258,5.41246502,-1.61485595,0.493531118,0.816350209,-0.24524588,0.95393953,0.984959984,55.668286,-46.5803211,-216.198344,1.21729568,-8.93170038,21.891131,False,False
NGC 6624,-730.2,270.917867,-24.979698,8.65229999,5.44700677,-1.46893672,0.487830775,0.821042532,-0.223037993,0.955033876,0.980732201,55.8052698,-45.177007,-218.076371,1.26738781,-8.93281231,21.4668983,False,False
NGC 6624,-730.3,270.79461,-24.8779736,8.64644463,5.4806427,-1.32159213,0.482116867,0.825589816,-0.20064417,0.95605189,0.976879368,55.9336233,-43.7441346,-219.832276,1.31525977,-8.93189275,21.0247132,False,False
NGC 6624,-730.4,270.66977,-24.7762909,8.64061868,5.51335128,-1.17290702,0.476390259,0.829989097,-0.17807759,0.956989854,0.973417284,56.0536784,-42.2829194,-221.452479,1.36061138,-8.92879035,20.5657192,False,False
NGC 6624,-730.5,270.543431,-24.6747113,8.6348242,5.54511188,-1.02297609,0.470651782,0.834237549,-0.155352857,0.957844136,0.970360705,56.1657938,-40.7947988,-222.922627,1.40312372,-8.92334759,20.0912462,False,False
NGC 6624,-730.6,270.415682,-24.5733006,8.62906313,5.57590481,-0.871904322,0.464902228,0.838332504,-0.132486074,0.958611219,0.967723116,56.2703489,-39.2814361,-224.227875,1.44246503,-8.91540416,19.6028232,False,False
NGC 6624,-730.7,270.286626,-24.4721292,8.62333723,5.60571157,-0.719807266,0.459142352,0.842271474,-0.109494872,0.959287722,0.965516474,56.3677379,-37.7447188,-225.353312,1.47829984,-8.90480211,19.1021858,False,False
NGC 6624,-730.8,270.156376,-24.3712717,8.6176481,5.63451495,-0.566810854,0.453372865,0.846052176,-0.0863983809,0.959870428,0.963750963,56.4583631,-36.1867491,-226.28457,1.51030199,-8.89139294,18.5912784,False,False
NGC 6624,-730.9,270.025051,-24.2708066,8.61199714,5.6622992,-0.413050831,0.447594438,0.849672553,-0.0632171428,0.960356303,0.962434743,56.5426287,-34.6098272,-227.008582,1.53817098,-8.87504677,18.0722462,False,False
NGC 6624,-731,269.892783,-24.170816,8.60638552,5.68905013,-0.258671595,0.441807701,0.853130792,-0.0399729329,0.960742522,0.961573725,56.6209361,-33.0164241,-227.51446,1.56165093,-8.85566267,17.5474139,False,False
NGC 6624,-731.1,269.759706,-24.0713842,8.60081418,5.71475528,-0.10382441,0.436013243,0.85642534,-0.0166884895,0.961026488,0.961171377,56.6936804,-31.4091463,-227.794371,1.58054955,-8.83317898,17.0192498,False,False
NGC 6624,-731.2,269.625963,-23.9725967,8.59528382,5.73940392,0.0513349259,0.430211614,0.859554914,0.00661283604,0.961205849,0.961228596,56.7612482,-29.7906917,-227.844274,1.59475419,-8.80758202,16.4903136,False,False
NGC 6624,-731.3,269.491695,-23.8745387,8.58979485,5.76298718,0.206648846,0.424403323,0.862518513,0.0299074934,0.961278506,0.961743637,56.8240175,-28.1638001,-227.664366,1.60424192,-8.77891109,15.9631921,False,False
NGC 6624,-731.4,269.357045,-23.7772938,8.58434747,5.78549802,0.361960966,0.418588842,0.865315412,0.0531721735,0.961242623,0.962712138,56.8823575,-26.5312007,-227.259136,1.60908114,-8.74725877,15.4404294,False,False
NGC 6624,-731.5,269.222151,-23.6809423,8.5789416,5.80693123,0.517118937,0.412768606,0.867945165,0.0763842324,0.96109663,0.964127213,56.9366293,-24.8955619,-226.637015,1.6094246,-8.71276613,14.9244592,False,False
NGC 6624,-731.6,269.087145,-23.5855604,8.57357692,5.82728336,0.671976955,0.406943012,0.870407594,0.0995220617,0.960839214,0.965979625,56.9871849,-23.2594458,-225.809687,1.60549514,-8.67561383,14.417547,False,False
NGC 6624,-731.7,268.952153,-23.4912186,8.5682529,5.84655267,0.826397721,0.401112424,0.872702775,0.122565377,0.960469318,0.968258014,57.034366,-21.6252708,-224.791199,1.59756723,-8.63601082,13.9217479,False,False
NGC 6624,-731.8,268.817288,-23.3979818,8.56296882,5.86473902,0.980253785,0.395277168,0.874831023,0.145495411,0.959986124,0.970949161,57.0785017,-19.9952837,-223.597035,1.5859475,-8.59418245,13.438881,False,False
NGC 6624,-731.9,268.682659,-23.3059085,8.55772377,5.88184371,1.13342828,0.389437541,0.876792872,0.168295018,0.959389045,0.974038271,57.1199053,-18.3715415,-222.243271,1.5709569,-8.55035973,12.9705205,False,False
NGC 6624,-732,268.54836,-23.2150508,8.55251672,5.89786942,1.28581512,0.383593807,0.878589059,0.190948695,0.958677706,0.977509257,57.1588716,-16.7559017,-220.745884,1.55291615,-8.50477052,12.5179994,False,False
NGC 6624,-732.1,268.414478,-23.125455,8.54734649,5.91282002,1.43731878,0.3777462,0.880220498,0.213442547,0.957851929,0.981345015,57.1956732,-15.1500209,-219.120251,1.53213514,-8.45763314,12.0824217,False,False
NGC 6624,-732.2,268.281091,-23.0371613,8.5422118,5.92670047,1.58785383,0.37189493,0.881688264,0.235764206,0.956911717,0.985527673,57.230559,-13.5553581,-217.380817,1.50890582,-8.4091521,11.664681,False,False
NGC 6624,-732.3,268.148268,-22.9502046,8.5371113,5.93951666,1.73734424,0.36604018,0.88299357,0.257902724,0.955857237,0.990038824,57.2637525,-11.9731838,-215.540913,1.4834982,-8.35951579,11.2654816,False,False
NGC 6624,-732.4,268.016069,-22.8646151,8.53204356,5.95127532,1.88572262,0.360182114,0.884137751,0.279848458,0.954688807,0.994859728,57.2954509,-10.4045904,-213.612674,1.45615866,-8.30889548,10.8853597,False,False
NGC 6624,-732.5,267.884548,-22.7804183,8.5270071,5.96198388,2.03292941,0.354320874,0.885122245,0.301592944,0.953406876,0.999971487,57.3258257,-8.85050595,-211.607045,1.42710977,-8.25744539,10.5247049,False,False
NGC 6624,-732.6,267.753753,-22.6976357,8.52200042,5.97165038,2.17891213,0.34845659,0.885948577,0.323128775,0.952012014,1.0053552,57.3550233,-7.31170734,-209.53382,1.39655118,-8.20530333,10.1837795,False,False
NGC 6624,-732.7,267.623726,-22.6162856,8.51702198,5.98028335,2.32362461,0.342589374,0.886618343,0.344449495,0.9505049,1.0109921,57.3831667,-5.78883495,-207.401724,1.36466104,-8.15259176,9.86273686,False,False
NGC 6624,-732.8,267.494503,-22.5363827,8.51207023,5.98789174,2.46702631,0.33671933,0.8871332,0.365549486,0.948886306,1.01686363,57.4103566,-4.28240624,-205.218497,1.3315978,-8.09941902,9.56163722,False,False
NGC 6624,-732.9,267.366116,-22.4579393,8.50714361,5.99448484,2.60908168,0.33084655,0.887494851,0.386423877,0.947157088,1.02295159,57.4366741,-2.79282912,-202.990988,1.29750206,-8.04588061,9.28046208,False,False
NGC 6624,-733,267.238595,-22.3809649,8.50224057,6.00007219,2.74975961,0.32497112,0.887705037,0.407068454,0.94531818,1.02923816,57.4621823,-1.32041441,-200.725247,1.26249835,-7.9920605,9.01912674,False,False
NGC 6624,-733.1,267.111963,-22.3054673,8.49735955,6.00466355,2.8890329,0.319093121,0.887765525,0.427479587,0.943370578,1.03570596,57.4869284,0.13461258,-198.426613,1.22669689,-7.93803235,8.77749119,False,False
NGC 6624,-733.2,266.986243,-22.2314521,8.49249902,6.00826882,3.02687781,0.313212629,0.887678101,0.447654156,0.941315336,1.04233814,57.5109458,1.5721014,-196.099792,1.19019521,-7.88386062,8.55536956,False,False
NGC 6624,-733.3,266.861452,-22.1589234,8.48765746,6.01089798,3.16327367,0.307329717,0.887444564,0.467589496,0.93915356,1.04911837,57.5342561,2.99196686,-193.74893,1.15307955,-7.82960165,8.35253823,False,False
NGC 6624,-733.4,266.737609,-22.0878838,8.48283336,6.0125611,3.29820252,0.301444456,0.887066719,0.487283339,0.936886398,1.05603086,57.5568706,4.39418028,-191.377681,1.11542621,-7.77530455,8.16874289,False,False
NGC 6624,-733.5,266.614727,-22.0183348,8.47802525,6.01326824,3.43164876,0.295556918,0.886546369,0.506733768,0.934515038,1.06306043,57.5787919,5.77876178,-188.98926,1.07730267,-7.72101209,8.00370444,False,False
NGC 6624,-733.6,266.492818,-21.9502767,8.47323167,6.01302946,3.56359892,0.289667173,0.885885316,0.525939174,0.932040698,1.07019245,57.6000157,7.14577328,-186.5865,1.03876864,-7.66676141,7.85712412,False,False
NGC 6624,-733.7,266.371894,-21.8837088,8.46845119,6.01185479,3.69404138,0.283775295,0.885085351,0.544898221,0.929464629,1.0774129,57.6205314,8.49531233,-184.171893,0.999876968,-7.6125847,7.72868786,False,False
NGC 6624,-733.8,266.251964,-21.8186298,8.46368241,6.00975418,3.82296617,0.277881354,0.884148255,0.563609812,0.926788101,1.08470835,57.640324,9.82750672,-181.747633,0.960674429,-7.55850979,7.61806988,False,False
NGC 6624,-733.9,266.133036,-21.7550377,8.45892396,6.00673753,3.95036474,0.271985428,0.883075795,0.582073061,0.924012409,1.09206592,57.6593744,11.1425097,-179.315652,0.921202422,-7.50456067,7.52493583,False,False
NGC 6624,-734,266.015117,-21.6929298,8.45417449,6.00281461,4.07622986,0.266087592,0.881869719,0.600287267,0.921138865,1.09947333,57.6776605,12.4404955,-176.877647,0.881497593,-7.45075792,7.44894539,False,False
NGC 6624,-734.1,265.898212,-21.6323028,8.44943269,5.9979951,4.2005554,0.260187926,0.880531759,0.618251891,0.918168795,1.10691885,57.695158,13.7216563,-174.435109,0.841592373,-7.39711914,7.3897544,False,False
NGC 6624,-734.2,265.782328,-21.5731533,8.44469729,5.99228857,4.32333621,0.254286512,0.879063625,0.635966539,0.915103539,1.11439128,57.7118409,14.9861981,-171.989348,0.801515454,-7.34365931,7.34701674,False,False
NGC 6624,-734.3,265.667468,-21.5154772,8.43996701,5.98570442,4.44456805,0.248383434,0.877467005,0.65343094,0.911944447,1.12187997,57.7276818,16.2343387,-169.541515,0.761292204,-7.29039107,7.32038576,False,False
NGC 6624,-734.4,265.553636,-21.4592704,8.43524066,5.97825196,4.5642474,0.242478781,0.875743565,0.670644936,0.90869288,1.12937477,57.7426527,17.4663048,-167.092617,0.720945037,-7.23732501,7.30951559,False,False
NGC 6624,-734.5,265.440835,-21.4045282,8.43051702,5.96994033,4.68237147,0.236572642,0.873894948,0.687608464,0.905350205,1.13686604,57.7567252,18.6823301,-164.643532,0.680493732,-7.18446992,7.31406216,False,False
NGC 6624,-734.6,265.329068,-21.3512461,8.42579495,5.96077852,4.79893801,0.230665111,0.871922771,0.704321545,0.901917797,1.14434459,57.7698706,19.8826533,-162.195031,0.63995572,-7.13183297,7.33368397,False,False
NGC 6624,-734.7,265.218336,-21.2994191,8.42107331,5.9507754,4.9139453,0.224756285,0.869828628,0.720784273,0.898397034,1.15180172,57.7820603,21.0675166,-159.747781,0.599346336,-7.07941995,7.36804283,False,False
NGC 6624,-734.8,265.108641,-21.2490423,8.416351,5.93993965,5.02739209,0.218846262,0.867614089,0.736996808,0.894789301,1.15922913,57.793266,22.2371644,-157.302364,0.558679037,-7.02723539,7.41680435,False,False
NGC 6624,-734.9,264.999984,-21.2001105,8.41162695,5.92827982,5.13927749,0.212935144,0.865280695,0.752959361,0.891095986,1.16661899,57.8034598,23.3918417,-154.859281,0.517965599,-6.97528272,7.47963836,False,False
NGC 6624,-735,264.892367,-21.1526188,8.40690011,5.91580431,5.24960097,0.207023037,0.862829966,0.768672196,0.887318482,1.17396381,57.8126144,24.5317939,-152.418964,0.477216291,-6.92356439,7.55621926,False,False
NGC 6624,-735.1,264.78579,-21.1065618,8.40216947,5.90252135,5.35836227,0.201110047,0.860263396,0.784135614,0.883458183,1.18125654,57.820703,25.6572652,-149.98178,0.436440031,-6.87208201,7.64622623,False,False
NGC 6624,-735.2,264.680253,-21.0619343,8.39743406,5.88843903,5.46556139,0.195196287,0.857582452,0.799349952,0.879516488,1.18849047,57.8276994,26.7684981,-147.548044,0.395644515,-6.82083641,7.7493434,False,False
NGC 6624,-735.3,264.575757,-21.0187313,8.3926929,5.87356529,5.57119853,0.189281867,0.854788579,0.814315576,0.875494798,1.19565923,57.8335781,27.8657328,-145.118019,0.354836347,-6.76982776,7.86525998,False,False
NGC 6624,-735.4,264.472302,-20.9769474,8.38794506,5.8579079,5.67527407,0.183366905,0.851883197,0.829032879,0.871394516,1.2027568,57.8383146,28.9492067,-142.691923,0.314021139,-6.71905565,7.99367031,False,False
NGC 6624,-735.5,264.369888,-20.9365776,8.38318966,5.84147453,5.77778854,0.177451517,0.848867699,0.84350227,0.86721705,1.20977746,57.8418846,30.019154,-140.269936,0.273203614,-6.66851912,8.13427385,False,False
NGC 6624,-735.6,264.268515,-20.8976168,8.37842579,5.82427265,5.87874256,0.171535826,0.845743459,0.857724178,0.86296381,1.21671579,57.8442651,31.0758051,-137.8522,0.232387683,-6.61821678,8.28677525,False,False
NGC 6624,-735.7,264.168183,-20.8600598,8.37365263,5.80630961,5.97813686,0.165619952,0.842511824,0.871699043,0.858636211,1.22356666,57.8454334,32.1193866,-135.438828,0.191576532,-6.5681468,8.4508842,False,False
NGC 6624,-735.8,264.068892,-20.8239018,8.36886934,5.78759265,6.07597224,0.159704022,0.83917412,0.885427317,0.854235669,1.23032521,57.8453676,33.1501207,-133.029901,0.150772679,-6.51830703,8.62631548,False,False
NGC 6624,-735.9,263.97064,-20.7891378,8.36407511,5.76812882,6.17224954,0.153788163,0.835731648,0.898909456,0.849763606,1.23698682,57.8440465,34.1682254,-130.625477,0.109978043,-6.46869496,8.81278876,False,False
NGC 6624,-736,263.873429,-20.755763,8.35926918,5.74792507,6.26696963,0.147872503,0.832185691,0.912145924,0.845221451,1.24354714,57.8414496,35.1739141,-128.225591,0.0691939981,-6.41930785,9.01002862,False,False
NGC 6624,-736.1,263.777257,-20.7237727,8.3544508,5.72698822,6.36013338,0.141957176,0.828537506,0.925137186,0.840610635,1.25000202,57.8375568,36.1673955,-125.830255,0.0284214177,-6.37014269,9.21776433,False,False
NGC 6624,-736.2,263.682124,-20.6931622,8.34961923,5.70532495,6.45174169,0.136042314,0.824788333,0.937883706,0.835932596,1.25634754,57.8323488,37.1488734,-123.439464,-0.0123392769,-6.32119626,9.43572983,False,False
NGC 6624,-736.3,263.588031,-20.663927,8.34477377,5.68294183,6.54179541,0.130128052,0.820939388,0.950385948,0.83118878,1.26257999,57.8258067,38.1185469,-121.053198,-0.0530880787,-6.27246516,9.6636635,False,False
NGC 6624,-736.4,263.494976,-20.6360627,8.33991375,5.65984529,6.63029537,0.124214529,0.816991868,0.962644374,0.82638064,1.26869585,57.8179121,39.0766102,-118.671419,-0.0938253591,-6.22394582,9.90130812,False,False
NGC 6624,-736.5,263.40296,-20.609565,8.3350385,5.63604166,6.71724236,0.118301882,0.812946952,0.97465944,0.821509636,1.27469177,57.8086471,40.0232526,-116.294077,-0.134551836,-6.17563455,10.1484107,False,False
NGC 6624,-736.6,263.311982,-20.5844296,8.33014738,5.61153716,6.80263713,0.112390255,0.808805798,0.986431597,0.81657724,1.2805646,57.7979942,40.9586585,-113.92111,-0.175268545,-6.12752752,10.4047222,False,False
NGC 6624,-736.7,263.222042,-20.5606525,8.3252398,5.58633787,6.88648035,0.106479788,0.804569546,0.997961288,0.81158493,1.28631133,57.7859363,41.8830073,-111.552446,-0.215976813,-6.07962081,10.6699977,False,False
NGC 6624,-736.8,263.133141,-20.5382297,8.32031514,5.56044981,6.96877265,0.100570627,0.800239317,1.00924895,0.8065342,1.29192912,57.7724566,42.7964736,-109.188002,-0.256678237,-6.03191039,10.9439959,False,False
NGC 6624,-736.9,263.045277,-20.5171574,8.31537284,5.53387886,7.04951455,0.0946629181,0.795816216,1.02029501,0.801426552,1.29741528,57.7575386,43.6992273,-106.827686,-0.297374657,-5.98439218,11.2264792,False,False
NGC 6624,-737,262.958452,-20.4974317,8.31041236,5.50663081,7.1287065,0.0887568092,0.79130133,1.03109988,0.796263503,1.30276726,57.741166,44.5914331,-104.471398,-0.338068146,-5.93706204,11.5172135,False,False
NGC 6624,-737.1,262.872665,-20.4790492,8.30543317,5.47871135,7.20634887,0.0828524497,0.78669573,1.04166398,0.791046585,1.30798262,57.7233229,45.4732513,-102.119034,-0.378760985,-5.88991574,11.8159681,False,False
NGC 6624,-737.2,262.787917,-20.4620063,8.30043475,5.4501261,7.28244191,0.0769499909,0.78200047,1.05198769,0.785777345,1.31305907,57.7039933,46.3448373,-99.7704781,-0.41945565,-5.84294905,12.1225154,False,False
NGC 6624,-737.3,262.704208,-20.4462996,8.29541662,5.42088055,7.3569858,0.0710495857,0.777216588,1.0620714,0.780457345,1.31799443,57.6831617,47.2063419,-97.4256137,-0.4601548,-5.79615769,12.4366308,False,False
NGC 6624,-737.4,262.621538,-20.431926,8.29037831,5.39098013,7.42998059,0.0651513884,0.772345108,1.07191548,0.775088169,1.32278663,57.6608125,48.0579113,-95.0843165,-0.500861261,-5.74953735,12.7580927,False,False
NGC 6624,-737.5,262.539908,-20.4188823,8.28531937,5.36043019,7.50142621,0.0592555551,0.76738704,1.08152029,0.769671416,1.3274337,57.6369301,48.8996871,-92.7464581,-0.541578019,-5.70308372,13.0866822,False,False
NGC 6624,-737.6,262.459319,-20.4071654,8.28023938,5.32923599,7.57132251,0.0533622433,0.762343376,1.09088618,0.76420871,1.33193379,57.6114992,49.7318065,-90.4119061,-0.582308202,-5.65679245,13.4221832,False,False
NGC 6624,-737.7,262.379771,-20.3967727,8.27513793,5.2974027,7.63966918,0.0474716122,0.757215099,1.10001347,0.758701694,1.33628511,57.5845041,50.5544023,-88.080524,-0.623055081,-5.6106592,13.7643817,False,False
NGC 6624,-737.8,262.301266,-20.3877013,8.27001462,5.26493545,7.70646582,0.0415838226,0.752003176,1.10890249,0.753152037,1.340486,57.5559296,51.3676027,-85.7521721,-0.663822052,-5.56467963,14.1130665,False,False
NGC 6624,-737.9,262.223803,-20.3799486,8.26486909,5.23183927,7.77171188,0.0356990367,0.746708561,1.11755353,0.747561433,1.34453486,57.5257601,52.1715321,-83.4267077,-0.704612634,-5.5188494,14.4680283,False,False
NGC 6624,-738,262.147386,-20.3735121,8.25970098,5.19811912,7.83540668,0.0298174186,0.741332196,1.12596688,0.741931603,1.34843017,57.4939798,52.9663101,-81.1039853,-0.745430461,-5.47316418,14.8290599,False,False
NGC 6624,-738.1,262.072014,-20.3683894,8.25450996,5.16377993,7.89754943,0.0239391336,0.735875011,1.13414282,0.736264296,1.3521705,57.4605732,53.7520526,-78.7838568,-0.786279276,-5.42761964,15.1959561,False,False
NGC 6624,-738.2,261.997689,-20.3645784,8.24929572,5.12882653,7.95813918,0.0180643491,0.730337925,1.14208161,0.730561294,1.35575448,57.4255243,54.5288712,-76.4661722,-0.827162924,-5.38221148,15.5685135,False,False
NGC 6624,-738.3,261.924413,-20.3620769,8.24405796,5.0932637,8.01717486,0.0121932337,0.724721844,1.14978348,0.72482441,1.35918081,57.388817,55.2968734,-74.1507791,-0.868085349,-5.33693541,15.9465304,False,False
NGC 6624,-738.4,261.852187,-20.3608829,8.23879641,5.05709619,8.07465524,0.00632595792,0.719027665,1.15724866,0.719055492,1.36244826,57.3504351,56.056163,-71.8375236,-0.909050589,-5.29178714,16.3298065,False,False
NGC 6624,-738.5,261.781013,-20.3609946,8.23351079,5.02032866,8.13057897,0.000462693834,0.713256273,1.16447737,0.713256423,1.36555566,57.310362,56.8068395,-69.52625,-0.950062771,-5.24676245,16.7181431,False,False
NGC 6624,-738.6,261.710894,-20.3624101,8.22820088,4.98296574,8.18494453,-0.00539638474,0.707408546,1.17146979,0.707429128,1.3685019,57.268581,57.5489988,-67.2168011,-0.991126108,-5.20185709,17.1113427,False,False
NGC 6624,-738.7,261.641831,-20.3651279,8.22286644,4.94501201,8.23775028,-0.0112511023,0.701485348,1.17822611,0.701575571,1.37128591,57.225075,58.282733,-64.9090184,-1.0322449,-5.15706688,17.5092089,False,False
NGC 6624,-738.8,261.573826,-20.3691464,8.21750728,4.90647201,8.28899441,-0.0171012814,0.695487538,1.18474649,0.695697757,1.3739067,57.1798266,59.0081302,-62.6027422,-1.07342352,-5.11238764,17.9115466,False,False
NGC 6624,-738.9,261.506882,-20.3744643,8.2121232,4.86735023,8.33867497,-0.0229467431,0.689415963,1.19103108,0.689797741,1.3763633,57.132818,59.725275,-60.2978116,-1.11466642,-5.06781524,18.3181613,False,False
NGC 6624,-739,261.441002,-20.3810802,8.20671403,4.82765112,8.38678986,-0.0287873064,0.683271464,1.19707999,0.683877622,1.37865482,57.0840311,60.4342483,-57.9940648,-1.15597815,-5.02334557,18.7288594,False,False
NGC 6624,-739.1,261.376188,-20.388993,8.20127962,4.78737911,8.43333681,-0.0346227884,0.677054871,1.20289336,0.677939552,1.38078038,57.0334473,61.1351273,-55.691339,-1.1973633,-4.97897457,19.1434482,False,False
NGC 6624,-739.2,261.312443,-20.3982016,8.19581984,4.74653857,8.47831342,-0.0404530046,0.670767009,1.20847126,0.671985734,1.38273917,56.9810477,61.8279857,-53.3894704,-1.23882655,-4.93469818,19.5617353,False,False
NGC 6624,-739.3,261.249771,-20.4087052,8.19033456,4.70513385,8.52171712,-0.046277768,0.664408695,1.21381379,0.666018428,1.38453042,56.9268129,62.5128935,-51.0882945,-1.28037265,-4.89051242,19.9835287,False,False
NGC 6624,-739.4,261.188174,-20.4205028,8.1848237,4.66316929,8.56354518,-0.0520968901,0.657980739,1.21892101,0.660039952,1.38615337,56.8707229,63.1899174,-48.7876462,-1.32200643,-4.84641332,20.4086371,False,False
NGC 6624,-739.5,261.127655,-20.4335938,8.17928716,4.62064919,8.60379471,-0.0579101801,0.651483943,1.22379295,0.654052686,1.38760733,56.8127573,63.8591206,-46.4873595,-1.36373278,-4.80239696,20.8368688,False,False
NGC 6624,-739.6,261.068219,-20.4479775,8.17372489,4.57757781,8.64246267,-0.0637174451,0.644919103,1.22842965,0.648059074,1.38889163,56.752895,64.5205625,-44.1872677,-1.40555665,-4.75845946,21.2680328,False,False
NGC 6624,-739.7,261.00987,-20.4636535,8.16813683,4.53395942,8.67954585,-0.0695184899,0.638287012,1.23283112,0.642061625,1.39000565,56.6911146,65.1742996,-41.8872036,-1.44748307,-4.71459698,21.7019377,False,False
NGC 6624,-739.8,260.95261,-20.4806214,8.16252296,4.48979825,8.71504087,-0.0753131174,0.631588454,1.23699736,0.636062923,1.39094878,56.6273938,65.8203846,-39.5869994,-1.48951714,-4.67080573,22.1383919,False,False
NGC 6624,-739.9,260.896444,-20.4988808,8.15688328,4.44509852,8.7489442,-0.0811011279,0.62482421,1.24092833,0.630065621,1.39172045,56.5617098,66.458867,-37.2864866,-1.53166403,-4.62708195,22.5772038,False,False
NGC 6624,-740,260.841377,-20.5184317,8.15121778,4.39986445,8.78125214,-0.0868823195,0.617995054,1.24462401,0.624072451,1.39232013,56.4940392,67.0897928,-34.9854961,-1.57392896,-4.58342195,23.0181813,False,False
NGC 6624,-740.1,260.787413,-20.5392739,8.14552648,4.35410025,8.81196082,-0.0926564876,0.611101757,1.24808433,0.618086225,1.39274731,56.4243578,67.7132049,-32.6838585,-1.61631724,-4.53982206,23.4611316,False,False
NGC 6624,-740.2,260.734557,-20.5614074,8.13980945,4.30781009,8.84106621,-0.0984234255,0.604145085,1.25130922,0.612109838,1.39300151,56.3526407,68.3291425,-30.3814035,-1.65883423,-4.49627868,23.9058615,False,False
NGC 6624,-740.3,260.682812,-20.5848324,8.13406673,4.26099817,8.8685641,-0.104182924,0.597125801,1.25429858,0.606146273,1.39308228,56.2788623,68.9376418,-28.0779605,-1.70148537,-4.45278825,24.3521769,False,False
NGC 6624,-740.4,260.632186,-20.6095491,8.1282984,4.21366869,8.89445012,-0.10993477,0.590044664,1.25705231,0.6001986,1.39298919,56.2029961,69.5387355,-25.7733583,-1.74427617,-4.40934728,24.799883,False,False
NGC 6624,-740.5,260.582682,-20.6355578,8.12250457,4.16582581,8.91871973,-0.115678749,0.58290243,1.25957028,0.594269986,1.39272184,56.1250148,70.1324529,-23.4674252,-1.78721221,-4.3659523,25.2487838,False,False
NGC 6624,-740.6,260.534306,-20.6628589,8.11668535,4.11747375,8.9413682,-0.121414644,0.575699852,1.26185234,0.588363693,1.39227985,56.0448903,70.7188201,-21.1599888,-1.83029912,-4.32259994,25.6986823,False,False
NGC 6624,-740.7,260.487064,-20.691453,8.11084088,4.06861669,8.96239066,-0.127142233,0.568437681,1.26389834,0.582483085,1.39166287,55.9625937,71.2978599,-18.8508763,-1.87354264,-4.27928684,26.1493803,False,False
NGC 6624,-740.8,260.440962,-20.7213405,8.1049713,4.01925885,8.98178205,-0.132861294,0.561116664,1.26570809,0.576631627,1.39087059,55.8780949,71.8695916,-16.5399142,-1.91694853,-4.23600974,26.600678,False,False
NGC 6624,-740.9,260.396005,-20.7525223,8.09907679,3.96940443,8.99953711,-0.138571598,0.553737548,1.26728138,0.570812894,1.38990268,55.791363,72.4340313,-14.2269286,-1.96052268,-4.19276542,27.0523744,False,False
NGC 6624,-741,260.352201,-20.784999,8.09315755,3.91905767,9.01565046,-0.144272918,0.546301079,1.26861802,0.565030569,1.38875888,55.7023662,72.9911915,-11.911745,-2.00427101,-4.14955072,27.5042666,False,False
NGC 6624,-741.1,260.309555,-20.8187716,8.08721378,3.86822283,9.03011649,-0.149965018,0.538808,1.26971776,0.559288447,1.38743892,55.6110713,73.5410815,-9.59418821,-2.04819953,-4.10636256,27.9561502,False,False
NGC 6624,-741.2,260.268074,-20.8538409,8.08124572,3.81690416,9.04292944,-0.155647662,0.531259055,1.27058035,0.553590442,1.38594257,55.5174445,74.083707,-7.27408248,-2.09231433,-4.06319792,28.4078187,False,False
NGC 6624,-741.3,260.227765,-20.890208,8.07525361,3.76510596,9.05408337,-0.16132061,0.523654986,1.27120553,0.547940584,1.38426962,55.4214504,74.6190705,-4.9512515,-2.13662157,-4.02005386,28.8590637,False,False
NGC 6624,-741.4,260.188636,-20.927874,8.06923772,3.71283255,9.06357217,-0.166983618,0.515996536,1.271593,0.542343023,1.38241987,55.3230528,75.1471709,-2.62551833,-2.18112748,-3.9769275,29.3096745,False,False
NGC 6624,-741.5,260.150694,-20.9668401,8.06319835,3.66008827,9.07138951,-0.172636439,0.508284449,1.27174245,0.536802031,1.38039316,55.2222139,75.6680034,-0.296705404,-2.22583838,-3.93381604,29.7594382,False,False
NGC 6624,-741.6,260.113946,-21.0071074,8.05713581,3.6068775,9.07752894,-0.17827882,0.500519467,1.27165357,0.531322006,1.37818935,55.1188951,76.1815598,2.03536548,-2.27076068,-3.89071676,30.2081395,False,False
NGC 6624,-741.7,260.0784,-21.0486775,8.05105042,3.55320464,9.08198377,-0.183910506,0.492702335,1.27132602,0.525907469,1.37580831,55.0130559,76.6878283,4.37087317,-2.31590085,-3.84762704,30.6555603,False,False
NGC 6624,-741.8,260.044065,-21.0915516,8.04494254,3.49907415,9.08474717,-0.189531237,0.484833801,1.27075942,0.520563064,1.37324994,54.904655,77.1867935,6.70999715,-2.36126545,-3.8045443,31.1014801,False,False
NGC 6624,-741.9,260.010949,-21.1357311,8.03881254,3.44449051,9.08581212,-0.195140749,0.476914611,1.26995341,0.515293564,1.37051418,54.7936493,77.6784362,9.05291756,-2.40686113,-3.7614661,31.545675,False,False
NGC 6624,-742,259.97906,-21.1812177,8.03266082,3.38945825,9.08517138,-0.200738773,0.468945515,1.26890758,0.510103863,1.36760096,54.6799944,78.1627334,11.3998152,-2.45269461,-3.71839007,31.9879186,False,False
NGC 6624,-742.1,259.948408,-21.2280129,8.0264878,3.33398196,9.08281759,-0.206325036,0.460927266,1.26762152,0.504998976,1.36451027,54.5636442,78.6396584,13.7508715,-2.4987727,-3.67531394,32.4279809,False,False
NGC 6624,-742.2,259.919001,-21.2761184,8.0202939,3.27806626,9.07874314,-0.21189926,0.45286062,1.2660948,0.499984038,1.36124211,54.4445512,79.1091805,16.1062686,-2.54510231,-3.63223553,32.8656288,False,False
NGC 6624,-742.3,259.890849,-21.3255358,8.0140796,3.22171582,9.07294028,-0.217461162,0.444746336,1.26432695,0.495064299,1.35779649,54.3226661,79.571265,18.4661892,-2.59169043,-3.58915278,33.3006254,False,False
NGC 6624,-742.4,259.863961,-21.3762669,8.00784537,3.1649354,9.06540105,-0.223010454,0.436585175,1.26231752,0.49024512,1.35417347,54.1979378,80.0258733,20.8308168,-2.63854414,-3.54606375,33.7327302,False,False
NGC 6624,-742.5,259.838348,-21.4283136,8.00159173,3.10772978,9.05611732,-0.228546842,0.428377905,1.260066,0.485531965,1.35037314,54.0703136,80.4729625,23.2003352,-2.68567059,-3.50296658,34.161699,False,False
NGC 6624,-742.6,259.81402,-21.4816775,7.9953192,3.05010384,9.04508076,-0.234070027,0.420125298,1.25757189,0.480930393,1.3463956,53.9397388,80.9124857,25.5749293,-2.73307706,-3.45985958,34.5872833,False,False
NGC 6624,-742.7,259.790988,-21.5363608,7.98902834,2.99206248,9.03228287,-0.239579704,0.411828128,1.25483466,0.476446054,1.34224099,53.8061568,81.3443915,27.9547841,-2.78077089,-3.41674115,35.0092305,False,False
NGC 6624,-742.8,259.769261,-21.5923652,7.98271973,2.93361073,9.01771493,-0.245075564,0.403487179,1.25185376,0.47208467,1.33790948,53.669509,81.7686241,30.3400856,-2.82875952,-3.37360983,35.4272834,False,False
NGC 6624,-742.9,259.748852,-21.6496927,7.97639397,2.87475364,9.00136807,-0.250557289,0.395103238,1.24862863,0.467852032,1.33340129,53.5297345,82.1851234,32.7310199,-2.8770505,-3.33046431,35.8411804,False,False
NGC 6624,-743,259.729772,-21.7083454,7.9700517,2.81549638,8.98323321,-0.256024557,0.3866771,1.24515868,0.463753979,1.32871664,53.3867706,82.5938244,35.127774,-2.92565144,-3.28730342,36.250655,False,False
NGC 6624,-743.1,259.712032,-21.7683252,7.96369356,2.75584418,8.96330108,-0.261477038,0.378209564,1.24144331,0.459796385,1.32385581,53.2405518,82.9946575,37.530535,-2.97457008,-3.24412614,36.6554355,False,False
NGC 6624,-743.2,259.695645,-21.8296341,7.95732024,2.69580237,8.94156225,-0.266914395,0.369701441,1.23748188,0.455985142,1.31881912,53.0910108,83.3875482,39.9394907,-3.02381424,-3.20093163,37.0552452,False,False
NGC 6624,-743.3,259.680623,-21.8922743,7.95093245,2.63537635,8.91800708,-0.272336286,0.361153545,1.23327377,0.452326139,1.31360691,52.9380773,83.7724171,42.3548289,-3.07339182,-3.1577192,37.4498018,False,False
NGC 6624,-743.4,259.666978,-21.9562477,7.94453092,2.57457164,8.89262573,-0.27774236,0.352566703,1.2288183,0.448825243,1.3082196,52.7816789,84.1491794,44.7767378,-3.12331084,-3.11448834,37.8388174,False,False
NGC 6624,-743.5,259.654724,-22.0215565,7.93811642,2.51339385,8.86540821,-0.283132259,0.343941747,1.2241148,0.445488273,1.3026576,52.6217401,84.5177452,47.2054059,-3.17357939,-3.07123873,38.2219982,False,False
NGC 6624,-743.6,259.643874,-22.0882027,7.93168974,2.45184869,8.83634431,-0.288505616,0.335279521,1.21916255,0.442320978,1.29692142,52.4581829,84.8780191,49.6410215,-3.22420569,-3.02797026,38.5990441,False,False
NGC 6624,-743.7,259.634441,-22.1561884,7.9252517,2.38994199,8.80542365,-0.293862057,0.326580877,1.21396086,0.439329009,1.2910116,52.2909263,85.2299002,52.0837731,-3.275198,-2.984683,38.9696488,False,False
NGC 6624,-743.8,259.62644,-22.2255156,7.91880316,2.32767968,8.77263567,-0.299201201,0.31784668,1.20850896,0.436517892,1.28492871,52.1198863,85.5732816,54.5338488,-3.32656473,-2.94137728,39.3334994,False,False
NGC 6624,-743.9,259.619885,-22.2961863,7.91234499,2.26506781,8.73796961,-0.304522654,0.309077804,1.20280612,0.433893,1.27867341,51.9449756,85.9080506,56.9914366,-3.37831433,-2.89805362,39.6902758,False,False
NGC 6624,-744,259.614791,-22.3682026,7.9058781,2.20211258,8.70141454,-0.309826017,0.300275136,1.19685153,0.431459521,1.2722464,51.7661039,86.2340883,59.456724,-3.43045538,-2.85471279,40.039651,False,False
NGC 6624,-744.1,259.611173,-22.4415664,7.89940345,2.13882029,8.66295936,-0.315110881,0.291439575,1.19064442,0.429222429,1.26564847,51.5831772,86.5512694,61.9298977,-3.4829965,-2.81135584,40.3812906,False,False
NGC 6624,-744.2,259.609047,-22.5162796,7.89292201,2.07519739,8.62259276,-0.320376824,0.282572035,1.18418397,0.427186452,1.25888043,51.3960981,86.8594621,64.4111435,-3.53594644,-2.76798406,40.7148522,False,False
NGC 6624,-744.3,259.608427,-22.5923441,7.88643478,2.01125046,8.58030329,-0.325623419,0.273673441,1.17746933,0.425356043,1.2519432,51.2047654,87.1585278,66.9006464,-3.589314,-2.72459904,41.0399857,False,False
NGC 6624,-744.4,259.609332,-22.6697618,7.87994282,1.94698625,8.53607931,-0.330850223,0.264744734,1.17049966,0.423735347,1.24483778,51.009074,87.4483211,69.3985899,-3.64310807,-2.68120267,41.3563326,False,False
NGC 6624,-744.5,259.611776,-22.7485343,7.87344721,1.88241165,8.48990899,-0.336056787,0.25578687,1.16327408,0.422328174,1.23756522,50.8089149,87.7286889,71.9051559,-3.6973376,-2.63779715,41.6635256,False,False
NGC 6624,-744.6,259.615778,-22.8286634,7.86694905,1.81753369,8.44178037,-0.341242646,0.246800821,1.1557917,0.421137969,1.23012668,50.6041747,87.999471,74.4205244,-3.75201162,-2.59438502,41.9611886,False,False
NGC 6624,-744.7,259.621354,-22.9101507,7.8604495,1.7523596,8.39168129,-0.346407327,0.237787576,1.14805162,0.420167785,1.22252341,50.3947358,88.2604993,76.9448731,-3.8071392,-2.55096915,42.2489364,False,False
NGC 6624,-744.8,259.628523,-22.9929976,7.85394975,1.68689677,8.33959945,-0.351550344,0.228748142,1.1400529,0.419420263,1.21475675,50.1804758,88.5115976,79.4783772,-3.86272948,-2.50755282,42.5263739,False,False
NGC 6624,-744.9,259.637303,-23.0772055,7.84745103,1.62115275,8.28552238,-0.356671195,0.219683544,1.1317946,0.418897602,1.20682816,49.9612676,88.7525816,82.0212087,-3.91879164,-2.46413968,42.7930962,False,False
NGC 6624,-745,259.647713,-23.1627758,7.8409546,1.55513532,8.22943747,-0.36176937,0.210594825,1.12327576,0.418601549,1.19873921,49.7369793,88.9832581,84.5735361,-3.97533489,-2.42073378,43.0486883,False,False
NGC 6624,-745.1,259.659771,-23.2497095,7.83446177,1.48885242,8.17133195,-0.36684434,0.20148305,1.11449539,0.418533379,1.19049157,49.5074734,89.2034252,87.1355238,-4.03236847,-2.37733965,43.2927241,False,False
NGC 6624,-745.2,259.673497,-23.3380076,7.82797389,1.42231219,8.11119294,-0.371895566,0.192349304,1.10545251,0.418693882,1.18208706,49.2726074,89.4128717,89.7073318,-4.08990162,-2.33396225,43.5247668,False,False
NGC 6624,-745.3,259.688912,-23.427671,7.82149235,1.35552302,8.04900738,-0.376922491,0.183194696,1.0961461,0.419083358,1.17352764,49.0322329,89.6113769,92.2891145,-4.1479436,-2.29060704,43.7443681,False,False
NGC 6624,-745.4,259.706035,-23.5187003,7.81501858,1.28849348,7.98476211,-0.381924545,0.174020356,1.08657513,0.419701611,1.16481541,48.7861957,89.7987099,94.8810207,-4.20650364,-2.24728001,43.9510679,False,False
NGC 6624,-745.5,259.724888,-23.6110961,7.80855407,1.22123238,7.91844386,-0.38690114,0.164827439,1.07673855,0.420547948,1.15595263,48.5343355,89.9746299,97.483192,-4.26559093,-2.20398768,44.1443938,False,False
NGC 6624,-745.6,259.745491,-23.7048584,7.80210033,1.15374878,7.85003924,-0.391851672,0.155617124,1.06663532,0.421621183,1.14694173,48.2764853,90.1388853,100.095763,-4.32521461,-2.16073717,44.323861,False,False
NGC 6624,-745.7,259.767868,-23.7999875,7.79565895,1.08605197,7.77953475,-0.39677552,0.146390619,1.05626436,0.422919645,1.13778532,48.0124719,90.2912133,102.718859,-4.38538377,-2.11753622,44.4889715,False,False
NGC 6624,-745.8,259.792039,-23.8964832,7.78923153,1.0181515,7.7069168,-0.401672044,0.137149156,1.04562459,0.424441187,1.1284862,47.7421149,90.4313399,105.352596,-4.44610737,-2.07439319,44.6392138,False,False
NGC 6624,-745.9,259.818028,-23.9943448,7.78281975,0.950057186,7.63217175,-0.406540585,0.127893998,1.03471492,0.426183203,1.1190474,47.4652266,90.5589793,107.99708,-4.50739425,-2.03131717,44.7740627,False,False
NGC 6624,-746,259.845857,-24.0935719,7.77642534,0.881779128,7.55528588,-0.411380467,0.118626438,1.02353424,0.42814264,1.10947215,47.181612,90.6738334,110.652404,-4.5692531,-1.98831796,44.8929787,False,False
NGC 6624,-746.1,259.875551,-24.1941632,7.77005005,0.813327704,7.47624541,-0.416190991,0.109347798,1.01208144,0.430316026,1.09976394,46.8910682,90.7755913,113.318648,-4.63169241,-1.94540615,44.9954075,False,False
NGC 6624,-746.2,259.907134,-24.2961174,7.76369573,0.744713594,7.39503654,-0.420971437,0.100059435,1.00035539,0.432699481,1.08992649,46.593384,90.8639293,115.995876,-4.69472046,-1.90259314,45.0807796,False,False
NGC 6624,-746.3,259.94063,-24.3994328,7.75736424,0.675947788,7.31164545,-0.425721064,0.0907627376,0.988354982,0.435288754,1.07996383,46.28834,90.93851,118.684136,-4.75834523,-1.85989121,45.1485101,False,False
NGC 6624,-746.4,259.976064,-24.5041074,7.75105754,0.607041595,7.22605834,-0.430439108,0.0814591315,0.976079074,0.438079235,1.06988026,45.9757081,90.9989821,121.383458,-4.82257441,-1.81731356,45.197998,False,False
NGC 6624,-746.5,260.013461,-24.6101386,7.7447776,0.538006661,7.1382614,-0.435124781,0.0721500778,0.963526537,0.441065991,1.05968042,45.6552508,91.0449799,124.09385,-4.88741528,-1.7748744,45.228626,False,False
NGC 6624,-746.6,260.052848,-24.7175236,7.7385265,0.468854974,7.0482409,-0.439777269,0.0628370762,0.950696239,0.444243789,1.04936928,45.3267216,91.076123,126.815297,-4.95287472,-1.73258895,45.2397599,False,False
NGC 6624,-746.7,260.094251,-24.8262589,7.73230634,0.399598885,6.95598316,-0.444395735,0.053521666,0.937587052,0.447607124,1.03895217,44.989864,91.0920157,129.54776,-5.01895911,-1.69047356,45.2307484,False,False
NGC 6624,-746.8,260.137697,-24.9363407,7.72611931,0.330251113,6.86147463,-0.448979312,0.0442054277,0.924197851,0.451150244,1.02843484,44.6444116,91.0922466,132.291167,-5.08567422,-1.64854574,45.2009227,False,False
NGC 6624,-746.9,260.183213,-25.0477645,7.71996764,0.260824766,6.76470186,-0.453527109,0.0348899847,0.910527524,0.454867178,1.01782342,44.2900878,91.0763884,135.04542,-5.15302521,-1.60682427,45.1495962,False,False
NGC 6624,-747,260.230826,-25.1605254,7.71385365,0.19133335,6.6656516,-0.458038202,0.0255770052,0.896574968,0.458751761,1.00712455,43.9266051,91.0439973,137.81038,-5.22101647,-1.56532925,45.0760641,False,False
NGC 6624,-747.1,260.280565,-25.2746178,7.70777972,0.121790786,6.56431078,-0.462511641,0.0162682033,0.882339095,0.462797658,0.996345297,43.5536653,90.9946128,140.585873,-5.28965154,-1.52408218,44.9796036,False,False
NGC 6624,-747.2,260.332458,-25.3900355,7.70174828,0.0522114232,6.46066657,-0.466946442,0.00696534122,0.86781884,0.466998389,0.985493295,43.170959,90.9277573,143.37168,-5.358933,-1.48310608,44.8594729,False,False
NGC 6624,-747.3,260.386533,-25.5067716,7.69576187,-0.0173899469,6.35470645,-0.47134159,-0.00232976903,0.85301316,0.471347348,0.974576715,42.7781655,90.8429361,146.167532,-5.42886233,-1.44242555,44.7149121,False,False
NGC 6624,-747.4,260.442821,-25.6248184,7.68982306,-0.0869980741,6.24641823,-0.475696037,-0.0116152641,0.837921046,0.475837823,0.963604334,42.3749524,90.739637,148.973108,-5.49943978,-1.4020669,44.5451426,False,False
NGC 6624,-747.5,260.501349,-25.7441674,7.68393453,-0.156597235,6.13579012,-0.480008699,-0.0208892272,0.82254152,0.480463017,0.952585567,41.9609757,90.6173302,151.788028,-5.57066419,-1.36205824,44.3493671,False,False
NGC 6624,-747.6,260.562149,-25.8648093,7.678099,-0.22617122,6.02281077,-0.484278458,-0.0301496867,0.80687365,0.485216064,0.941530517,41.5358797,90.4754686,154.611843,-5.64253286,-1.32242958,44.1267704,False,False
NGC 6624,-747.7,260.625248,-25.9867341,7.67231931,-0.295703313,5.90746935,-0.488504157,-0.0393946139,0.790916552,0.49009004,0.93045002,41.0992967,90.3134875,157.444034,-5.71504127,-1.28321301,43.8765191,False,False
NGC 6624,-747.8,260.690678,-26.1099305,7.66659835,-0.365176282,5.78975564,-0.492684604,-0.0486219215,0.774669399,0.495077984,0.919355692,40.6508474,90.1308052,160.283997,-5.78818294,-1.24444277,43.5977628,False,False
NGC 6624,-747.9,260.758469,-26.2343863,7.66093908,-0.434572363,5.66966006,-0.496818563,-0.0578294619,0.758131431,0.500172901,0.908259984,40.1901411,89.9268234,163.131039,-5.86194913,-1.2061554,43.2896342,False,False
NGC 6624,-748,260.828649,-26.3600883,7.65534459,-0.503873243,5.54717383,-0.500904761,-0.0670150255,0.741301964,0.50536778,0.897176235,39.7167756,89.7009277,165.984368,-5.93632861,-1.16838994,42.9512507,False,False
NGC 6624,-748.1,260.901251,-26.4870221,7.649818,-0.573060052,5.42228898,-0.504941883,-0.0761763393,0.724180401,0.510655598,0.886118724,39.2303381,89.4524885,168.843077,-6.01130727,-1.13118801,42.5817152,False,False
NGC 6624,-748.2,260.976302,-26.615172,7.64436255,-0.642113345,5.29499854,-0.50892857,-0.0853110648,0.706766242,0.516029328,0.87510273,38.7304055,89.1808623,171.706136,-6.08686787,-1.09459405,42.1801179,False,False
NGC 6624,-748.3,261.053832,-26.744521,7.63898154,-0.711013091,5.16529659,-0.51286342,-0.0944167971,0.689059102,0.521481945,0.864144586,38.2165456,88.8853931,174.572378,-6.16298959,-1.05865545,41.7455382,False,False
NGC 6624,-748.4,261.133872,-26.8750507,7.63367837,-0.779738666,5.03317844,-0.516744985,-0.103491064,0.67105872,0.527006433,0.853261733,37.6883175,88.5654141,177.440483,-6.23964763,-1.02342278,41.277047,False,False
NGC 6624,-748.5,261.216449,-27.0067412,7.62845654,-0.848268842,4.89864073,-0.520571775,-0.112531324,0.652764981,0.532595786,0.842472784,37.1452736,88.22025,180.308958,-6.31681271,-0.988949952,40.7737097,False,False
NGC 6624,-748.6,261.301591,-27.139571,7.62331961,-0.91658178,4.76168164,-0.524342249,-0.121534967,0.634177932,0.538243015,0.831797566,36.5869606,87.8492199,183.176122,-6.39445054,-0.955294491,40.2345895,False,False
NGC 6624,-748.7,261.389326,-27.2735169,7.61827123,-0.984655028,4.62230099,-0.528054825,-0.130499312,0.615297801,0.543941144,0.821257177,36.0129219,87.4516402,186.040082,-6.47252121,-0.922517732,39.6587515,False,False
NGC 6624,-748.8,261.47968,-27.4085538,7.61331515,-1.05246552,4.48050052,-0.531707868,-0.13942161,0.596125022,0.54968322,0.810874025,35.4226998,87.026829,188.898713,-6.55097855,-0.890685082,39.0452673,False,False
NGC 6624,-748.9,261.572678,-27.5446548,7.6084552,-1.11998956,4.33628403,-0.535299703,-0.14829904,0.576660261,0.555462309,0.800671864,34.815838,86.5741103,191.749625,-6.62976931,-0.859866288,38.3932209,False,False
NGC 6624,-749,261.668343,-27.6817908,7.60369528,-1.18720288,4.18965765,-0.538828602,-0.157128715,0.556904441,0.561271499,0.79067582,34.1918855,86.0928194,194.590138,-6.70883241,-0.830135726,37.701715,False,False
NGC 6624,-749.1,261.766697,-27.8199306,7.59903938,-1.25408058,4.0406301,-0.542292796,-0.165907678,0.536858777,0.567103901,0.780912403,33.5503998,85.5823092,197.417248,-6.78809793,-0.80157271,36.9698787,False,False
NGC 6624,-749.2,261.867759,-27.9590406,7.59449157,-1.32059721,3.88921297,-0.54569047,-0.174632911,0.516524808,0.572952653,0.771409502,32.8909517,85.0419573,200.227591,-6.8674861,-0.774261826,36.1968759,False,False
NGC 6624,-749.3,261.971548,-28.0990847,7.59005598,-1.38672673,3.73542103,-0.549019765,-0.18330133,0.495904438,0.578810919,0.76219636,32.2131303,84.4711743,203.017396,-6.94690613,-0.748293294,35.3819157,False,False
NGC 6624,-749.4,262.078078,-28.2400241,7.58573682,-1.45244261,3.57927261,-0.552278783,-0.191909794,0.474999979,0.584671893,0.753303527,31.5165489,83.8694127,205.782445,-7.0262549,-0.723763362,34.5242638,False,False
NGC 6624,-749.5,262.18736,-28.3818171,7.58153834,-1.51771781,3.42078998,-0.555465585,-0.200455111,0.4538142,0.590528803,0.744762778,30.8008513,83.2361775,208.518019,-7.10541552,-0.700774738,33.6232556,False,False
NGC 6624,-749.6,262.299402,-28.5244192,7.57746485,-1.58252486,3.25999976,-0.558578201,-0.208934037,0.432350381,0.596374914,0.736607012,30.0657196,82.5710379,211.218838,-7.18425571,-0.679437056,32.6783108,False,False
NGC 6624,-749.7,262.414208,-28.6677824,7.57352072,-1.6468359,3.09693346,-0.561614629,-0.217343292,0.410612371,0.602203535,0.728870096,29.3108824,81.8736394,213.879,-7.26262605,-0.65986739,31.6889506,False,False
NGC 6624,-749.8,262.531775,-28.8118553,7.56971031,-1.71062276,2.93162795,-0.564572841,-0.225679562,0.38860466,0.608008024,0.721586681,28.5361233,81.1437184,216.491905,-7.34035802,-0.642190811,30.6548164,False,False
NGC 6624,-749.9,262.652097,-28.956583,7.56603804,-1.77385704,2.7641261,-0.567450792,-0.233939511,0.366332451,0.613781799,0.71479197,27.7412918,80.3811166,219.050182,-7.41726184,-0.626541018,29.5756909,False,False
NGC 6624,-750,262.775162,-29.1019063,7.56250831,-1.83651018,2.59447742,-0.570246426,-0.242119795,0.343801744,0.619518346,0.708521432,26.9263133,79.5857968,221.5456,-7.49312416,-0.613060983,28.4515224,False,False
NGC 6624,-750.1,262.900948,-29.2477621,7.55912549,-1.89855362,2.42273876,-0.57295768,-0.250217072,0.321019429,0.625211233,0.702810472,26.0912008,78.7578599,223.968976,-7.56770564,-0.601903629,27.2824501,False,False
NGC 6624,-750.2,263.029428,-29.3940825,7.55589392,-1.95995885,2.24897515,-0.5755825,-0.258228016,0.297993388,0.630854122,0.697694046,25.2360671,77.8975606,226.310086,-7.64073846,-0.593232491,26.0688343,False,False
NGC 6624,-750.3,263.160563,-29.540795,7.5528179,-2.02069761,2.0732606,-0.578118851,-0.266149339,0.274732604,0.636440788,0.693206232,24.361137,77.0053251,228.557569,-7.71192379,-0.587222351,24.8112873,False,False
NGC 6624,-750.4,263.294306,-29.6878218,7.5499016,-2.08074201,1.89567908,-0.580564724,-0.273977805,0.251247286,0.641965136,0.689379746,23.4667604,76.0817666,230.698847,-7.78092975,-0.584059565,23.5107084,False,False
NGC 6624,-750.5,263.430598,-29.8350798,7.54714909,-2.14006467,1.71632549,-0.582918153,-0.281710249,0.227548992,0.647421221,0.686245423,22.5534241,75.1276997,232.720076,-7.84738983,-0.583942069,22.1683212,False,False
NGC 6624,-750.6,263.569368,-29.9824799,7.54456428,-2.19863893,1.53530662,-0.585177231,-0.289343602,0.203650763,0.652803272,0.683831664,21.6217639,74.1441533,234.606129,-7.91090261,-0.58707862,20.7857119,False,False
NGC 6624,-750.7,263.710529,-30.1299269,7.54215088,-2.25643902,1.35274215,-0.587340123,-0.296874911,0.179567247,0.658105716,0.682163858,20.6725746,73.1323794,236.340682,-7.97103343,-0.59368686,19.3648684,False,False
NGC 6624,-750.8,263.853981,-30.2773195,7.53991236,-2.31344025,1.16876548,-0.589405085,-0.304301365,0.155314819,0.663323205,0.681263802,19.706818,72.0938583,237.906403,-8.02731911,-0.603989606,17.9082172,False,False
NGC 6624,-750.9,263.999608,-30.4245499,7.53785193,-2.36961921,0.983524386,-0.591370477,-0.311620311,0.13091166,0.668450641,0.681149119,18.7256269,71.0302983,239.285331,-8.07927692,-0.61820867,16.4186542,False,False
NGC 6624,-751,264.147276,-30.571504,7.53597242,-2.42495393,0.797181257,-0.593234788,-0.318829286,0.106377798,0.673483205,0.681832724,17.7303056,69.9436286,240.459463,-8.12641902,-0.636555564,14.8995635,False,False
NGC 6624,-751.1,264.296836,-30.7180621,7.5342763,-2.4794241,0.609912763,-0.594996645,-0.325926036,0.0817350667,0.678416383,0.683322332,16.7223223,68.8359847,241.411605,-8.16827303,-0.659218786,13.3548173,False,False
NGC 6624,-751.2,264.448123,-30.8640994,7.53276563,-2.53301123,0.421908777,-0.596654836,-0.33290853,0.0570069742,0.68324599,0.685620068,15.7032958,67.7096853,242.126443,-8.2044083,-0.686348104,11.7887476,False,False
NGC 6624,-751.3,264.600957,-31.0094875,7.53144195,-2.58569877,0.233370381,-0.598208319,-0.339774987,0.0322184467,0.687968193,0.688722196,14.6749722,66.5672005,242.591748,-8.2344657,-0.718037376,10.2060836,False,False
NGC 6624,-751.4,264.755148,-31.1540964,7.53030633,-2.63747226,0.0445069156,-0.599656236,-0.346523883,0.00739545192,0.692579529,0.692619012,13.639194,65.4111114,242.799549,-8.25818663,-0.75430856,8.61185074,False,False
NGC 6624,-751.5,264.910496,-31.297796,7.52935929,-2.6883194,-0.144467777,-0.600997923,-0.353153962,-0.0174354831,0.697076914,0.697294931,12.5978619,64.2440634,242.747023,-8.27543584,-0.795100383,7.01123624,False,False
NGC 6624,-751.6,265.0668,-31.4404593,7.52860079,-2.73823006,-0.333339669,-0.60223291,-0.359664238,-0.0422478271,0.701457655,0.702728767,11.552892,63.0687152,242.436907,-8.28621282,-0.840264635,5.40943341,False,False
NGC 6624,-751.7,265.223858,-31.5819642,7.5280303,-2.78719636,-0.521898937,-0.60336092,-0.366053997,-0.0670156078,0.70571944,0.708894224,10.5061721,61.8876872,241.877317,-8.29064897,-0.889571592,3.8114836,False,False
NGC 6624,-751.8,265.381472,-31.7221958,7.52764675,-2.83521251,-0.709943978,-0.60438187,-0.372322789,-0.0917139277,0.709860341,0.715760538,9.45952168,60.7035132,241.081,-8.28899129,-0.942723677,2.22213577,False,False
NGC 6624,-751.9,265.539454,-31.8610481,7.5274486,-2.88227485,-0.897284703,-0.605295855,-0.378470416,-0.116319384,0.713878791,0.723293251,8.41465764,59.5185987,240.064214,-8.28157655,-0.999374553,0.645738734,False,False
NGC 6624,-752,265.697625,-31.9984251,7.5274339,-2.92838164,-1.08374484,-0.60610314,-0.384496919,-0.140810359,0.717773569,0.731455025,7.37316889,58.3351869,238.845445,-8.26880155,-1.05914997,-0.91382685,False,False
NGC 6624,-752.1,265.855819,-32.1342411,7.52760031,-2.97353298,-1.26916328,-0.606804145,-0.390402559,-0.165167191,0.721543781,0.740206478,6.33649961,57.1553352,237.444203,-8.25109459,-1.12166705,-2.45317801,False,False
NGC 6624,-752.2,266.013883,-32.2684209,7.52794517,-3.01773065,-1.45339452,-0.607399431,-0.396187795,-0.18937222,0.725188829,0.749506955,5.30594089,55.980901,235.880021,-8.22889158,-1.18654998,-3.96942765,False,False
NGC 6624,-752.3,266.171677,-32.4008995,7.52846557,-3.06097793,-1.63630841,-0.607889683,-0.401853269,-0.213409753,0.728708389,0.759315244,4.28262924,54.8135355,234.17172,-8.20261825,-1.25344127,-5.46016035,False,False
NGC 6624,-752.4,266.329074,-32.5316214,7.52915834,-3.10327943,-1.81778947,-0.608275692,-0.40739978,-0.237265963,0.732102382,0.769590173,3.26755042,53.654685,232.336934,-8.17267832,-1.32200885,-6.92339489,False,False
NGC 6624,-752.5,266.485957,-32.6605399,7.53002016,-3.14464097,-1.99773587,-0.608558345,-0.412828262,-0.260928756,0.735370949,0.780291131,2.26154696,52.5055977,230.39185,-8.13944674,-1.39194972,-8.35754017,False,False
NGC 6624,-752.6,266.642223,-32.7876163,7.53104753,-3.18506937,-2.17605825,-0.608738608,-0.418139772,-0.284387614,0.738514428,0.791378466,1.26532804,51.3673341,228.351104,-8.1032666,-1.46299106,-9.76134964,True,True
NGC 6624,-752.7,266.797777,-32.912819,7.53223687,-3.22457235,-2.35267856,-0.608817512,-0.423335461,-0.307633434,0.741533327,0.802813805,0.279480716,50.2407804,226.227789,-8.06444873,-1.5348897,-11.1338772,True,True
NGC 6624,-752.8,266.952532,-33.0361229,7.53358452,-3.26315836,-2.52752886,-0.608796143,-0.428416567,-0.330658379,0.744428303,0.814560288,-0.695518355,49.1266631,224.033527,-8.02327277,-1.60743047,-12.4744363,True,True
NGC 6624,-752.9,267.106413,-33.1575083,7.53508674,-3.30083646,-2.70055023,-0.608675632,-0.433384392,-0.353455729,0.747200145,0.826582729,-1.65929127,48.0255649,221.778576,-7.97998924,-1.68042405,-13.7825628,True,True
NGC 6624,-753,267.259349,-33.2769606,7.53673978,-3.33761625,-2.87169175,-0.608457141,-0.438240292,-0.376019748,0.749849749,0.83884772,-2.61154758,46.9379392,219.471956,-7.93482201,-1.75370458,-15.0579822,True,True
NGC 6624,-753.1,267.411276,-33.3944694,7.53853986,-3.37350769,-3.04090958,-0.608141859,-0.442985664,-0.398345566,0.752378109,0.851323681,-3.55207372,45.8641259,217.121581,-7.88797089,-1.82712722,-16.3005806,True,True
NGC 6624,-753.2,267.562136,-33.5100284,7.5404832,-3.40852111,-3.20816615,-0.607730996,-0.447621931,-0.42042907,0.754786299,0.863980879,-4.48072317,44.8043647,214.734375,-7.83961418,-1.90056587,-17.5103795,True,True
NGC 6624,-753.3,267.711878,-33.6236343,7.54256604,-3.44266703,-3.3734294,-0.607225769,-0.452150542,-0.44226681,0.757075457,0.876791411,-5.39740749,43.7588085,212.316393,-7.78991104,-1.97391095,-18.6875142,True,True
NGC 6624,-753.4,267.860452,-33.7352868,7.54478463,-3.47595617,-3.53667216,-0.606627406,-0.456572952,-0.463855914,0.759246778,0.88972916,-6.30208826,42.7275353,209.872925,-7.7390037,-2.04706749,-19.8322146,True,True
NGC 6624,-753.5,268.007817,-33.8449881,7.54713527,-3.50839937,-3.69787157,-0.605937134,-0.460890623,-0.485194018,0.761301502,0.902769744,-7.19476979,41.7105589,207.40859,-7.68701938,-2.11995335,-20.9447893,True,True
NGC 6624,-753.6,268.15393,-33.9527424,7.54961428,-3.5400075,-3.85700854,-0.605156178,-0.465105017,-0.506279198,0.763240903,0.915890442,-8.07549273,40.7078387,204.927415,-7.63407208,-2.19249762,-22.0256118,True,True
NGC 6624,-753.7,268.298757,-34.0585562,7.55221804,-3.57079149,-4.01406738,-0.604285758,-0.469217587,-0.527109916,0.765066285,0.929070118,-8.94432834,39.7192878,202.432917,-7.58026414,-2.26463925,-23.0751083,True,True
NGC 6624,-753.8,268.442263,-34.1624373,7.55494298,-3.60076221,-4.16903534,-0.603327085,-0.473229775,-0.54768497,0.766778972,0.942289137,-9.80137355,38.744781,199.92816,-7.52568754,-2.33632584,-24.0937477,True,True
NGC 6624,-753.9,268.584418,-34.2643948,7.55778558,-3.62993051,-4.32190231,-0.602281359,-0.477143012,-0.56800345,0.768380303,0.955529282,-10.6467465,37.7841614,197.415814,-7.47042516,-2.40751257,-25.0820331,True,True
NGC 6624,-754,268.725193,-34.3644394,7.56074236,-3.65830716,-4.47266049,-0.601149767,-0.480958707,-0.588064701,0.769871626,0.968773665,-11.4805829,36.8372456,194.898206,-7.41455178,-2.47816123,-26.0404945,True,True
NGC 6624,-754.1,268.864562,-34.4625826,7.56380994,-3.68590282,-4.62130415,-0.599933481,-0.484678252,-0.607868293,0.771254296,0.982006645,-12.3030326,35.9038295,192.377361,-7.35813503,-2.54823944,-26.9696822,True,True
NGC 6624,-754.2,269.0025,-34.5588367,7.56698497,-3.71272804,-4.76782938,-0.598633658,-0.488303016,-0.627413985,0.77252967,0.995213746,-13.1142567,34.9836918,189.855037,-7.30123616,-2.61771989,-27.870162,True,True
NGC 6624,-754.3,269.138987,-34.653215,7.57026417,-3.73879326,-4.91223387,-0.597251436,-0.491834346,-0.646701706,0.773699103,1.00838157,-13.9144253,34.0765984,187.332763,-7.24391076,-2.68657975,-28.7425103,True,True
NGC 6624,-754.4,269.274,-34.7457312,7.57364434,-3.76410875,-5.05451677,-0.595787938,-0.495273563,-0.665731531,0.774763944,1.02149774,-14.7037151,33.1823049,184.811865,-7.18620939,-2.75480013,-29.5873105,True,True
NGC 6624,-754.5,269.407521,-34.8363998,7.57712231,-3.78868465,-5.19467846,-0.594244267,-0.498621963,-0.684503661,0.775725539,1.03455081,-15.4823079,32.30056,182.293487,-7.1281781,-2.82236555,-30.4051501,True,True
NGC 6624,-754.6,269.539532,-34.9252354,7.58069501,-3.81253092,-5.33272048,-0.592621508,-0.501880817,-0.703018404,0.776585221,1.04753018,-16.2503889,31.4311073,179.778619,-7.06985888,-2.88926358,-31.1966174,True,True
NGC 6624,-754.7,269.670017,-35.0122533,7.58435942,-3.83565739,-5.46864535,-0.590920725,-0.505051369,-0.721276166,0.777344318,1.06042609,-17.0081453,30.5736872,177.268113,-7.01129013,-2.95548446,-31.9623001,True,True
NGC 6624,-754.8,269.79896,-35.097469,7.58811258,-3.85807369,-5.60245648,-0.589142966,-0.508134835,-0.739277429,0.778004142,1.0732295,-17.7557654,29.7280391,174.762696,-6.95250701,-3.02102074,-32.7027827,True,True
NGC 6624,-754.9,269.926348,-35.1808981,7.59195161,-3.87978931,-5.73415805,-0.587289257,-0.511132406,-0.757022748,0.778565995,1.08593206,-18.4934376,28.8939021,172.262992,-6.89354173,-3.08586705,-33.4186454,True,True
NGC 6624,-755,270.052167,-35.2625565,7.59587367,-3.90081354,-5.86375495,-0.585360606,-0.514045247,-0.774512733,0.779031164,1.09852607,-19.2213493,28.0710167,169.769527,-6.83442387,-3.15001985,-34.1104626,True,True
NGC 6624,-755.1,270.176406,-35.3424604,7.599876,-3.92115552,-5.99125266,-0.583358001,-0.516874495,-0.791748048,0.779400925,1.1110044,-19.9396868,27.2591252,167.282747,-6.77518063,-3.21347717,-34.7788022,True,True
NGC 6624,-755.2,270.299052,-35.4206257,7.6039559,-3.9408242,-6.11665721,-0.581282414,-0.519621261,-0.808729394,0.779676535,1.12336046,-20.6486344,26.457973,164.803021,-6.71583706,-3.27623847,-35.4242243,True,True
NGC 6624,-755.3,270.420096,-35.4970686,7.60811073,-3.95982839,-6.23997512,-0.579134793,-0.522286631,-0.82545751,0.77985924,1.13558819,-21.348374,25.667309,162.330654,-6.65641624,-3.33830444,-36.0472809,True,True
NGC 6624,-755.4,270.539527,-35.5718055,7.6123379,-3.9781767,-6.36121329,-0.576916073,-0.524871664,-0.84193316,0.779950267,1.14768195,-22.0390846,24.8868862,159.865896,-6.59693945,-3.39967687,-36.6485152,True,True
NGC 6624,-755.5,270.657336,-35.6448524,7.6166349,-3.99587759,-6.480379,-0.574627167,-0.527377396,-0.858157135,0.779950831,1.15963657,-22.7209425,24.1164618,157.408941,-6.53742638,-3.46035852,-37.2284614,True,True
NGC 6624,-755.6,270.773516,-35.7162255,7.62099926,-4.01293935,-6.59747987,-0.572268972,-0.529804837,-0.874130239,0.77986213,1.17144723,-23.3941203,23.355798,154.959943,-6.47789523,-3.520353,-37.7876441,True,True
NGC 6624,-755.7,270.888058,-35.785941,7.62542858,-4.02937011,-6.71252377,-0.569842367,-0.532154973,-0.889853294,0.779685346,1.18310951,-24.0587874,22.6046619,152.519013,-6.41836281,-3.57966466,-38.3265782,True,True
NGC 6624,-755.8,271.000955,-35.8540148,7.62992049,-4.04517784,-6.8255188,-0.567348214,-0.534428766,-0.905327127,0.779421646,1.19461932,-24.7151095,21.8628257,150.086228,-6.35884474,-3.63829851,-38.845769,True,True
NGC 6624,-755.9,271.112201,-35.920463,7.63447272,-4.06037035,-6.93647329,-0.564787357,-0.536627158,-0.920552575,0.779072182,1.20597285,-25.3632487,21.1300672,147.661634,-6.29935545,-3.69626015,-39.3457116,True,True
NGC 6624,-756,271.221788,-35.9853013,7.63908302,-4.07495531,-7.04539571,-0.562160627,-0.538751064,-0.935530477,0.778638092,1.21716661,-26.0033631,20.4061691,145.245247,-6.23990837,-3.75355568,-39.8268913,True,True
NGC 6624,-756.1,271.329712,-36.0485455,7.64374919,-4.08894023,-7.15229469,-0.559468835,-0.54080138,-0.950261671,0.778120498,1.22819736,-26.6356072,19.6909201,142.837062,-6.18051592,-3.81019164,-40.2897838,True,True
NGC 6624,-756.2,271.435967,-36.1102111,7.64846911,-4.10233247,-7.25717899,-0.556712778,-0.54277898,-0.964746996,0.777520507,1.23906211,-27.2601314,18.9841138,140.437049,-6.12118965,-3.86617498,-40.7348545,True,True
NGC 6624,-756.3,271.540548,-36.1703136,7.65324068,-4.11513925,-7.36005745,-0.553893239,-0.544684718,-0.978987284,0.776839213,1.24975808,-27.8770826,18.2855494,138.045161,-6.06194028,-3.92151296,-41.1625592,True,True
NGC 6624,-756.4,271.643451,-36.2288683,7.65806187,-4.12736766,-7.46093897,-0.551010985,-0.546519425,-0.992983364,0.776077694,1.26028273,-28.4866035,17.5950316,135.661334,-6.00277778,-3.97621318,-41.5733443,True,True
NGC 6624,-756.5,271.744672,-36.2858903,7.66293069,-4.13902464,-7.55983254,-0.548066769,-0.548283916,-1.00673606,0.775237019,1.27063367,-29.0888331,16.9123701,133.285487,-5.94371138,-4.03028345,-41.9676462,True,True
NGC 6624,-756.6,271.844206,-36.3413944,7.6678452,-4.150117,-7.65674715,-0.545061328,-0.549978984,-1.02024617,0.774318239,1.28080872,-29.6839067,16.2373802,130.917529,-5.88474968,-4.08373183,-42.3458924,True,True
NGC 6624,-756.7,271.942051,-36.3953955,7.67280351,-4.16065143,-7.75169184,-0.541995389,-0.551605405,-1.03351451,0.773322394,1.29080586,-30.2719559,15.5698819,128.557354,-5.82590065,-4.13656657,-42.7085008,True,True
NGC 6624,-756.8,272.038203,-36.4479082,7.67780377,-4.17063447,-7.84467564,-0.538869664,-0.553163935,-1.04654187,0.772250512,1.30062321,-30.8531083,14.9097004,126.204847,-5.76717171,-4.18879608,-43.0558804,True,True
NGC 6624,-756.9,272.13266,-36.4989468,7.68284418,-4.18007258,-7.93570759,-0.53568485,-0.554655315,-1.05932901,0.77110361,1.31025903,-31.4274884,14.2566661,123.859884,-5.70856972,-4.24042889,-43.3884314,True,True
NGC 6624,-757,272.225419,-36.5485255,7.68792297,-4.18897205,-8.0247967,-0.532441636,-0.556080266,-1.07187672,0.769882691,1.31971173,-31.9952166,13.6106138,121.522335,-5.65010105,-4.29147366,-43.7065452,True,True
NGC 6624,-757.1,272.316477,-36.5966584,7.69303843,-4.19733908,-8.11195196,-0.529140694,-0.557439495,-1.08418574,0.768588749,1.32897982,-32.5564103,12.9713831,119.192059,-5.59177161,-4.34193916,-44.0106048,True,True
NGC 6624,-757.2,272.405833,-36.6433592,7.69818888,-4.20517975,-8.19718231,-0.525782687,-0.558733692,-1.0962568,0.767222766,1.33806193,-33.111183,12.3388185,116.868912,-5.53358688,-4.3918342,-44.3009848,True,True
NGC 6624,-757.3,272.493486,-36.6886416,7.70337269,-4.21250004,-8.28049665,-0.522368267,-0.559963529,-1.10809063,0.765785715,1.34695679,-33.6596451,11.7127684,114.552743,-5.4755519,-4.44116768,-44.5780516,True,True
NGC 6624,-757.4,272.579432,-36.7325188,7.70858827,-4.21930581,-8.36190382,-0.518898073,-0.561129667,-1.11968793,0.764278557,1.35566322,-34.2019039,11.0930861,112.243398,-5.41767134,-4.48994854,-44.842164,True,True
NGC 6624,-757.5,272.663672,-36.7750042,7.71383406,-4.22560281,-8.44141261,-0.515372734,-0.562232748,-1.13104939,0.762702248,1.36418014,-34.7380631,10.4796287,109.940717,-5.35994952,-4.53818574,-45.0936727,True,True
NGC 6624,-757.6,272.746204,-36.8161106,7.71910853,-4.2313967,-8.51903173,-0.51179287,-0.563273403,-1.14217569,0.76105773,1.37250653,-35.2682234,9.8722576,107.644539,-5.3023904,-4.58588827,-45.332921,True,True
NGC 6624,-757.7,272.827026,-36.8558509,7.72441023,-4.23669304,-8.5947698,-0.508159087,-0.564252247,-1.15306748,0.75934594,1.38064147,-35.7924827,9.27083817,105.354697,-5.24499762,-4.63306514,-45.560245,True,True
NGC 6624,-757.8,272.906139,-36.8942375,7.72973769,-4.24149728,-8.66863538,-0.504471986,-0.565169881,-1.16372541,0.757567805,1.3885841,-36.3109354,8.67523961,103.071023,-5.1877745,-4.67972535,-45.7759736,True,True
NGC 6624,-757.9,272.983542,-36.9312829,7.73508951,-4.24581479,-8.74063692,-0.500732155,-0.566026896,-1.17415008,0.755724247,1.39633361,-36.8236735,8.08533485,100.793349,-5.1307241,-4.72587789,-45.9804284,True,True
NGC 6624,-758,273.059235,-36.9669992,7.74046433,-4.24965084,-8.81078281,-0.496940174,-0.566823865,-1.18434212,0.753816179,1.40388927,-37.3307856,7.50100049,98.5215008,-5.07384919,-4.77153175,-46.1739247,True,True
NGC 6624,-758.1,273.133216,-37.0013982,7.7458608,-4.25301061,-8.87908131,-0.493096614,-0.567561354,-1.1943021,0.751844506,1.4112504,-37.8323581,6.92211663,96.2553058,-5.01715227,-4.81669589,-46.356771,True,True
NGC 6624,-758.2,273.205487,-37.0344917,7.75127762,-4.2558992,-8.94554059,-0.489202037,-0.568239914,-1.2040306,0.749810131,1.41841634,-38.3284742,6.34856679,93.9945893,-4.96063561,-4.86137923,-46.5292691,True,True
NGC 6624,-758.3,273.276047,-37.0662912,7.75671352,-4.25832162,-9.01016871,-0.485256998,-0.568860084,-1.21352817,0.747713949,1.42538653,-38.8192146,5.7802378,91.7391754,-4.90430124,-4.9055907,-46.691715,True,True
NGC 6624,-758.4,273.344897,-37.096808,7.76216727,-4.26028279,-9.07297363,-0.481262041,-0.569422392,-1.22279533,0.745556848,1.43216041,-39.3046574,5.21701971,89.4888875,-4.84815096,-4.94933913,-46.8443984,True,True
NGC 6624,-758.5,273.412036,-37.126053,7.76763766,-4.26178757,-9.13396319,-0.477217706,-0.569927356,-1.23183261,0.743339714,1.43873747,-39.7848781,4.65880566,87.2435486,-4.79218637,-4.99263337,-46.9876031,True,True
NGC 6624,-758.6,273.477466,-37.1540373,7.7731235,-4.26284073,-9.19314513,-0.473124521,-0.570375482,-1.2406405,0.741063428,1.44511725,-40.2599499,4.1054918,85.002981,-4.73640887,-5.03548218,-47.121607,True,True
NGC 6624,-758.7,273.541187,-37.1807713,7.77862367,-4.26344695,-9.25052705,-0.468983011,-0.570767267,-1.24921948,0.738728866,1.4512993,-40.7299434,3.55697721,82.7670066,-4.68081965,-5.07789429,-47.2466827,True,True
NGC 6624,-758.8,273.603199,-37.2062656,7.78413703,-4.26361085,-9.30611644,-0.46479369,-0.571103195,-1.25757002,0.736336903,1.45728322,-41.1949268,3.01316379,80.5354474,-4.62541972,-5.11987839,-47.3630972,True,True
NGC 6624,-758.9,273.663504,-37.2305304,7.78966252,-4.26333698,-9.35992067,-0.460557069,-0.571383744,-1.26569255,0.733888409,1.46306863,-41.654966,2.47395616,78.3081249,-4.57020993,-5.16144308,-47.4711122,True,True
NGC 6624,-759,273.722102,-37.2535756,7.79519906,-4.26262982,-9.41194698,-0.456273649,-0.571609378,-1.27358749,0.731384252,1.46865517,-42.1101248,1.93926162,76.0848609,-4.51519096,-5.20259695,-47.5709843,True,True
NGC 6624,-759.1,273.778994,-37.2754111,7.80074564,-4.26149377,-9.46220249,-0.451943926,-0.571780556,-1.28125526,0.728825299,1.47404252,-42.5604646,1.40899002,73.8654771,-4.4603633,-5.24334849,-47.6629652,True,True
NGC 6624,-759.2,273.834182,-37.2960465,7.80630125,-4.25993317,-9.51069418,-0.44756839,-0.571897724,-1.28869624,0.726212414,1.47923036,-43.0060445,0.883053711,71.6497953,-4.40572731,-5.28370615,-47.7473014,True,True
NGC 6624,-759.3,273.887667,-37.3154912,7.81186491,-4.25795229,-9.55742892,-0.443147525,-0.571961323,-1.2959108,0.723546463,1.48421841,-43.4469218,0.361367444,69.4376376,-4.35128322,-5.32367831,-47.8242351,True,True
NGC 6624,-759.4,273.93945,-37.3337543,7.81743569,-4.25555535,-9.60241343,-0.438681809,-0.571971781,-1.3028993,0.720828307,1.48900639,-43.8831514,-0.156151684,67.2288261,-4.29703107,-5.3632733,-47.8940037,True,True
NGC 6624,-759.5,273.989532,-37.3508449,7.82301265,-4.25274649,-9.64565431,-0.434171715,-0.571929522,-1.30966206,0.718058812,1.49359404,-44.3147864,-0.669584308,65.0231834,-4.24297081,-5.40249938,-47.9568402,True,True
NGC 6624,-759.6,274.037914,-37.3667717,7.8285949,-4.2495298,-9.687158,-0.42961771,-0.57183496,-1.3161994,0.71523884,1.49798113,-44.7418776,-1.17900887,62.8205322,-4.18910223,-5.44136473,-48.0129731,True,True
NGC 6624,-759.7,274.084599,-37.3815433,7.83418158,-4.2459093,-9.72693084,-0.425020256,-0.571688499,-1.32251162,0.712369257,1.50216741,-45.1644739,-1.68450168,60.6206953,-4.13542501,-5.47987749,-48.0626271,True,True
NGC 6624,-759.8,274.129588,-37.3951681,7.83977183,-4.24188897,-9.76497902,-0.42037981,-0.571490539,-1.32859899,0.709450929,1.50615268,-45.5826225,-2.18613697,58.4234962,-4.0819387,-5.51804571,-48.1060223,True,True
NGC 6624,-759.9,274.172883,-37.4076543,7.84536484,-4.23747273,-9.80130857,-0.415696825,-0.57124147,-1.33446179,0.706484726,1.50993673,-45.9963684,-2.68398699,56.2287583,-4.02864274,-5.55587738,-48.1433752,True,True
NGC 6624,-760,274.214484,-37.4190097,7.8509598,-4.23266443,-9.83592542,-0.41097175,-0.570941676,-1.34010024,0.703471518,1.51351935,-46.4057547,-3.17812203,54.0363055,-3.97553645,-5.59338044,-48.1748983,True,True
NGC 6624,-760.1,274.254394,-37.4292423,7.85655594,-4.22746787,-9.86883534,-0.406205027,-0.570591534,-1.34551458,0.70041218,1.51690036,-46.8108229,-3.66861048,51.8459619,-3.92261906,-5.63056274,-48.2008003,True,True
NGC 6624,-760.2,274.292615,-37.4383596,7.86215252,-4.22188681,-9.90004396,-0.401397096,-0.570191412,-1.35070501,0.69730759,1.52007957,-47.2116124,-4.15551891,49.6575519,-3.86988967,-5.66743208,-48.2212864,True,True
NGC 6624,-760.3,274.329148,-37.4463689,7.86774879,-4.21592496,-9.92955676,-0.396548393,-0.569741674,-1.35567171,0.69415863,1.52305679,-47.6081608,-4.63891213,47.4709001,-3.81734729,-5.70399618,-48.236558,True,True
NGC 6624,-760.4,274.363995,-37.4532776,7.87334405,-4.20958596,-9.95737911,-0.39165935,-0.569242675,-1.36041487,0.690966186,1.52583187,-48.0005041,-5.11885318,45.2858313,-3.76499084,-5.7402627,-48.2468134,True,True
NGC 6624,-760.5,274.397158,-37.4590925,7.87893762,-4.20287342,-9.9835162,-0.386730395,-0.568694767,-1.36493464,0.687731151,1.52840462,-48.3886763,-5.59540345,43.1021705,-3.71281915,-5.77623923,-48.2522473,True,True
NGC 6624,-760.6,274.42864,-37.4638206,7.88452883,-4.1957909,-10.0079731,-0.381761954,-0.568098291,-1.36923114,0.684454424,1.53077489,-48.7727099,-6.06862269,40.919743,-3.66083092,-5.8119333,-48.2530512,True,True
NGC 6624,-760.7,274.458441,-37.4674684,7.89011705,-4.18834191,-10.0307547,-0.376754447,-0.567453587,-1.3733045,0.681136908,1.53294251,-49.1526354,-6.53856906,38.7383742,-3.60902482,-5.84735236,-48.2494134,True,True
NGC 6624,-760.8,274.486564,-37.4700423,7.89570164,-4.1805299,-10.0518659,-0.371708293,-0.566760986,-1.37715481,0.677779515,1.53490731,-49.5284818,-7.00529919,36.5578894,-3.55739939,-5.88250382,-48.2415192,True,True
NGC 6624,-760.9,274.513011,-37.4715487,7.901282,-4.17235831,-10.0713112,-0.366623909,-0.566020814,-1.38078216,0.674383165,1.53666913,-49.9002762,-7.46886819,34.3781142,-3.5059531,-5.917395,-48.229551,True,True
NGC 6624,-761,274.537784,-37.4719935,7.90685756,-4.16383051,-10.0890951,-0.361501706,-0.565233392,-1.38418661,0.670948784,1.53822783,-50.2680442,-7.92932972,32.1988741,-3.45468435,-5.95203316,-48.2136881,True,True
NGC 6624,-761.1,274.560886,-37.4713827,7.91242775,-4.15494984,-10.105222,-0.356342097,-0.564399034,-1.38736821,0.66747731,1.53958322,-50.6318094,-8.38673602,30.0199948,-3.40359144,-5.9864255,-48.1941071,True,True
NGC 6624,-761.2,274.582317,-37.469722,7.91799203,-4.14571958,-10.1196961,-0.351145489,-0.563518051,-1.39032698,0.663969689,1.54073517,-50.9915941,-8.84113794,27.8413017,-3.35267262,-6.02057918,-48.1709818,True,True
NGC 6624,-761.3,274.60208,-37.4670168,7.92354988,-4.13614301,-10.1325215,-0.345912287,-0.562590747,-1.39306294,0.660426876,1.5416835,-51.3474186,-9.29258498,25.6626203,-3.30192605,-6.05450125,-48.1444834,True,True
NGC 6624,-761.4,274.620177,-37.4632725,7.92910078,-4.12622332,-10.1437019,-0.340642897,-0.561617422,-1.39557607,0.65684984,1.54242805,-51.6993017,-9.74112533,23.4837759,-3.25134981,-6.08819874,-48.1147803,True,True
NGC 6624,-761.5,274.636611,-37.4584943,7.93464425,-4.1159637,-10.1532413,-0.33533772,-0.560598371,-1.39786635,0.653239558,1.54296865,-52.0472605,-10.1868059,21.3045935,-3.20094194,-6.1216786,-48.0820388,True,True
NGC 6624,-761.6,274.651383,-37.452687,7.94017983,-4.10536729,-10.1611431,-0.329997157,-0.559533884,-1.39993374,0.649597022,1.54330515,-52.3913104,-10.6296723,19.124898,-3.15070037,-6.15494773,-48.0464222,True,True
NGC 6624,-761.7,274.664495,-37.4458556,7.94570707,-4.09443718,-10.167411,-0.324621607,-0.558424246,-1.40177818,0.645923236,1.54343736,-52.7314651,-11.0697691,16.944514,-3.100623,-6.18801296,-48.0080919,True,True
NGC 6624,-761.8,274.67595,-37.4380046,7.95122552,-4.08317645,-10.1720481,-0.319211467,-0.557269739,-1.40339959,0.642219217,1.54336513,-53.0677367,-11.5071394,14.7632659,-3.05070764,-6.22088107,-47.9672067,True,True
NGC 6624,-761.9,274.68575,-37.4291384,7.95673478,-4.07158814,-10.1750577,-0.313767135,-0.556070639,-1.40479786,0.638485999,1.54308827,-53.4001355,-11.9418254,12.5809775,-3.00095206,-6.25355878,-47.9239233,True,True
NGC 6624,-762,274.693896,-37.4192614,7.96223445,-4.05967523,-10.1764428,-0.308289005,-0.554827219,-1.40597289,0.634724628,1.5426066,-53.7286702,-12.3738679,10.3974723,-2.95135394,-6.28605276,-47.8783959,True,True
NGC 6624,-762.1,274.700391,-37.4083777,7.96772414,-4.04744069,-10.1762063,-0.302777474,-0.553539747,-1.40692454,0.63093617,1.54191994,-54.0533478,-12.8033069,8.21257331,-2.90191092,-6.31836961,-47.830777,True,True
NGC 6624,-762.2,274.705236,-37.396491,7.9732035,-4.03488745,-10.1743508,-0.297232933,-0.552208487,-1.40765266,0.627121703,1.54102811,-54.3741735,-13.2301811,6.02610293,-2.85262058,-6.3505159,-47.7812167,True,True
NGC 6624,-762.3,274.708434,-37.3836053,7.97867217,-4.02201842,-10.170879,-0.291655779,-0.5508337,-1.40815707,0.623282326,1.53993091,-54.6911509,-13.6545281,3.83788305,-2.80348041,-6.38249813,-47.7298631,True,True
NGC 6624,-762.4,274.709987,-37.369724,7.98412982,-4.00883646,-10.1657932,-0.286046404,-0.549415642,-1.4084376,0.619419157,1.53862814,-55.0042816,-14.0763846,1.64773491,-2.75448789,-6.41432274,-47.6768625,True,True
NGC 6624,-762.5,274.709897,-37.3548506,7.98957614,-3.99534442,-10.1590958,-0.280405201,-0.547954566,-1.40849403,0.615533332,1.53711962,-55.3135657,-14.4957862,-0.544520973,-2.70564042,-6.44599615,-47.622359,True,True
NGC 6624,-762.6,274.708166,-37.3389882,7.99501083,-3.98154509,-10.1507889,-0.274732563,-0.546450721,-1.40832614,0.611626006,1.53540513,-55.6190014,-14.9127676,-2.73906484,-2.65693533,-6.4775247,-47.5664951,True,True
NGC 6624,-762.7,274.704795,-37.3221401,8.0004336,-3.96744127,-10.1408744,-0.269028886,-0.544904353,-1.40793369,0.607698359,1.53348446,-55.920585,-15.3273623,-4.93607772,-2.60836992,-6.5089147,-47.5094111,True,True
NGC 6624,-762.8,274.699787,-37.3043091,8.00584418,-3.9530357,-10.1293541,-0.263294562,-0.543315705,-1.40731642,0.60375159,1.5313574,-56.2183112,-15.7396031,-7.13574153,-2.55994142,-6.5401724,-47.451246,True,True
NGC 6624,-762.9,274.693144,-37.2854979,8.01124232,-3.93833111,-10.1162298,-0.257529988,-0.541685016,-1.40647403,0.599786921,1.52902373,-56.5121727,-16.1495217,-9.33823912,-2.51164701,-6.57130401,-47.3921365,True,True
NGC 6624,-763,274.684867,-37.265709,8.01662778,-3.9233302,-10.101503,-0.251735557,-0.540012521,-1.40540625,0.5958056,1.52648322,-56.8021602,-16.5571489,-11.5437543,-2.46348383,-6.60231571,-47.3322181,True,True
NGC 6624,-763.1,274.674958,-37.244945,8.02200034,-3.90803563,-10.0851749,-0.245911668,-0.538298453,-1.40411274,0.591808899,1.52373566,-57.0882626,-16.9625146,-13.7524719,-2.41544896,-6.6332136,-47.2716242,True,True
NGC 6624,-763.2,274.66342,-37.223208,8.02735978,-3.89245006,-10.0672469,-0.240058718,-0.536543043,-1.40259317,0.587798116,1.52078079,-57.3704669,-17.3656477,-15.964578,-2.36753942,-6.66400378,-47.2104868,True,True
NGC 6624,-763.3,274.650253,-37.2005002,8.03270592,-3.8765761,-10.0477199,-0.234177106,-0.534746517,-1.40084718,0.583774575,1.51761839,-57.6487578,-17.7665763,-18.1802596,-2.31975219,-6.69469227,-47.1489362,True,True
NGC 6624,-763.4,274.635461,-37.1768233,8.03803857,-3.86041635,-10.0265949,-0.228267235,-0.532909099,-1.39887441,0.579739629,1.51424821,-57.9231184,-18.1653278,-20.3997051,-2.2720842,-6.72528508,-47.0871011,True,True
NGC 6624,-763.5,274.619043,-37.1521793,8.04335756,-3.84397337,-10.0038726,-0.222329506,-0.53103101,-1.39667444,0.575694661,1.51067,-58.1935293,-18.5619283,-22.623104,-2.22453232,-6.75578816,-47.0251087,True,True
NGC 6624,-763.6,274.601003,-37.1265696,8.04866275,-3.82724973,-9.97955363,-0.216364324,-0.529112469,-1.39424688,0.571641081,1.5068835,-58.4599692,-18.9564035,-24.8506474,-2.17709339,-6.78620743,-46.9630847,True,True
NGC 6624,-763.7,274.581341,-37.0999958,8.05395398,-3.81024795,-9.95363841,-0.210372097,-0.527153693,-1.39159128,0.567580334,1.50288846,-58.7224145,-19.3487781,-27.0825275,-2.12976418,-6.81654879,-46.9011531,True,True
NGC 6624,-763.8,274.56006,-37.072459,8.05923115,-3.79297052,-9.92612721,-0.204353236,-0.525154894,-1.3887072,0.563513893,1.49868462,-58.9808394,-19.7390757,-29.3189381,-2.08254143,-6.84681807,-46.8394366,True,True
NGC 6624,-763.9,274.537161,-37.0439604,8.06449413,-3.77541993,-9.89702016,-0.198308151,-0.523116284,-1.38559415,0.559443267,1.49427171,-59.2352158,-20.1273196,-31.5600745,-2.03542182,-6.87702108,-46.7780564,True,True
NGC 6624,-764,274.512645,-37.014501,8.06974283,-3.75759865,-9.86631722,-0.19223726,-0.521038072,-1.38225166,0.55537,1.48964945,-59.4855132,-20.5135318,-33.8061334,-1.988402,-6.90716362,-46.7171322,True,True
NGC 6624,-764.1,274.486513,-36.9840815,8.07497716,-3.73950911,-9.8340182,-0.18614098,-0.518920465,-1.37867919,0.551295667,1.48481757,-59.7316987,-20.8977338,-36.0573134,-1.94147854,-6.93725143,-46.6567823,True,True
NGC 6624,-764.2,274.458768,-36.9527027,8.08019705,-3.72115374,-9.80012274,-0.180019734,-0.516763666,-1.37487622,0.547221885,1.4797758,-59.9737369,-21.2799462,-38.3138144,-1.89464801,-6.96729023,-46.5971235,True,True
NGC 6624,-764.3,274.429411,-36.9203649,8.08540243,-3.70253494,-9.76463034,-0.173873948,-0.514567879,-1.3708422,0.543150303,1.47452385,-60.2115898,-21.6601887,-40.5758383,-1.84790689,-6.99728571,-46.5382712,True,True
NGC 6624,-764.4,274.398442,-36.8870684,8.09059327,-3.68365508,-9.72754033,-0.167704053,-0.512333304,-1.36657655,0.539082613,1.46906144,-60.4452168,-22.0384805,-42.8435887,-1.80125163,-7.02724351,-46.4803393,True,True
NGC 6624,-764.5,274.365864,-36.8528136,8.09576952,-3.66451655,-9.68885186,-0.161510482,-0.51006014,-1.36207867,0.535020544,1.46338829,-60.6745745,-22.4148396,-45.1172709,-1.75467866,-7.05716929,-46.4234406,True,True
NGC 6624,-764.6,274.331676,-36.8176003,8.10093116,-3.64512167,-9.64856396,-0.155293675,-0.507748584,-1.35734794,0.530965865,1.45750409,-60.8996166,-22.7892836,-47.3970921,-1.70818432,-7.08706864,-46.367686,True,True
NGC 6624,-764.7,274.295882,-36.7814284,8.10607819,-3.62547279,-9.60667545,-0.149054075,-0.505398829,-1.35238373,0.526920387,1.45140858,-61.120294,-23.1618291,-49.6832615,-1.66176495,-7.11694714,-46.3131852,True,True
NGC 6624,-764.8,274.25848,-36.7442976,8.1112106,-3.60557222,-9.56318503,-0.142792132,-0.503011071,-1.34718538,0.522885963,1.44510145,-61.3365546,-23.532492,-51.9759901,-1.61541681,-7.14681036,-46.2600465,True,True
NGC 6624,-764.9,274.219474,-36.7062075,8.1163284,-3.58542225,-9.51809121,-0.136508299,-0.5005855,-1.34175221,0.51886449,1.43858241,-61.5483429,-23.9012874,-54.2754909,-1.56913613,-7.17666381,-46.2083765,True,True
NGC 6624,-765,274.178862,-36.6671574,8.12143163,-3.56502516,-9.47139234,-0.130203038,-0.498122308,-1.3360835,0.514857907,1.43185118,-61.7556006,-24.2682296,-56.5819789,-1.52291911,-7.20651301,-46.1582807,True,True
NGC 6624,-765.1,274.136647,-36.6271466,8.12652031,-3.54438322,-9.42308662,-0.123876815,-0.495621681,-1.33017855,0.510868198,1.42490746,-61.9582655,-24.6333322,-58.8956712,-1.47676189,-7.23636345,-46.1098627,True,True
NGC 6624,-765.2,274.09283,-36.5861742,8.1315945,-3.52349868,-9.37317206,-0.117530103,-0.493083808,-1.32403659,0.506897393,1.41775098,-62.1562724,-24.996608,-61.2167869,-1.43066058,-7.26622059,-46.0632247,True,True
NGC 6624,-765.3,274.04741,-36.544239,8.13665425,-3.50237379,-9.32164651,-0.111163381,-0.490508876,-1.31765686,0.502947566,1.41038145,-62.3495521,-25.358069,-63.5455472,-1.38461124,-7.29608988,-46.0184674,True,True
NGC 6624,-765.4,274.000388,-36.5013399,8.14169963,-3.48101075,-9.26850768,-0.104777137,-0.487897069,-1.31103856,0.499020839,1.4027986,-62.538032,-25.7177263,-65.8821754,-1.3386099,-7.32597674,-45.9756898,True,True
NGC 6624,-765.5,273.951766,-36.4574754,8.14673073,-3.45941179,-9.21375308,-0.0983718662,-0.485248571,-1.30418088,0.495119379,1.39500214,-62.7216352,-26.0755905,-68.2268966,-1.29265255,-7.35588659,-45.9349893,True,True
NGC 6624,-765.6,273.901544,-36.4126441,8.15174763,-3.4375791,-9.15738006,-0.0919480705,-0.482563565,-1.29708298,0.491245399,1.38699182,-62.9002809,-26.4316711,-70.5799384,-1.24673513,-7.3858248,-45.8964615,True,True
NGC 6624,-765.7,273.849722,-36.3668442,8.15675043,-3.41551486,-9.09938581,-0.0855062616,-0.479842233,-1.289744,0.487401158,1.37876737,-63.0738841,-26.7859771,-72.9415302,-1.20085357,-7.41579676,-45.8602003,True,True
NGC 6624,-765.8,273.796301,-36.3200739,8.16173926,-3.39322126,-9.03976733,-0.0790469598,-0.477084756,-1.28216304,0.483588964,1.37032856,-63.2423554,-27.1385164,-75.3119035,-1.15500374,-7.44580781,-45.8262977,True,True
NGC 6624,-765.9,273.741281,-36.2723312,8.16671422,-3.37070046,-8.97852148,-0.0725706946,-0.474291315,-1.27433921,0.479811168,1.36167514,-63.4056007,-27.4892963,-77.6912917,-1.10918149,-7.47586328,-45.794844,True,True
NGC 6624,-766,273.684662,-36.2236139,8.17167546,-3.3479546,-8.91564492,-0.0660780055,-0.471462088,-1.26627156,0.476070167,1.35280689,-63.563521,-27.8383233,-80.0799303,-1.06338265,-7.50596849,-45.7659271,True,True
NGC 6624,-766.1,273.626444,-36.1739198,8.1766231,-3.32498584,-8.85113415,-0.0595694424,-0.468597256,-1.25795914,0.472368401,1.3437236,-63.7160125,-28.185603,-82.4780564,-1.01760299,-7.53612874,-45.7396334,True,True
NGC 6624,-766.2,273.566628,-36.1232464,8.18155731,-3.3017963,-8.78498551,-0.0530455661,-0.465696996,-1.24940097,0.468708357,1.33442508,-63.862966,-28.5311401,-84.8859092,-0.971838294,-7.5663493,-45.7160465,True,True
NGC 6624,-766.3,273.505214,-36.071591,8.18647824,-3.27838811,-8.71719514,-0.0465069486,-0.462761486,-1.24059603,0.46509256,1.32491117,-64.0042669,-28.8749386,-87.3037292,-0.926084299,-7.59663543,-45.6952482,True,True
NGC 6624,-766.4,273.442201,-36.0189509,8.19138606,-3.25476339,-8.64775904,-0.0399541743,-0.459790905,-1.2315433,0.461523577,1.3151817,-64.1397948,-29.2170015,-89.7317589,-0.880336734,-7.62699238,-45.6773178,True,True
NGC 6624,-766.5,273.37759,-35.9653233,8.19628095,-3.23092424,-8.576673,-0.03338784,-0.456785429,-1.22224172,0.458004013,1.30523657,-64.2694234,-29.5573312,-92.1702418,-0.834591309,-7.65742534,-45.6623318,True,True
NGC 6624,-766.6,273.31138,-35.910705,8.2011631,-3.20687277,-8.50393267,-0.0268085557,-0.453745235,-1.21269021,0.454536508,1.29507567,-64.39302,-29.8959289,-94.6194227,-0.788843728,-7.68793952,-45.6503645,True,True
NGC 6624,-766.7,273.243571,-35.8550928,8.20603269,-3.18261107,-8.42953352,-0.0202169453,-0.450670501,-1.20288766,0.451123736,1.28469893,-64.5104454,-30.2327953,-97.0795475,-0.743089689,-7.71854007,-45.641487,True,True
NGC 6624,-766.8,273.174163,-35.7984834,8.21088993,-3.15814123,-8.35347084,-0.0136136475,-0.447561404,-1.19283294,0.447768402,1.27410634,-64.6215535,-30.5679297,-99.5508628,-0.697324891,-7.74923214,-45.6357676,True,True
NGC 6624,-766.9,273.103155,-35.7408732,8.21573503,-3.13346532,-8.27573974,-0.00699931609,-0.444418122,-1.1825249,0.444473236,1.2632979,-64.726191,-30.9013309,-102.033616,-0.651545042,-7.78002083,-45.6332714,True,True
NGC 6624,-767,273.030547,-35.6822587,8.22056821,-3.10858544,-8.19633518,-0.000374621024,-0.44124083,-1.17196234,0.441240989,1.25227367,-64.824197,-31.2329967,-104.528053,-0.605745867,-7.81091121,-45.6340601,True,True
NGC 6624,-767.1,272.956338,-35.6226359,8.22538968,-3.08350365,-8.11525194,0.00625975097,-0.438029708,-1.16114407,0.438074434,1.24103374,-64.9154026,-31.5629238,-107.034422,-0.559923113,-7.84190832,-45.638192,True,True
NGC 6624,-767.2,272.880528,-35.562001,8.23019968,-3.05822201,-8.03248462,0.0129030955,-0.434784933,-1.15006884,0.434976353,1.22957829,-64.9996306,-31.8911081,-109.552968,-0.514072561,-7.87301714,-45.6457214,True,True
NGC 6624,-767.3,272.803116,-35.5003498,8.23499845,-3.0327426,-7.94802766,0.0195546894,-0.431506683,-1.13873541,0.431949538,1.21790753,-65.076695,-32.2175444,-112.083938,-0.468190037,-7.90424261,-45.6566986,True,True
NGC 6624,-767.4,272.724101,-35.437678,8.23978622,-3.00706747,-7.86187535,0.0262137901,-0.428195138,-1.12714249,0.428996782,1.20602174,-65.1464005,-32.5422266,-114.627573,-0.422271426,-7.93558963,-45.6711696,True,True
NGC 6624,-767.5,272.643482,-35.3739814,8.24456324,-2.98119869,-7.77402179,0.0328796348,-0.424850477,-1.11528877,0.426120873,1.19392129,-65.2085422,-32.8651475,-117.184115,-0.376312681,-7.967063,-45.689176,True,True
NGC 6624,-767.6,272.561258,-35.3092553,8.24932977,-2.95513832,-7.68446095,0.0395514388,-0.421472881,-1.10317292,0.423324586,1.18160662,-65.2629051,-33.186299,-119.753802,-0.330309844,-7.9986675,-45.7107541,True,True
NGC 6624,-767.7,272.477429,-35.2434951,8.25408605,-2.92888841,-7.59318661,0.0462283953,-0.418062531,-1.09079358,0.42061068,1.16907826,-65.3092631,-33.5056719,-122.336866,-0.284259059,-8.03040778,-45.7359351,True,True
NGC 6624,-767.8,272.391994,-35.176696,8.25883235,-2.90245101,-7.50019241,0.0529096734,-0.41461961,-1.07814938,0.417981883,1.15633686,-65.3473793,-33.8232558,-124.933537,-0.238156597,-8.06228842,-45.7647447,True,True
NGC 6624,-767.9,272.30495,-35.108853,8.26356893,-2.87582819,-7.40547186,0.0595944178,-0.411144301,-1.0652389,0.415440888,1.14338316,-65.3770045,-34.1390394,-127.544037,-0.191998873,-8.09431392,-45.7972024,True,True
NGC 6624,-768,272.216298,-35.0399611,8.26829606,-2.84902201,-7.30901829,0.0662817467,-0.40763679,-1.05206073,0.412990342,1.13021803,-65.3978772,-34.4530102,-130.168581,-0.145782478,-8.12648862,-45.8333211,True,True
NGC 6624,-768.1,272.126037,-34.9700151,8.27301399,-2.82203452,-7.21082492,0.072970751,-0.404097261,-1.03861342,0.410632837,1.11684249,-65.4097224,-34.7651546,-132.807375,-0.0995041995,-8.15881674,-45.8731071,True,True
NGC 6624,-768.2,272.034164,-34.8990096,8.277723,-2.79486779,-7.11088484,0.0796604929,-0.400525903,-1.02489549,0.408370901,1.10325771,-65.4122517,-35.0754579,-135.460616,-0.0531610621,-8.19130237,-45.916559,True,True
NGC 6624,-768.3,271.940679,-34.8269392,8.28242335,-2.76752387,-7.009191,0.0863500042,-0.396922905,-1.01090547,0.406206986,1.089465,-65.4051615,-35.3839041,-138.128488,-0.00675035943,-8.22394939,-45.9636676,True,True
NGC 6624,-768.4,271.84558,-34.7537983,8.28711531,-2.74000484,-6.90573627,0.093038285,-0.393288457,-0.996641851,0.404143456,1.0754659,-65.3881331,-35.6904761,-140.811161,0.0397303024,-8.2567615,-46.0144149,True,True
NGC 6624,-768.5,271.748867,-34.6795812,8.29179915,-2.71231277,-6.80051338,0.0997243018,-0.389622753,-0.982103106,0.402182578,1.06126214,-65.3608315,-35.9951557,-143.508787,0.0862829584,-8.28974217,-46.068774,True,True
NGC 6624,-768.6,271.650538,-34.6042823,8.29647512,-2.68444973,-6.69351499,0.106406986,-0.385925986,-0.9672877,0.400326508,1.04685568,-65.3229042,-36.2979234,-146.221501,0.132909233,-8.32289461,-46.126708,True,True
NGC 6624,-768.7,271.550592,-34.5278956,8.30114349,-2.65641781,-6.58473371,0.113085233,-0.382198353,-0.952194086,0.398577283,1.03224872,-65.2739811,-36.5987584,-148.949415,0.179610276,-8.35622175,-46.1881693,True,True
NGC 6624,-768.8,271.449028,-34.4504151,8.30580451,-2.62821908,-6.47416205,0.119757897,-0.378440053,-0.936820703,0.396936806,1.01744379,-65.2136728,-36.897639,-151.692616,0.226386699,-8.38972616,-46.2530991,True,True
NGC 6624,-768.9,271.345845,-34.371835,8.31045842,-2.59985566,-6.36179253,0.126423794,-0.374651288,-0.921165986,0.395406832,1.00244368,-65.1415697,-37.1945418,-154.45116,0.273238495,-8.42341005,-46.3214264,True,True
NGC 6624,-769,271.241042,-34.2921489,8.31510548,-2.57132962,-6.2476176,0.133081695,-0.370832259,-0.905228364,0.393988962,0.987251585,-65.0572413,-37.4894426,-157.225071,0.320164954,-8.45727519,-46.393067,True,True
NGC 6624,-769.1,271.134618,-34.2113509,8.31974591,-2.54264309,-6.13162978,0.139730328,-0.366983175,-0.889006264,0.392684626,0.971871058,-64.9602347,-37.7823157,-160.014334,0.36716456,-8.49132285,-46.4679228,True,True
NGC 6624,-769.2,271.026573,-34.1294348,8.32437994,-2.51379818,-6.01382157,0.146368372,-0.363104243,-0.872498121,0.391495072,0.956306103,-64.8500738,-38.0731343,-162.818889,0.41423488,-8.52555375,-46.5458807,True,True
NGC 6624,-769.3,270.916905,-34.0463943,8.32900777,-2.48479701,-5.89418559,0.152994455,-0.359195674,-0.855702375,0.390421356,0.94056121,-64.7262577,-38.3618704,-165.638626,0.461372441,-8.55996795,-46.6268111,True,True
NGC 6624,-769.4,270.805615,-33.9622233,8.3336296,-2.45564172,-5.77271454,0.159607154,-0.355257684,-0.838617481,0.389464332,0.924641415,-64.5882599,-38.6484947,-168.473377,0.508572576,-8.59456481,-46.7105676,True,True
NGC 6624,-769.5,270.692703,-33.8769156,8.33824562,-2.42633445,-5.64940128,0.166204992,-0.35129049,-0.821241916,0.388624636,0.908552361,-64.4355268,-38.932977,-171.322908,0.555829266,-8.62934283,-46.796985,True,True
NGC 6624,-769.6,270.578168,-33.7904651,8.342856,-2.39687735,-5.52423885,0.172786432,-0.347294313,-0.803574184,0.387902682,0.892300375,-64.2674765,-39.2152857,-174.186909,0.603134948,-8.66429958,-46.8858784,True,True
NGC 6624,-769.7,270.462012,-33.7028658,8.34746088,-2.36727259,-5.39722056,0.179349875,-0.343269375,-0.785612823,0.387298647,0.875892544,-64.0834977,-39.4953883,-177.064983,0.650480305,-8.69943153,-46.9770418,True,True
NGC 6624,-769.8,270.344235,-33.6141116,8.35206038,-2.33752233,-5.26834004,0.185893661,-0.339215906,-0.767356418,0.386812467,0.859336812,-63.8829483,-39.7732512,-179.956638,0.697854018,-8.73473394,-47.0702467,True,True
NGC 6624,-769.9,270.224839,-33.5241969,8.3566546,-2.30762877,-5.13759128,0.192416061,-0.335134135,-0.748803612,0.386443824,0.842642082,-63.6651541,-40.0488401,-182.861264,0.745242493,-8.77020066,-47.1652407,True,True
NGC 6624,-770,270.103826,-33.4331161,8.36124363,-2.2775941,-5.00496876,0.198915275,-0.331024298,-0.729953113,0.386192144,0.825818333,-63.4294083,-40.3221196,-185.778129,0.792629538,-8.80582391,-47.2617457,True,True
NGC 6624,-770.1,269.981198,-33.3408637,8.36582751,-2.24742052,-4.8704675,0.205389429,-0.326886631,-0.710803714,0.386056585,0.808876756,-63.1749698,-40.5930536,-188.706349,0.83999601,-8.8415941,-47.3594568,True,True
NGC 6624,-770.2,269.85696,-33.2474348,8.37040626,-2.21711026,-4.73408319,0.211836573,-0.322721377,-0.691354306,0.386036036,0.791829904,-62.9010627,-40.8616054,-191.644877,0.887319394,-8.87749955,-47.4580407,True,True
NGC 6624,-770.3,269.731116,-33.1528247,8.37497985,-2.18666553,-4.59581231,0.218254674,-0.318528781,-0.671603895,0.386129107,0.774691861,-62.6068758,-41.1277378,-194.592474,0.934573341,-8.91352615,-47.5571337,True,True
NGC 6624,-770.4,269.60367,-33.057029,8.37954823,-2.15608856,-4.45565224,0.224641616,-0.314309093,-0.651551627,0.386334132,0.757478438,-62.2915623,-41.3914131,-197.547683,0.981727124,-8.94965709,-47.6563409,True,True
NGC 6624,-770.5,269.47463,-32.960044,8.3841113,-2.12538162,-4.31360145,0.230995192,-0.310062566,-0.631196809,0.386649161,0.740207394,-61.9542396,-41.6525932,-200.5088,1.02874503,-8.98587241,-47.7552344,True,True
NGC 6624,-770.6,269.344004,-32.8618666,8.38866893,-2.09454694,-4.16965966,0.237313105,-0.305789457,-0.610538936,0.387071959,0.722898675,-61.5939905,-41.9112401,-203.473836,1.07558564,-9.02214856,-47.8533523,True,True
NGC 6624,-770.7,269.2118,-32.7624944,8.39322091,-2.06358678,-4.02382803,0.243592963,-0.301490027,-0.589577721,0.38760001,0.7055747,-61.2098639,-42.1673153,-206.440479,1.12220108,-9.05845787,-47.9501974,True,True
NGC 6624,-770.8,269.078029,-32.6619258,8.39776701,-2.03250342,-3.87610942,0.249832272,-0.29716454,-0.568313134,0.388230509,0.688260668,-60.8008773,-42.4207804,-209.406048,1.16853605,-9.09476799,-48.0452367,True,True
NGC 6624,-770.9,268.942706,-32.5601601,8.40230693,-2.00129912,-3.72650864,0.25602844,-0.292813267,-0.546745441,0.388960373,0.670984909,-60.3660197,-42.6715969,-212.36744,1.21452681,-9.13104118,-48.1379013,True,True
NGC 6624,-771,268.805845,-32.457198,8.40684031,-1.96997615,-3.57503274,0.262178768,-0.28843648,-0.524875246,0.389786235,0.653779269,-59.9042561,-42.919726,-215.321071,1.26010002,-9.16723349,-48.2275859,True,True
NGC 6624,-771.1,268.667464,-32.3530413,8.41136675,-1.93853679,-3.42169138,0.268280449,-0.284034455,-0.50270355,0.390704455,0.636679535,-59.4145335,-43.1651285,-218.262807,1.30517137,-9.20329395,-48.3136505,True,True
NGC 6624,-771.2,268.527585,-32.2476935,8.41588575,-1.90698331,-3.26649719,0.274330571,-0.279607474,-0.480231806,0.39171112,0.619725899,-58.8957886,-43.4077641,-221.187891,1.34964408,-9.23916347,-48.3954212,True,True
NGC 6624,-771.3,268.386232,-32.1411597,8.42039677,-1.87531799,-3.10946626,0.280326111,-0.275155821,-0.457461993,0.392802055,0.602963456,-58.346958,-43.647591,-224.090851,1.39340719,-9.27477369,-48.4721938,True,True
NGC 6624,-771.4,268.243432,-32.0334474,8.42489918,-1.8435431,-2.95061861,0.286263938,-0.270679787,-0.434396685,0.393972828,0.586442725,-57.7669907,-43.8845647,-226.965408,1.43633364,-9.31004569,-48.5432367,True,True
NGC 6624,-771.5,268.099219,-31.9245661,8.42939228,-1.8116609,-2.78997878,0.292140816,-0.266179664,-0.411039149,0.395218762,0.570220179,-57.1548645,-44.1186364,-229.804365,1.47827813,-9.34488848,-48.6077971,True,True
NGC 6624,-771.6,267.953631,-31.8145283,8.43387529,-1.77967366,-2.6275765,0.297953404,-0.261655754,-0.387393435,0.396534948,0.554358763,-56.5096052,-44.3497515,-232.599485,1.51907477,-9.3791973,-48.6651071,True,True
NGC 6624,-771.7,267.806711,-31.7033498,8.43834737,-1.74758365,-2.46344739,0.303698268,-0.257108361,-0.363464498,0.397916256,0.53892837,-55.8303105,-44.5778464,-235.341361,1.55853453,-9.41285187,-48.7143929,True,True
NGC 6624,-771.8,267.658509,-31.5910496,8.44280759,-1.71539314,-2.29763385,0.309371884,-0.252537798,-0.339258319,0.399357361,0.524006211,-55.116178,-44.8028455,-238.019278,1.59644246,-9.44571429,-48.7548845,True,True
NGC 6624,-771.9,267.509083,-31.4776512,8.44725495,-1.68310441,-2.13018597,0.314970654,-0.247944387,-0.314782049,0.400852756,0.509677026,-54.3665384,-45.0246569,-240.621059,1.63255491,-9.477627,-48.7858284,True,True
NGC 6624,-772,267.358498,-31.3631828,8.45168836,-1.65071974,-1.96116251,0.32049092,-0.243328458,-0.290044166,0.40239678,0.49603305,-53.5808934,-45.2431678,-243.132924,1.66659672,-9.5084106,-48.8065003,False,False
NGC 6624,-772.1,267.206828,-31.2476779,8.45610667,-1.61824147,-1.7906321,0.325928983,-0.238690356,-0.265054642,0.403983648,0.483173625,-52.7589581,-45.4582385,-245.539353,1.69825873,-9.53786181,-48.8162194,False,False
NGC 6624,-772.2,267.054161,-31.1311761,8.46050869,-1.58567195,-1.6186744,0.331281127,-0.234030442,-0.239825133,0.405607487,0.471204338,-51.9007072,-45.6696964,-247.822984,1.72719596,-9.56575182,-48.8143617,False,False
NGC 6624,-772.3,266.900592,-31.0137238,8.46489313,-1.55301361,-1.44538136,0.336543651,-0.229349096,-0.214369166,0.407262369,0.460235566,-51.0064228,-45.8773304,-249.964568,1.75302714,-9.59182538,-48.8003713,False,False
NGC 6624,-772.4,266.746231,-30.8953751,8.46925868,-1.52026897,-1.27085851,0.341712898,-0.224646721,-0.188702331,0.40894236,0.45038031,-50.0767426,-46.080885,-251.943036,1.77533636,-9.61580126,-48.7737677,False,False
NGC 6624,-772.5,266.591201,-30.7761922,8.47360397,-1.48744065,-1.09522605,0.346785298,-0.219923749,-0.162842457,0.410641569,0.441751247,-49.1127027,-46.2800576,-253.735722,1.7936782,-9.63737486,-48.7341476,False,False
NGC 6624,-772.6,266.435641,-30.6562461,8.47792762,-1.45453139,-0.918619827,0.351757408,-0.215180646,-0.136809753,0.412354198,0.43445701,-48.1157727,-46.474497,-255.318829,1.80758786,-9.65622404,-48.6811788,False,False
NGC 6624,-772.7,266.279702,-30.5356173,8.4822282,-1.42154413,-0.741191792,0.356625959,-0.210417917,-0.110626891,0.4140746,0.428597811,-47.0878764,-46.6638076,-256.668216,1.81659771,-9.6720192,-48.6145869,False,False
NGC 6624,-772.8,266.123552,-30.4143953,8.48650426,-1.38848198,-0.563109848,0.361387902,-0.205636107,-0.0843189776,0.415797335,0.424260668,-46.0313926,-46.8475582,-257.760548,1.82026148,-9.68443837,-48.5341375,False,False
NGC 6624,-772.9,265.967369,-30.2926784,8.49075435,-1.35534825,-0.384556751,0.366040453,-0.200835809,-0.057913405,0.417517227,0.421514647,-44.9491318,-47.0252958,-258.574806,1.8181856,-9.69318732,-48.4396181,False,False
NGC 6624,-773,265.811345,-30.1705726,8.49497698,-1.32214645,-0.205727912,0.370581136,-0.196017659,-0.0314395222,0.419229414,0.420406642,-43.8442862,-47.1965666,-259.094024,1.81006482,-9.69802283,-48.3308284,False,False
NGC 6624,-773.1,265.655676,-30.04819,8.49917066,-1.28888033,-0.0268279778,0.375007819,-0.191182343,-0.00492813173,0.420929392,0.420958239,-42.7203532,-47.3609389,-259.306983,1.79571655,-9.69877585,-48.2075844,False,False
NGC 6624,-773.2,265.500565,-29.9256461,8.50333388,-1.2555538,0.151933594,0.379318737,-0.186330586,0.0215891672,0.422613052,0.423164133,-41.5810368,-47.5180288,-259.209503,1.77510644,-9.69536965,-48.0697405,False,False
NGC 6624,-773.3,265.34621,-29.8030575,8.50746514,-1.22217091,0.330347619,0.383512511,-0.181463149,0.048080736,0.424276702,0.426992362,-40.4301357,-47.6675236,-258.805007,1.7483582,-9.68782842,-47.9172228,False,False
NGC 6624,-773.4,265.192801,-29.6805388,8.51156292,-1.18873583,0.508210322,0.387588149,-0.176580821,0.074515664,0.425917081,0.432386337,-39.2714288,-47.8091988,-258.10418,1.7157446,-9.67627405,-47.7500659,False,False
NGC 6624,-773.5,265.040521,-29.5582004,8.51562573,-1.15525275,0.685327936,0.391545043,-0.17168441,0.100864459,0.427531352,0.439268365,-38.1085686,-47.9429296,-257.123818,1.67766174,-9.66091196,-47.568439,False,False
NGC 6624,-773.6,264.889533,-29.4361459,8.5196521,-1.12172587,0.861520301,0.395382944,-0.16677473,0.127099587,0.429117097,0.447544175,-36.9449915,-48.0686916,-255.885161,1.63459294,-9.64200984,-47.3726543,False,False
NGC 6624,-773.7,264.739987,-29.3144713,8.52364062,-1.0881593,1.03662324,0.399101945,-0.161852592,0.153195839,0.430672293,0.457107853,-35.7838511,-48.1865557,-254.41209,1.5870703,-9.6198741,-47.1631555,False,False
NGC 6624,-773.8,264.592015,-29.1932639,8.52758991,-1.05455703,1.21048971,0.40270244,-0.156918798,0.179130512,0.432195285,0.467846668,-34.6279744,-48.2966757,-252.729492,1.53564031,-9.59482817,-46.9404915,False,False
NGC 6624,-773.9,264.445728,-29.0726019,8.53149868,-1.0209229,1.38298999,0.406185099,-0.151974129,0.204883442,0.43368476,0.479645385,-33.4798413,-48.399273,-250.861969,1.48083722,-9.5671952,-46.7052826,False,False
NGC 6624,-774,264.301225,-28.9525551,8.53536568,-0.987260532,1.55401109,0.409550825,-0.147019341,0.230436926,0.435139708,0.492389827,-32.3415822,-48.4946197,-248.832946,1.42316484,-9.53728574,-46.4581859,False,False
NGC 6624,-774.1,264.158586,-28.8331847,8.53918977,-0.953573355,1.72345567,0.412800723,-0.142055158,0.255775575,0.436559395,0.505969613,-31.2149902,-48.5830223,-246.66413,1.36308603,-9.50539005,-46.1998651,False,False
NGC 6624,-774.2,264.017877,-28.7145445,8.54296985,-0.919864563,1.8912407,0.415936064,-0.137082277,0.280886117,0.437943329,0.520280088,-30.1015427,-48.6648073,-244.375246,1.30101786,-9.47177408,-45.930967,False,False
NGC 6624,-774.3,263.879153,-28.5966812,8.54670488,-0.88613713,2.05729607,0.418958255,-0.132101355,0.305757194,0.439291233,0.53522355,-29.0024294,-48.7403089,-241.983968,1.23733088,-9.43667801,-45.6521052,False,False
NGC 6624,-774.4,263.742457,-28.4796353,8.55039392,-0.852393803,2.2215631,0.421868812,-0.127113018,0.330379152,0.440603012,0.550709904,-27.9185827,-48.8098596,-239.505968,1.17235088,-9.40031653,-45.3638496,False,False
NGC 6624,-774.5,263.607822,-28.3634417,8.55403605,-0.81863712,2.38399321,0.424669335,-0.122117859,0.354743843,0.441878734,0.566656871,-26.8507095,-48.8737827,-236.95504,1.10636201,-9.36288012,-45.0667218,False,False
NGC 6624,-774.6,263.475274,-28.2481303,8.55763042,-0.784869414,2.54454663,0.427361484,-0.117116437,0.37884444,0.443118604,0.582989886,-25.7993209,-48.9323877,-234.343259,1.03961067,-9.32453688,-44.761194,False,False
NGC 6624,-774.7,263.344829,-28.1337267,8.56117624,-0.751092834,2.70319132,0.429946964,-0.112109281,0.402675269,0.444322949,0.599641773,-24.764761,-48.9859669,-231.681154,0.972309474,-9.28543457,-44.44769,False,False
NGC 6624,-774.8,263.216499,-28.0202527,8.56467273,-0.717309357,2.85990186,0.432427509,-0.10709689,0.426231664,0.445492193,0.61655229,-23.7472325,-49.0347934,-228.977877,0.904641153,-9.24570272,-44.1265883,False,False
NGC 6624,-774.9,263.09029,-27.9077268,8.56811917,-0.683520803,3.01465864,0.434804865,-0.102079738,0.44950983,0.44662685,0.633667602,-22.7468199,-49.0791208,-226.241366,0.836762241,-9.20545466,-43.7982266,False,False
NGC 6624,-775,262.966203,-27.7961644,8.57151487,-0.649728851,3.167447,0.437080782,-0.0970582727,0.472506726,0.447727504,0.650939724,-21.7635099,-49.1191828,-223.478492,0.768806395,-9.16478938,-43.4629054,False,False
NGC 6624,-775.1,262.844237,-27.6855784,8.57485917,-0.615935052,3.31825659,0.439257006,-0.092032919,0.495219969,0.448794803,0.668325963,-20.797209,-49.1551941,-220.695194,0.700887379,-9.12379327,-43.1208928,False,False
NGC 6624,-775.2,262.724386,-27.5759795,8.57815144,-0.582140844,3.46708072,0.441335268,-0.087004081,0.517647737,0.449829444,0.685788385,-19.8477587,-49.1873509,-217.896598,0.633101711,-9.08254163,-42.7724285,False,False
NGC 6624,-775.3,262.606642,-27.4673765,8.58139106,-0.548347567,3.61391587,0.443317282,-0.0819721438,0.539788699,0.450832169,0.703293313,-18.9149482,-49.2158328,-215.087124,0.56553098,-9.04110009,-42.4177279,False,False
NGC 6624,-775.4,262.490993,-27.3597763,8.58457745,-0.514556466,3.75876121,0.445204736,-0.0769374746,0.56164194,0.451803754,0.720810864,-17.9985262,-49.2408029,-212.270575,0.498243874,-8.99952581,-42.0569855,False,False
NGC 6624,-775.5,262.377428,-27.2531846,8.58771003,-0.480768711,3.90161824,0.446999293,-0.0719004248,0.58320691,0.452745005,0.738314526,-17.0982092,-49.2624103,-209.450221,0.431297939,-8.95786851,-41.6903782,False,False
NGC 6624,-775.6,262.265932,-27.1476056,8.59078826,-0.446985399,4.04249041,0.448702584,-0.0668613313,0.604483365,0.45365675,0.755780778,-16.2136898,-49.2807904,-206.62887,0.364741108,-8.91617148,-41.3180676,False,False
NGC 6624,-775.7,262.15649,-27.0430423,8.5938116,-0.413207567,4.18138282,0.450316208,-0.0618205178,0.62547133,0.454539838,0.773188753,-15.3446433,-49.2960666,-203.808927,0.298613018,-8.87447231,-40.940203,False,False
NGC 6624,-775.8,262.049086,-26.939497,8.59677952,-0.379436198,4.31830202,0.451841731,-0.0567782959,0.646171057,0.45539513,0.79051993,-14.4907324,-49.3083513,-200.992445,0.232946155,-8.83280367,-40.5569232,False,False
NGC 6624,-775.9,261.943702,-26.8369709,8.59969152,-0.345672227,4.45325572,0.453280682,-0.0517349662,0.666582992,0.456223502,0.807757865,-13.6516124,-49.3177468,-198.181178,0.167766841,-8.7911939,-40.168358,False,False
NGC 6624,-776,261.840321,-26.7354645,8.6025471,-0.311916548,4.58625262,0.454634557,-0.0466908193,0.686707746,0.457025834,0.824887957,-12.826934,-49.3243466,-195.376613,0.10309608,-8.74966755,-39.7746301,False,False
NGC 6624,-776.1,261.738924,-26.6349778,8.60534579,-0.278170018,4.71730228,0.455904815,-0.0416461367,0.706546071,0.457803015,0.841897233,-12.0163472,-49.328236,-192.58001,0.0389502972,-8.70824587,-39.3758562,False,False
NGC 6624,-776.2,261.639493,-26.53551,8.60808711,-0.244433461,4.84641492,0.457092879,-0.0366011916,0.726098837,0.458555936,0.858774166,-11.2195026,-49.3294931,-189.792428,-0.024658028,-8.66694719,-38.9721479,False,False
NGC 6624,-776.3,261.542008,-26.4370601,8.61077061,-0.210707676,4.97360131,0.458200136,-0.0315562495,0.745367014,0.45928549,0.875508508,-10.4360543,-49.328189,-187.014756,-0.0877198147,-8.62578731,-38.5636126,False,False
NGC 6624,-776.4,261.446451,-26.3396265,8.61339583,-0.176993437,5.09887268,0.45922794,-0.0265115689,0.764351654,0.459992569,0.892091147,-9.66566071,-49.3243894,-184.24773,-0.150228907,-8.58477978,-38.1503546,False,False
NGC 6624,-776.5,261.352801,-26.2432072,8.61596235,-0.143291496,5.22224061,0.460177607,-0.0214674019,0.783053877,0.460678065,0.908513981,-8.90798609,-49.3181541,-181.491956,-0.212181664,-8.54393618,-37.7324751,False,False
NGC 6624,-776.6,261.26104,-26.1477999,8.61846972,-0.109602589,5.34371696,0.461050423,-0.0164239948,0.80147486,0.461342866,0.924769805,-8.16270139,-49.3095384,-178.747926,-0.273576607,-8.50326638,-37.3100733,False,False
NGC 6624,-776.7,261.171149,-26.0534023,8.62091754,-0.0759274352,5.46331377,0.461847638,-0.0113815884,0.819615826,0.461987858,0.940852211,-7.42948496,-49.2985929,-176.016032,-0.334414114,-8.46277871,-36.8832462,False,False
NGC 6624,-776.8,261.083108,-25.9600115,8.6233054,-0.0422667416,5.58104324,0.462570469,-0.00634041848,0.837478032,0.46261392,0.956755504,-6.70802302,-49.2853644,-173.296579,-0.394696153,-8.42248017,-36.4520896,False,False
NGC 6624,-776.9,260.996898,-25.8676246,8.6256329,-0.0086212037,5.69691763,0.463220103,-0.00130071639,0.855062762,0.463221929,0.972474618,-5.99801005,-49.2698959,-170.589799,-0.454426053,-8.38237656,-36.0166976,False,False
NGC 6624,-777,260.912502,-25.7762386,8.62789965,0.025008492,5.81094925,0.463797696,0.00373729089,0.872371322,0.463812754,0.988005058,-5.29914904,-49.2522272,-167.895857,-0.513608304,-8.34247265,-35.5771636,False,False
NGC 6624,-777.1,260.829899,-25.6858503,8.63010528,0.0586216668,5.92315042,0.464304374,0.00877338024,0.889405031,0.464387257,1.00334283,-4.61115156,-49.2323949,-165.214861,-0.572248386,-8.30277228,-35.13358,False,False
NGC 6624,-777.2,260.749073,-25.5964563,8.63224941,0.0922176484,6.03353339,0.464741233,0.0138073321,0.906165215,0.464946294,1.01848439,-3.93373788,-49.2104331,-162.546869,-0.630352618,-8.26327846,-34.6860383,False,False
NGC 6624,-777.3,260.670005,-25.5080533,8.63433168,0.125795769,6.14211037,0.465109342,0.0188389304,0.922653207,0.465490715,1.0334266,-3.2666369,-49.1863731,-159.891897,-0.687928028,-8.22399349,-34.2346295,False,False
NGC 6624,-777.4,260.592676,-25.4206377,8.63635175,0.159355365,6.24889346,0.465409742,0.023867962,0.938870336,0.466021359,1.04816669,-2.60958612,-49.1602439,-157.249921,-0.744982239,-8.18491903,-33.7794439,False,False
NGC 6624,-777.5,260.517071,-25.3342061,8.63830926,0.192895776,6.35389464,0.465643447,0.0288942167,0.95481793,0.466539061,1.0627022,-1.96233149,-49.1320724,-154.620888,-0.801523373,-8.14605617,-33.3205715,False,False
NGC 6624,-777.6,260.443171,-25.2487548,8.6402039,0.226416341,6.45712578,0.465811447,0.0339174869,0.970497307,0.467044645,1.07703098,-1.3246273,-49.1018835,-152.004714,-0.857559963,-8.10740547,-32.8581017,False,False
NGC 6624,-777.7,260.37096,-25.1642804,8.64203533,0.259916404,6.55859857,0.465914707,0.0389375674,0.985909778,0.467538927,1.09115111,-0.696235976,-49.0697002,-149.401291,-0.913100883,-8.06896709,-32.3921235,False,False
NGC 6624,-777.8,260.300422,-25.0807793,8.64380324,0.293395306,6.65832454,0.465954167,0.0439542555,1.00105664,0.468022716,1.10506093,-0.0769279223,-49.0355438,-146.810492,-0.968155277,-8.03074074,-31.9227256,False,False
NGC 6624,-777.9,260.23154,-24.9982478,8.64550732,0.326852387,6.75631503,0.465930744,0.0489673503,1.01593918,0.468496809,1.11875899,0.533518705,-48.9994341,-144.232169,-1.02273251,-7.99272581,-31.4499964,False,False
NGC 6624,-778,260.164298,-24.9166824,8.64714728,0.360286989,6.85258122,0.465845335,0.053976653,1.03055866,0.468961997,1.13224401,1.13531821,-48.9613891,-141.666159,-1.07684212,-7.95492136,-30.9740238,False,False
NGC 6624,-778.1,260.098682,-24.8360795,8.64872283,0.393698449,6.94713405,0.465698811,0.0589819665,1.04491633,0.469419061,1.14551491,1.72867755,-48.9214258,-139.112288,-1.13049376,-7.91732619,-30.4948955,False,False
NGC 6624,-778.2,260.034675,-24.7564356,8.65023369,0.427086104,7.0399843,0.465492028,0.0639830956,1.05901343,0.469868773,1.15857072,2.31379662,-48.8795597,-136.570367,-1.18369719,-7.87993882,-30.0126989,False,False
NGC 6624,-778.3,259.972264,-24.6777473,8.65167959,0.460449286,7.13114249,0.465225816,0.0689798462,1.07285117,0.470311896,1.17141065,2.8908684,-48.8358048,-134.0402,-1.23646222,-7.84275757,-29.5275209,False,False
NGC 6624,-778.4,259.911434,-24.6000111,8.65306026,0.493787324,7.22061895,0.46490099,0.073972026,1.08643074,0.470749181,1.18403401,3.46007923,-48.7901744,-131.521582,-1.28879869,-7.80578055,-29.0394485,False,False
NGC 6624,-778.5,259.85217,-24.5232235,8.65437547,0.527099544,7.3084238,0.464518345,0.0789594437,1.0997533,0.471181373,1.19644022,4.02160902,-48.7426804,-129.0143,-1.34071646,-7.76900571,-28.548568,False,False
NGC 6624,-778.6,259.79446,-24.4473812,8.65562495,0.560385268,7.39456689,0.464078656,0.0839419092,1.11282001,0.471609206,1.20862882,4.57563145,-48.6933336,-126.518139,-1.39222536,-7.73243084,-28.0549657,False,False
NGC 6624,-778.7,259.73829,-24.3724809,8.65680848,0.593643811,7.47905789,0.463582684,0.0889192338,1.125632,0.472033405,1.22059942,5.12231423,-48.6421439,-124.032875,-1.44333522,-7.69605358,-27.5587274,False,False
NGC 6624,-778.8,259.683646,-24.2985194,8.65792583,0.626874486,7.56190622,0.463031171,0.0938912292,1.13819036,0.472454683,1.23235171,5.66181924,-48.5891203,-121.558282,-1.4940558,-7.65987144,-27.0599388,False,False
NGC 6624,-778.9,259.630516,-24.2254935,8.65897678,0.660076597,7.64312106,0.462424841,0.0988577084,1.15049618,0.472873747,1.24388546,6.1943028,-48.5342707,-119.094133,-1.54439681,-7.62388184,-26.5586852,False,False
NGC 6624,-779,259.578888,-24.1534001,8.65996112,0.693249445,7.72271138,0.461764407,0.103818485,1.16255051,0.47329129,1.25520052,6.71991581,-48.4776023,-116.640196,-1.59436791,-7.5880821,-26.0550518,False,False
NGC 6624,-779.1,259.52875,-24.082236,8.66087866,0.726392324,7.80068589,0.461050563,0.108773373,1.17435439,0.473707999,1.26629677,7.23880399,-48.4191213,-114.196238,-1.64397865,-7.55246944,-25.5491234,False,False
NGC 6624,-779.2,259.48009,-24.0119984,8.66172919,0.75950452,7.87705309,0.460283989,0.113722188,1.18590882,0.474124547,1.27717416,7.75110803,-48.3588331,-111.762026,-1.69323853,-7.517041,-25.0409845,False,False
NGC 6624,-779.3,259.432896,-23.9426843,8.66251254,0.792585313,7.95182124,0.459465352,0.118664745,1.19721479,0.474541601,1.28783267,8.25696378,-48.2967425,-109.337325,-1.74215695,-7.48179387,-24.5307197,False,False
NGC 6624,-779.4,259.387158,-23.8742909,8.66322853,0.825633978,8.02499836,0.458595305,0.12360086,1.20827326,0.474959815,1.29827235,8.75650244,-48.2328532,-106.921902,-1.7907432,-7.44672506,-24.0184129,False,False
NGC 6624,-779.5,259.342865,-23.8068155,8.663877,0.858649778,8.09659225,0.457674487,0.128530349,1.21908517,0.475379834,1.30849327,9.24985068,-48.1671683,-104.515521,-1.8390065,-7.41183154,-23.5041483,False,False
NGC 6624,-779.6,259.300007,-23.7402553,8.66445778,0.891631972,8.16661046,0.456703525,0.133453029,1.22965142,0.475802291,1.31849552,9.73713084,-48.0996904,-102.117948,-1.88695593,-7.37711022,-22.9880094,False,False
NGC 6624,-779.7,259.258572,-23.6746077,8.66497073,0.924579808,8.23506034,0.455683033,0.138368716,1.23997291,0.476227811,1.32827925,10.2184611,-48.0304209,-99.728951,-1.93460051,-7.34255797,-22.4700799,False,False
NGC 6624,-779.8,259.218553,-23.6098703,8.66541571,0.957492528,8.30194898,0.454613615,0.143277227,1.25005051,0.476657007,1.3378446,10.6939554,-47.959361,-97.3482961,-1.98194912,-7.30817163,-21.9504432,False,False
NGC 6624,-779.9,259.179938,-23.5460406,8.66579258,0.990369363,8.36728326,0.453495861,0.148178379,1.25988505,0.477090482,1.34719177,11.1637242,-47.8865108,-94.9757523,-2.02901054,-7.27394799,-21.4291826,False,False
NGC 6624,-780,259.14272,-23.4831162,8.66610122,1.02320954,8.43106982,0.452330351,0.153071989,1.26947735,0.477528827,1.35632095,11.6278736,-47.8118701,-92.6110892,-2.07579345,-7.23988382,-20.9063812,False,False
NGC 6624,-780.1,259.106888,-23.4210949,8.66634152,1.05601226,8.4933151,0.451117655,0.157957874,1.27882821,0.477972623,1.36523236,12.0865067,-47.7354377,-90.2540779,-2.12230641,-7.20597587,-20.382122,False,False
NGC 6624,-780.2,259.072435,-23.3599744,8.66651336,1.08877674,8.55402528,0.449858332,0.162835851,1.28793839,0.478422442,1.37392625,12.5397225,-47.657212,-87.904491,-2.1685579,-7.17222086,-19.8564879,False,False
NGC 6624,-780.3,259.039352,-23.2997528,8.66661666,1.12150217,8.61320634,0.448552931,0.167705735,1.29680865,0.478878842,1.38240284,12.9876169,-47.5771907,-85.5621024,-2.21455624,-7.13861549,-19.3295619,False,False
NGC 6624,-780.4,259.00763,-23.2404279,8.66665131,1.15418773,8.67086403,0.447201992,0.172567344,1.30543971,0.479342372,1.39066241,13.4302825,-47.4953707,-83.2266878,-2.2603097,-7.10515643,-18.8014269,False,False
NGC 6624,-780.5,258.977263,-23.1819978,8.66661725,1.18683259,8.7270039,0.445806044,0.177420492,1.31383227,0.479813568,1.39870522,13.8678086,-47.4117484,-80.8980245,-2.30582641,-7.07184034,-18.2721655,False,False
NGC 6624,-780.6,258.948243,-23.1244608,8.66651439,1.21943593,8.78163125,0.444365609,0.182264997,1.32198701,0.480292955,1.40653154,14.3002816,-47.3263195,-78.5758915,-2.3511144,-7.03866389,-17.7418608,False,False
NGC 6624,-780.7,258.920561,-23.067815,8.66634267,1.25199687,8.83475118,0.442881199,0.187100671,1.32990459,0.480781049,1.41414166,14.7277847,-47.2390794,-76.2600694,-2.39618161,-7.00562369,-17.2105956,False,False
NGC 6624,-780.8,258.894213,-23.0120587,8.66610203,1.28451457,8.88636858,0.441353318,0.191927331,1.33758564,0.481278352,1.42153586,15.1503983,-47.1500223,-73.9503408,-2.44103586,-6.97271638,-16.6784528,False,False
NGC 6624,-780.9,258.86919,-22.9571905,8.66579244,1.31698815,8.93648811,0.439782463,0.196744789,1.34503077,0.481785354,1.42871442,15.5682,-47.0591422,-71.6464898,-2.48568489,-6.93993856,-16.1455155,False,False
NGC 6624,-781,258.845486,-22.9032088,8.66541384,1.34941673,8.98511424,0.438169122,0.20155286,1.35224058,0.482302535,1.43567765,15.9812647,-46.9664325,-69.3483024,-2.53013632,-6.90728684,-15.6118669,False,False
NGC 6624,-781.1,258.823096,-22.8501122,8.66496621,1.3817994,9.0322512,0.436513776,0.206351355,1.35921563,0.482830362,1.44242583,16.3896647,-46.8718856,-67.0555661,-2.57439769,-6.87475781,-15.0775903,False,False
NGC 6624,-781.2,258.802012,-22.7978995,8.66444953,1.41413526,9.07790304,0.434816897,0.211140087,1.36595647,0.48336929,1.44895926,16.7934696,-46.7754937,-64.7680704,-2.61847644,-6.84234805,-14.5427693,False,False
NGC 6624,-781.3,258.78223,-22.7465694,8.66386378,1.44642337,9.12207359,0.433078953,0.215918865,1.37246362,0.483919762,1.45527823,17.1927466,-46.6772482,-62.4856062,-2.66237993,-6.81005415,-14.0074875,False,False
NGC 6624,-781.4,258.763744,-22.6961208,8.66320897,1.47866281,9.16476645,0.431300403,0.220687501,1.37873759,0.484482209,1.46138302,17.5875604,-46.5771397,-60.2079663,-2.7061154,-6.77787266,-13.471829,False,False
NGC 6624,-781.5,258.746548,-22.6465526,8.66248509,1.51085261,9.20598506,0.429481701,0.225445803,1.38477886,0.485057049,1.46727394,17.9779736,-46.4751585,-57.934945,-2.74969005,-6.74580016,-12.9358781,False,False
NGC 6624,-781.6,258.730639,-22.597864,8.66169215,1.54299182,9.24573261,0.427623292,0.230193579,1.39058789,0.485644689,1.47295127,18.3640461,-46.3712941,-55.6663382,-2.79311094,-6.71383319,-12.3997194,False,False
NGC 6624,-781.7,258.71601,-22.5500541,8.66083019,1.57507944,9.28401213,0.42572562,0.234930636,1.39616513,0.486245521,1.47841529,18.745836,-46.2655352,-53.4019433,-2.83638509,-6.68196831,-11.8634378,False,False
NGC 6624,-781.8,258.702658,-22.5031221,8.65989923,1.60711448,9.3208264,0.423789118,0.239656779,1.40151099,0.486859926,1.48366629,19.123399,-46.1578702,-51.1415592,-2.87951943,-6.65020205,-11.3271187,False,False
NGC 6624,-781.9,258.690579,-22.4570674,8.65889931,1.63909592,9.35617805,0.421814216,0.244371813,1.40662588,0.487488272,1.48870453,19.4967885,-46.0482866,-48.8849863,-2.92252078,-6.61853094,-10.7908479,False,False
NGC 6624,-782,258.679767,-22.4118895,8.65783047,1.67102275,9.39006947,0.419801338,0.249075542,1.41151017,0.488130913,1.4935303,19.8660562,-45.9367712,-46.6320265,-2.96539593,-6.58695152,-10.2547116,False,False
NGC 6624,-782.1,258.67022,-22.3675877,8.65669279,1.7028939,9.42250288,0.417750903,0.253767766,1.41616422,0.488788191,1.49814385,20.2312516,-45.8233104,-44.3824827,-3.00815156,-6.55546029,-9.71879668,False,False
NGC 6624,-782.2,258.661934,-22.3241619,8.65548631,1.73470832,9.45348027,0.415663325,0.258448286,1.42058838,0.489460434,1.50254546,20.5924222,-45.7078896,-42.1361595,-3.0507943,-6.52405378,-9.18319039,False,False
NGC 6624,-782.3,258.654905,-22.2816116,8.65421113,1.76646493,9.48300347,0.413539014,0.263116902,1.42478296,0.490147958,1.50673538,20.9496136,-45.5904938,-39.8928625,-3.0933307,-6.49272848,-8.64798067,False,False
NGC 6624,-782.4,258.649131,-22.2399368,8.65286732,1.79816263,9.51107408,0.411378375,0.267773409,1.42874826,0.490851063,1.51071386,21.3028695,-45.471107,-37.6523985,-3.13576725,-6.46148089,-8.11325606,False,False
NGC 6624,-782.5,258.644608,-22.1991373,8.65145498,1.82980029,9.53769353,0.409181806,0.272417604,1.43248456,0.491570037,1.51448114,21.6522317,-45.3497128,-35.4145755,-3.17811035,-6.43030749,-7.57910581,False,False
NGC 6624,-782.6,258.641334,-22.1592131,8.64997421,1.8613768,9.56286305,0.406949706,0.27704928,1.43599213,0.492305156,1.51803747,21.9977402,-45.226294,-33.1792025,-3.22036637,-6.39920476,-7.04561985,False,False
NGC 6624,-782.7,258.639306,-22.1201643,8.64842513,1.89289098,9.58658367,0.404682465,0.28166823,1.43927119,0.49305668,1.52138308,22.3394333,-45.1008324,-30.9460895,-3.26254161,-6.36816917,-6.51288892,False,False
NGC 6624,-782.8,258.638522,-22.0819912,8.64680785,1.92434167,9.60885623,0.402380473,0.286274244,1.44232199,0.493824855,1.52451819,22.6773475,-44.9733093,-28.7150475,-3.30464229,-6.33719716,-5.98100453,False,False
NGC 6624,-782.9,258.63898,-22.044694,8.64512252,1.95572766,9.62968137,0.400044113,0.29086711,1.4451447,0.494609915,1.52744302,23.0115175,-44.8437054,-26.4858883,-3.34667459,-6.30628519,-5.45005908,False,False
NGC 6624,-783,258.640678,-22.0082731,8.64336927,1.98704775,9.64905956,0.397673767,0.295446613,1.44773953,0.495412078,1.5301578,23.3419764,-44.7120001,-24.2584246,-3.38864465,-6.27542968,-4.92014588,False,False
NGC 6624,-783.1,258.643615,-21.972729,8.64154826,2.0183007,9.66699106,0.395269814,0.300012539,1.45010663,0.496231548,1.53266271,23.6687554,-44.5781726,-22.0324699,-3.43055851,-6.24462706,-4.39135918,False,False
NGC 6624,-783.2,258.647788,-21.9380624,8.63965965,2.04948523,9.68347594,0.392832627,0.304564668,1.45224615,0.497068516,1.53495798,23.9918844,-44.4422009,-19.8078382,-3.47242222,-6.21387374,-3.86379426,False,False
NGC 6624,-783.3,258.653197,-21.9042738,8.6377036,2.08060009,9.69851408,0.390362579,0.309102781,1.45415822,0.497923159,1.53704378,24.3113914,-44.3040623,-17.5843443,-3.51424172,-6.1831661,-3.33754746,False,False
NGC 6624,-783.4,258.659841,-21.8713641,8.63568031,2.11164394,9.71210519,0.387860038,0.313626654,1.45584293,0.498795637,1.53892031,24.6273029,-44.1637332,-15.3618036,-3.55602295,-6.15250052,-2.81271621,False,False
NGC 6624,-783.5,258.667718,-21.8393343,8.63358997,2.14261548,9.72424876,0.385325372,0.318136063,1.45730038,0.499686098,1.54058775,24.9396436,-44.0211892,-13.1400319,-3.59777178,-6.12187337,-2.28939914,False,False
NGC 6624,-783.6,258.676829,-21.8081852,8.63143277,2.17351333,9.73494411,0.382758944,0.322630779,1.45853064,0.500594675,1.54204626,25.248437,-43.8764051,-10.9188455,-3.63949404,-6.091281,-1.7676961,False,False
NGC 6624,-783.7,258.687173,-21.7779179,8.62920894,2.20433613,9.74419036,0.380161116,0.327110572,1.45953376,0.501521485,1.54329602,25.5537047,-43.7293545,-8.69806114,-3.68119551,-6.06071973,-1.24770819,False,False
NGC 6624,-783.8,258.698749,-21.7485337,8.62691869,2.23508246,9.75198646,0.377532246,0.331575209,1.46030977,0.502466632,1.54433719,25.8554668,-43.5800103,-6.47749575,-3.72288196,-6.03018588,-0.729537904,False,False
NGC 6624,-783.9,258.711557,-21.7200339,8.62456227,2.26575089,9.75833114,0.374872694,0.336024454,1.46085869,0.503430204,1.54516992,26.1537419,-43.4283444,-4.25696664,-3.76455908,-5.99967573,-0.213289093,False,False
NGC 6624,-784,258.725599,-21.6924198,8.62213993,2.29633998,9.76322298,0.372182815,0.340458068,1.4611805,0.504412275,1.54579436,26.4485472,-43.2743278,-2.03629129,-3.80623256,-5.96918557,0.300932908,False,False
NGC 6624,-784.1,258.740873,-21.665693,8.61965191,2.32684821,9.76666033,0.369462962,0.344875809,1.46127518,0.505412904,1.54621065,26.739898,-43.1179303,0.184712688,-3.84790801,-5.93871164,0.813021241,False,False
NGC 6624,-784.2,258.757381,-21.6398551,8.61709849,2.35727409,9.76864138,0.366713488,0.349277432,1.4611427,0.506432135,1.54641893,27.0278084,-42.9591208,2.40622759,-3.88959106,-5.90825017,1.32286746,False,False
NGC 6624,-784.3,258.775124,-21.6149078,8.61447995,2.38761607,9.76916412,0.363934745,0.353662689,1.46078298,0.507469995,1.54641932,27.3122909,-42.7978672,4.62843571,-3.93128726,-5.87779738,1.83036144,False,False
NGC 6624,-784.4,258.794102,-21.5908528,8.61179658,2.41787256,9.76822636,0.361127082,0.358031328,1.46019596,0.5085265,1.54621196,27.5933562,-42.634136,6.85151935,-3.97300216,-5.84734944,2.33539135,False,False
NGC 6624,-784.5,258.814316,-21.5676922,8.6090487,2.44804197,9.76582571,0.358290849,0.362383093,1.45938152,0.509601647,1.54579697,27.8710139,-42.4678929,9.07566096,-4.01474125,-5.81690252,2.83784356,False,False
NGC 6624,-784.6,258.835768,-21.545428,8.60623661,2.47812264,9.76195959,0.355426393,0.366717727,1.45833956,0.51069542,1.54517445,28.1452717,-42.2991024,11.3010431,-4.05651002,-5.78645275,3.33760254,False,False
NGC 6624,-784.7,258.85846,-21.5240623,8.60336065,2.50811291,9.75662524,0.352534062,0.371034967,1.45706993,0.511807788,1.54434452,28.416136,-42.1277276,13.5278486,-4.09831392,-5.75599624,3.83455085,False,False
NGC 6624,-784.8,258.882393,-21.5035973,8.60042116,2.53801107,9.7498197,0.349614203,0.375334546,1.45557248,0.512938702,1.54330728,28.6836114,-41.9537306,15.7562605,-4.14015837,-5.72552906,4.32856901,False,False
NGC 6624,-784.9,258.907569,-21.4840355,8.59741849,2.56781538,9.74153983,0.346667162,0.379616194,1.45384705,0.514088101,1.54206284,28.9477012,-41.7770721,17.9864622,-4.18204876,-5.69504726,4.81953544,False,False
NGC 6624,-785,258.93399,-21.4653793,8.59435302,2.59752406,9.7317823,0.343693285,0.383879637,1.45189342,0.515255908,1.54061129,29.208407,-41.5977116,20.2186376,-4.22399048,-5.66454687,5.30732638,False,False
NGC 6624,-785.1,258.961659,-21.4476312,8.59122513,2.62713529,9.72054357,0.340692919,0.388124598,1.4497114,0.516442028,1.53895274,29.4657288,-41.415607,22.4529709,-4.26598886,-5.63402387,5.7918158,False,False
NGC 6624,-785.2,258.990577,-21.4307941,8.5880352,2.65664723,9.70781993,0.337666409,0.392350791,1.44730076,0.517646353,1.53708726,29.7196651,-41.2307151,24.6896468,-4.30804923,-5.60347422,6.27287532,False,False
NGC 6624,-785.3,259.020749,-21.4148706,8.58478367,2.68605797,9.69360746,0.334614102,0.396557932,1.44466124,0.51886876,1.53501494,29.9702127,-41.0429912,26.9288507,-4.3501769,-5.57289384,6.75037412,False,False
NGC 6624,-785.4,259.052176,-21.3998638,8.58147094,2.7153656,9.67790207,0.331536344,0.400745727,1.44179257,0.520109109,1.53273589,30.2173668,-40.852389,29.1707684,-4.39237715,-5.54227862,7.22417884,False,False
NGC 6624,-785.5,259.084861,-21.3857766,8.57809745,2.74456812,9.66069945,0.328433484,0.404913879,1.43869448,0.521367244,1.53025018,30.4611209,-40.6588608,31.4155866,-4.43465524,-5.5116244,7.6941535,False,False
NGC 6624,-785.6,259.118809,-21.3726122,8.57466367,2.77366354,9.64199513,0.325305869,0.409062088,1.43536665,0.522642995,1.52755789,30.7014669,-40.4623571,33.6634925,-4.47701641,-5.48092701,8.16015938,False,False
NGC 6624,-785.7,259.154022,-21.360374,8.57117006,2.80264977,9.6217844,0.322153848,0.413190045,1.43180875,0.523936175,1.52465912,30.938395,-40.262827,35.9146743,-4.51946587,-5.45018221,8.62205495,False,False
NGC 6624,-785.8,259.190505,-21.3490652,8.56761709,2.83152473,9.60006241,0.318977771,0.417297439,1.42802045,0.525246582,1.52155394,31.1718935,-40.0602178,38.1693206,-4.56200884,-5.41938575,9.07969572,False,False
NGC 6624,-785.9,259.22826,-21.3386895,8.56400528,2.86028625,9.57682406,0.315777991,0.421383953,1.42400138,0.526573998,1.51824244,31.4019491,-39.8544751,40.4276213,-4.60465048,-5.38853331,9.53293419,False,False
NGC 6624,-786,259.267292,-21.3292504,8.56033514,2.88893214,9.5520641,0.312554858,0.425449262,1.41975116,0.527918189,1.51472472,31.6285468,-39.6455425,42.6897669,-4.64739597,-5.35762055,9.9816197,False,False
NGC 6624,-786.1,259.307606,-21.3207517,8.55660721,2.91746014,9.52577705,0.309308729,0.429493038,1.41526938,0.529278905,1.51100085,31.8516695,-39.433362,44.955949,-4.69025044,-5.32664308,10.4255983,False,False
NGC 6624,-786.2,259.349206,-21.3131973,8.55282202,2.94586795,9.49795725,0.306039959,0.433514945,1.41055562,0.530655881,1.50707094,32.0712985,-39.2178733,47.22636,-4.73321902,-5.29559645,10.8647128,False,False
NGC 6624,-786.3,259.392096,-21.3065912,8.54898015,2.97415322,9.46859883,0.302748907,0.437514642,1.40560943,0.532048835,1.50293507,32.287413,-38.9990144,49.5011936,-4.7763068,-5.26447619,11.2988023,False,False
NGC 6624,-786.4,259.436282,-21.3009375,8.54508218,3.00231354,9.43769574,0.299435934,0.441491781,1.40043036,0.533457469,1.49859336,32.4999904,-38.776721,51.7806442,-4.81951887,-5.23327777,11.7277024,False,False
NGC 6624,-786.5,259.481767,-21.2962406,8.54112872,3.03034645,9.40524171,0.296101401,0.445446007,1.39501793,0.534881468,1.49404592,32.7090059,-38.5509268,54.0649076,-4.86286029,-5.2019966,12.1512449,False,False
NGC 6624,-786.6,259.528559,-21.2925047,8.53712039,3.05824942,9.37123028,0.292745676,0.449376959,1.38937162,0.536320503,1.48929285,32.914433,-38.321563,56.3541803,-4.9063361,-5.17062805,12.5692578,False,False
NGC 6624,-786.7,259.576661,-21.2897345,8.53305782,3.08601987,9.33565479,0.289369126,0.453284268,1.38349093,0.537774227,1.48433428,33.1162428,-38.0885586,58.6486604,-4.9499513,-5.13916745,12.9815649,False,False
NGC 6624,-786.8,259.62608,-21.2879345,8.52894167,3.11365516,9.29850837,0.285972123,0.457167559,1.3773753,0.539242276,1.47917036,33.3144044,-37.8518403,60.9485467,-4.99371089,-5.10761005,13.3879859,False,False
NGC 6624,-786.9,259.676822,-21.2871096,8.52477263,3.14115258,9.25978395,0.282555042,0.461026447,1.37102417,0.54072427,1.47380121,33.5088846,-37.611332,63.2540393,-5.03761984,-5.07595108,13.7883362,False,False
NGC 6624,-787,259.728892,-21.2872646,8.5205514,3.16850936,9.21947427,0.279118261,0.46486054,1.36443697,0.542219813,1.46822701,33.699648,-37.3669551,65.5653397,-5.08168308,-5.04418568,14.1824267,False,False
NGC 6624,-787.1,259.782297,-21.2884047,8.51627869,3.19572266,9.17757185,0.275662162,0.46866944,1.35761307,0.543728491,1.46244792,33.8866569,-37.1186283,67.88265,-5.12590551,-5.01230896,14.5700637,False,False
NGC 6624,-787.2,259.837043,-21.290535,8.51195524,3.22278957,9.13406901,0.272187131,0.472452738,1.35055187,0.545249873,1.45646414,34.069871,-36.8662674,70.206174,-5.17029201,-4.98031595,14.9510485,False,False
NGC 6624,-787.3,259.893137,-21.2936608,8.50758183,3.2497071,9.08895786,0.268693559,0.476210016,1.34325271,0.546783511,1.45027586,34.2492478,-36.6097852,72.5361163,-5.21484743,-4.94820164,15.3251777,False,False
NGC 6624,-787.4,259.950585,-21.2977877,8.50315923,3.27647221,9.04223032,0.26518184,0.479940849,1.33571493,0.54832894,1.44388331,34.4247421,-36.3490916,74.8726828,-5.25957656,-4.91596095,15.6922425,False,False
NGC 6624,-787.5,260.009395,-21.3029213,8.49868826,3.30308176,8.99387808,0.261652373,0.483644801,1.32793784,0.549885677,1.43728674,34.5963059,-36.0840931,77.2160801,-5.30448417,-4.88358874,16.0520289,False,False
NGC 6624,-787.6,260.069575,-21.3090672,8.49416975,3.32953253,8.94389265,0.258105563,0.487321427,1.31992073,0.551453221,1.43048642,34.7638888,-35.814693,79.5665163,-5.34957497,-4.85107981,16.4043173,False,False
NGC 6624,-787.7,260.13113,-21.3162315,8.48960455,3.35582123,8.89226532,0.25454182,0.490970272,1.31166287,0.553031053,1.42348264,34.9274375,-35.5407911,81.9242,-5.39485364,-4.8184289,16.7488824,False,False
NGC 6624,-787.8,260.19407,-21.3244202,8.48499355,3.38194448,8.83898716,0.250961559,0.49459087,1.3031635,0.554618637,1.41627573,35.0868956,-35.2622836,84.289341,-5.4403248,-4.78563067,17.085493,False,False
NGC 6624,-787.9,260.258401,-21.3336394,8.48033766,3.40789881,8.78404907,0.247365202,0.498182745,1.29442186,0.556215417,1.40886605,35.2422038,-34.9790629,86.6621497,-5.48599299,-4.75267974,17.4139116,False,False
NGC 6624,-788,260.324132,-21.3438955,8.4756378,3.43368066,8.7274417,0.243753177,0.501745408,1.28543714,0.557820819,1.40125398,35.3932998,-34.6910175,89.0428374,-5.53186272,-4.71957064,17.7338945,False,False
NGC 6624,-788.1,260.391272,-21.3551951,8.47089495,3.45928637,8.66915552,0.240125916,0.505278361,1.27620854,0.559434248,1.39343996,35.5401179,-34.3980319,91.4316156,-5.57793842,-4.68629785,18.0451913,False,False
NGC 6624,-788.2,260.459827,-21.3675447,8.46611009,3.48471221,8.60918079,0.236483863,0.508781093,1.26673522,0.561055093,1.38542446,35.6825892,-34.099986,93.8286966,-5.62422442,-4.65285579,18.3475448,False,False
NGC 6624,-788.3,260.529809,-21.3809513,8.46128423,3.50995431,8.54750756,0.232827464,0.512253079,1.2570163,0.562682721,1.37720798,35.8206412,-33.7967558,96.2342928,-5.67072501,-4.61923878,18.6406907,False,False
NGC 6624,-788.4,260.601224,-21.3954216,8.45641843,3.53500871,8.48412567,0.229157175,0.515693782,1.24705092,0.564316478,1.36879111,35.9541978,-33.4882121,98.6486165,-5.71744433,-4.58544111,18.9243573,False,False
NGC 6624,-788.5,260.674082,-21.410963,8.45151376,3.55987135,8.41902476,0.22547346,0.519102653,1.23683817,0.565955693,1.36017444,36.0831792,-33.1742212,101.07188,-5.76438648,-4.551457,19.1982655,False,False
NGC 6624,-788.6,260.748392,-21.4275827,8.44657134,3.58453805,8.35219427,0.221776792,0.522479128,1.22637712,0.567599669,1.35135866,36.2075019,-32.8546444,103.504295,-5.81155539,-4.51728058,19.4621281,False,False
NGC 6624,-788.7,260.824165,-21.445288,8.44159229,3.60900452,8.28362344,0.218067652,0.525822627,1.21566683,0.569247693,1.34234451,36.3270781,-32.5293373,105.946073,-5.85895491,-4.48290595,19.7156499,False,False
NGC 6624,-788.8,260.901408,-21.4640867,8.43657779,3.63326634,8.2133013,0.214346528,0.529132557,1.20470633,0.570899025,1.33313279,36.4418158,-32.1981505,108.397424,-5.90658872,-4.44832711,19.9585271,False,False
NGC 6624,-788.9,260.980133,-21.4839865,8.43152905,3.65731897,8.14121669,0.210613922,0.532408309,1.19349462,0.572552907,1.32372439,36.5516189,-31.8609286,110.858556,-5.95446039,-4.41353803,20.1904474,False,False
NGC 6624,-789,261.060349,-21.5049953,8.42644732,3.68115774,8.06735826,0.206870343,0.535649258,1.18203071,0.574208556,1.31412026,36.6563866,-31.5175101,113.329676,-6.00257327,-4.37853261,20.4110892,False,False
NGC 6624,-789.1,261.142066,-21.5271212,8.42133386,3.70477785,7.99171445,0.203116311,0.53885476,1.17031355,0.575865165,1.30432147,36.7560133,-31.1677274,115.810989,-6.05093058,-4.3433047,20.6201216,False,False
NGC 6624,-789.2,261.225295,-21.5503726,8.41618999,3.72817434,7.91427354,0.199352357,0.542024158,1.15834209,0.577521904,1.29432915,36.8503888,-30.8114063,118.302695,-6.09953531,-4.30784808,20.8172041,False,False
NGC 6624,-789.3,261.310046,-21.5747577,8.41101707,3.75134214,7.83502359,0.195579026,0.545156771,1.14611527,0.579177918,1.28414457,36.9393974,-30.4483656,120.804994,-6.14839023,-4.2721565,21.001986,False,False
NGC 6624,-789.4,261.39633,-21.6002854,8.40581648,3.77427599,7.7539525,0.19179687,0.548251905,1.13363198,0.580832326,1.27376907,37.0229183,-30.0784172,123.318078,-6.19749788,-4.23622368,21.1741062,False,False
NGC 6624,-789.5,261.484158,-21.6269642,8.40058966,3.7969705,7.67104799,0.188006459,0.551308842,1.12089111,0.582484221,1.26320416,37.1008253,-29.7013653,125.842136,-6.24686052,-4.20004326,21.333193,False,False
NGC 6624,-789.6,261.573541,-21.6548032,8.39533807,3.81942011,7.58629763,0.184208373,0.554326845,1.10789154,0.58413267,1.25245145,37.1729863,-29.3170064,128.377352,-6.29648011,-4.1636089,21.4788634,False,False
NGC 6624,-789.7,261.66449,-21.6838115,8.39006324,3.84161909,7.49968879,0.180403207,0.557305157,1.09463211,0.585776711,1.24151271,37.239263,-28.9251288,130.9239,-6.34635829,-4.1269142,21.6107228,False,False
NGC 6624,-789.8,261.757016,-21.7139984,8.38476672,3.86356154,7.41120873,0.176591569,0.560242998,1.08111166,0.587415355,1.23038986,37.2995113,-28.5255123,133.481949,-6.39649634,-4.08995278,21.7283651,False,False
NGC 6624,-789.9,261.851132,-21.7453733,8.37945012,3.88524137,7.32084452,0.172774085,0.563139563,1.06732899,0.589047581,1.219085,37.3535804,-28.1179277,136.051658,-6.44689515,-4.05271825,21.8313714,False,False
NGC 6624,-790,261.946848,-21.7779458,8.37411509,3.9066523,7.22858313,0.168951393,0.565994027,1.05328292,0.590672339,1.20760039,37.4013126,-27.7021367,138.633173,-6.49755515,-4.01520423,21.9193104,False,False
NGC 6624,-790.1,262.044176,-21.8117257,8.36876333,3.92778787,7.13441139,0.165124151,0.568805538,1.03897222,0.592288549,1.19593854,37.4425435,-27.277891,141.226631,-6.5484763,-3.97740436,21.9917377,False,False
NGC 6624,-790.2,262.143129,-21.846723,8.36339658,3.94864139,7.03831602,0.161293032,0.571573217,1.02439567,0.593895095,1.18410213,37.4771012,-26.8449326,143.832153,-6.59965803,-3.93931237,22.0481953,False,False
NGC 6624,-790.3,262.243717,-21.8829479,8.35801666,3.96920597,6.94028365,0.157458727,0.574296159,1.00955202,0.595490831,1.17209412,37.5048062,-26.4029925,146.449844,-6.65109917,-3.90092201,22.0882112,False,False
NGC 6624,-790.4,262.345954,-21.9204104,8.3526254,3.98947451,6.84030083,0.153621947,0.576973433,0.99444004,0.597074573,1.15991769,37.5254714,-25.9517911,149.079791,-6.70279791,-3.86222715,22.1112994,False,False
NGC 6624,-790.5,262.449851,-21.9591212,8.34722472,4.00943965,6.73835403,0.149783422,0.579604076,0.97905846,0.598645102,1.14757633,37.5389012,-25.491037,151.72206,-6.7547517,-3.82322179,22.1169587,False,False
NGC 6624,-790.6,262.555421,-21.9990907,8.34181658,4.02909383,6.6344297,0.145943903,0.582187096,0.96340602,0.600201164,1.13507383,37.5448917,-25.0204273,154.376692,-6.8069572,-3.78390005,22.1046732,False,False
NGC 6624,-790.7,262.662674,-22.0403297,8.33640301,4.0484292,6.52851426,0.14210416,0.584721469,0.947481454,0.601741463,1.12241431,37.5432305,-24.5396464,157.043702,-6.8594102,-3.74425629,22.0739114,False,False
NGC 6624,-790.8,262.771625,-22.0828491,8.33098607,4.06743769,6.42059412,0.138264987,0.587206137,0.931283497,0.603264663,1.10960227,37.5336958,-24.048366,159.723075,-6.91210549,-3.70428505,22.0241258,False,False
NGC 6624,-790.9,262.882284,-22.1266598,8.32556792,4.08611093,6.31065577,0.134427203,0.58964001,0.914810888,0.60476939,1.09664259,37.5160567,-23.5462446,162.414758,-6.9650368,-3.66398118,21.954753,False,False
NGC 6624,-791,262.994664,-22.1717729,8.32015075,4.10444029,6.19868572,0.130591646,0.592021962,0.898062371,0.606254221,1.08354059,37.4900726,-23.0329269,165.118661,-7.01819664,-3.62333988,21.8652129,False,False
NGC 6624,-791.1,263.108777,-22.2181997,8.31473684,4.12241684,6.08467062,0.126759185,0.594350827,0.881036703,0.607717695,1.07030205,37.4554933,-22.5080433,167.834648,-7.07157619,-3.58235673,21.7549089,False,False
NGC 6624,-791.2,263.224634,-22.2659515,8.30932853,4.14003135,5.96859724,0.12293071,0.596625404,0.863732658,0.609158298,1.05693327,37.4120584,-21.9712099,170.562533,-7.12516515,-3.54102778,21.6232276,False,False
NGC 6624,-791.3,263.342247,-22.3150395,8.30392821,4.15727428,5.85045255,0.119107143,0.598844451,0.84614903,0.610574473,1.04344112,37.3594971,-21.4220276,173.302071,-7.17895159,-3.49934965,21.4695385,False,False
NGC 6624,-791.4,263.461627,-22.3654754,8.29853836,4.17413577,5.73022377,0.115289429,0.601006683,0.828284644,0.611964611,1.02983306,37.2975285,-20.8600822,176.052951,-7.23292173,-3.45731964,21.2931941,False,False
NGC 6624,-791.5,263.582786,-22.4172705,8.29316152,4.19060561,5.6078984,0.111478546,0.603110773,0.810138357,0.61332705,1.01611723,37.2258611,-20.2849439,178.814791,-7.28705977,-3.41493578,21.0935304,False,False
NGC 6624,-791.6,263.705734,-22.4704364,8.28780033,4.20667325,5.48346433,0.107675501,0.605155349,0.791709073,0.614660077,1.00230248,37.1441928,-19.6961672,181.587123,-7.34134763,-3.37219703,20.8698666,False,False
NGC 6624,-791.7,263.830482,-22.5249845,8.28245747,4.22232777,5.35690987,0.103881334,0.607138994,0.772995747,0.615961922,0.988398459,37.052211,-19.0932909,184.369384,-7.39576469,-3.32910337,20.6215056,False,False
NGC 6624,-791.8,263.957039,-22.5809263,8.27713572,4.23755789,5.22822385,0.100097115,0.609060241,0.753997395,0.617230759,0.974415662,36.9495929,-18.4758379,187.160904,-7.45028754,-3.285656,20.3477352,False,False
NGC 6624,-791.9,264.085414,-22.6382731,8.27183794,4.25235194,5.09739573,0.0963239482,0.610917573,0.734713112,0.618464699,0.960365525,36.8360056,-17.8433157,189.960891,-7.50488959,-3.24185755,20.0478282,False,False
NGC 6624,-792,264.215617,-22.697036,8.26656707,4.26669785,4.96441566,0.092562974,0.612709425,0.715142076,0.619661798,0.946260499,36.7111066,-17.1952165,192.768414,-7.55954074,-3.19771227,19.7210441,False,False
NGC 6624,-792.1,264.347654,-22.7572262,8.26132611,4.28058313,4.82927464,0.0888153667,0.614434176,0.695283571,0.620820043,0.93211414,36.5745445,-16.5310184,195.582387,-7.61420693,-3.15322629,19.3666307,False,False
NGC 6624,-792.2,264.481533,-22.8188544,8.25611817,4.2939949,4.69196463,0.0850823375,0.616090153,0.675137001,0.62193736,0.917941202,36.4259597,-15.8501857,198.401545,-7.6688497,-3.10840794,18.9838256,False,False
NGC 6624,-792.3,264.617259,-22.881931,8.25094645,4.30691981,4.55247871,0.0813651347,0.617675626,0.654701909,0.623011608,0.903757741,36.2649856,-15.1521705,201.224422,-7.72342561,-3.06326808,18.571859,False,False
NGC 6624,-792.4,264.754836,-22.9464662,8.24581422,4.3193441,4.41081124,0.0776650442,0.61918881,0.633977999,0.624040576,0.889581219,36.0912499,-14.4364145,204.04932,-7.77788569,-3.01782049,18.1299567,False,False
NGC 6624,-792.5,264.894269,-23.0124695,8.24072483,4.33125356,4.26695804,0.0739833905,0.620627861,0.612965162,0.625021987,0.875430622,35.9043767,-13.7023511,206.874284,-7.83217471,-2.97208232,17.6573439,False,False
NGC 6624,-792.6,265.035558,-23.0799499,8.23568173,4.34263353,4.12091664,0.0703215364,0.621990878,0.591663504,0.62595349,0.861326577,35.7039883,-12.9494084,209.697063,-7.88623043,-2.9260746,17.1532498,False,False
NGC 6624,-792.7,265.178703,-23.1489157,8.23068846,4.35346888,3.9726865,0.0666808834,0.623275901,0.570073377,0.626832665,0.847291476,35.4897084,-12.1770124,212.515067,-7.9399827,-2.87982286,16.6169129,False,False
NGC 6624,-792.8,265.323702,-23.2193745,8.22574863,4.36374405,3.82226925,0.0630628714,0.624480911,0.548195419,0.62765702,0.833349597,35.2611647,-11.3845916,215.325327,-7.99335249,-2.83335777,16.0475881,False,False
NGC 6624,-792.9,265.470549,-23.2913326,8.22086595,4.373443,3.66966907,0.0594689777,0.625603832,0.52603059,0.628423992,0.819527239,35.0179937,-10.5715823,218.124437,-8.04625075,-2.78671597,15.4445544,False,False
NGC 6624,-793,265.619238,-23.3647954,8.21604419,4.38254929,3.51489301,0.0559007163,0.626642528,0.503580228,0.629130947,0.805852837,34.759845,-9.73743514,220.908496,-8.09857715,-2.73994094,14.8071244,False,False
NGC 6624,-793.1,265.769757,-23.4397667,8.21128721,4.39104601,3.35795138,0.0523596363,0.627594812,0.480846094,0.629775181,0.792357082,34.4863867,-8.88162243,223.673044,-8.15021863,-2.69308399,14.1346559,False,False
NGC 6624,-793.2,265.922093,-23.5162488,8.20659895,4.39891587,3.19885819,0.0488473193,0.628458441,0.457830438,0.630353927,0.779073028,34.1973122,-8.00364763,226.412978,-8.20104775,-2.64620547,13.4265647,False,False
NGC 6624,-793.3,266.076227,-23.594242,8.20198339,4.40614119,3.03763172,0.0453653767,0.629231126,0.434536069,0.630864349,0.766036176,33.8923474,-7.10305599,229.122471,-8.25092093,-2.59937608,12.6823407,False,False
NGC 6624,-793.4,266.232136,-23.6737445,8.19744458,4.41270395,2.87429503,0.0419154459,0.629910533,0.410966433,0.631303559,0.753284536,33.5712597,-6.179447,231.794874,-8.29967632,-2.55267829,11.9015656,False,False
NGC 6624,-793.5,266.389794,-23.7547519,8.19298662,4.41858585,2.70887667,0.0384991855,0.630494289,0.387125703,0.631668612,0.740858654,33.2338673,-5.23248886,234.422602,-8.34713158,-2.50620807,11.0839342,False,False
NGC 6624,-793.6,266.549166,-23.8372568,8.18861365,4.42376833,2.54141137,0.0351182697,0.630979994,0.36301888,0.631956522,0.728801587,32.8800498,-4.26193483,236.997019,-8.39308133,-2.46007668,10.2292781,False,False
NGC 6624,-793.7,266.710211,-23.9212483,8.1843298,4.42823268,2.37194088,0.0317743817,0.631365226,0.338651907,0.632164267,0.717158821,32.5097604,-3.26764176,239.508306,-8.43729446,-2.41441264,9.33759394,False,False
NGC 6624,-793.8,266.872883,-24.0067116,8.18013922,4.43196012,2.20051493,0.0284692046,0.631647555,0.314031799,0.632288803,0.705978116,32.123038,-2.24959058,241.945319,-8.4795112,-2.36936385,8.40907414,False,False
NGC 6624,-793.9,267.037125,-24.0936274,8.17604603,4.43493188,2.0271922,0.0252044129,0.631824557,0.289166783,0.632327078,0.695309256,31.7200209,-1.20790857,244.295451,-8.51944025,-2.32509974,7.44414215,False,False
NGC 6624,-794,267.202872,-24.1819713,8.17205432,4.43712936,1.85204151,0.0219816614,0.631893828,0.264066457,0.63227605,0.685203691,31.3009592,-0.142893126,246.544498,-8.55675604,-2.28181329,6.44349119,False,False
NGC 6624,-794.1,267.370047,-24.2717128,8.16816808,4.43853423,1.67514295,0.0188025729,0.631853006,0.238741958,0.632132706,0.675714052,30.8662284,0.944963658,248.676548,-8.59109653,-2.2397227,5.40812641,False,False
NGC 6624,-794.2,267.538563,-24.3628151,8.16439119,4.43912863,1.49658923,0.0156687248,0.631699788,0.21320614,0.631894083,0.666893537,30.416341,2.05495048,250.673926,-8.62206223,-2.19907235,4.33940995,False,False
NGC 6624,-794.3,267.708318,-24.455234,8.16072739,4.4388953,1.31648692,0.0125816349,0.631431959,0.187473754,0.631557295,0.658795131,29.9519557,3.18611373,252.517231,-8.64921726,-2.16013244,3.23910705,False,False
NGC 6624,-794.4,267.879198,-24.5489173,8.15718021,4.43781782,1.13495765,0.00954274568,0.631047412,0.161561616,0.631119561,0.651470687,29.4738847,4.33723751,254.185527,-8.67209385,-2.12319654,2.10943099,False,False
NGC 6624,-794.5,268.051071,-24.6438041,8.15375294,4.43588077,0.952139111,0.00655340857,0.63054418,0.135488745,0.630578235,0.644969852,28.9830959,5.50682908,255.656758,-8.69020179,-2.08857601,0.953082396,False,False
NGC 6624,-794.6,268.223793,-24.7398246,8.15044858,4.43306999,0.768185595,0.00361486821,0.629920463,0.109276445,0.629930835,0.639338876,28.4807108,6.69311237,256.908466,-8.70304462,-2.05659039,-0.226723247,False,False
NGC 6624,-794.7,268.397202,-24.8369001,8.14726977,4.42937276,0.583267944,0.000728246997,0.629174655,0.0829482913,0.629175077,0.634619332,27.9679958,7.89403253,257.918867,-8.71014368,-2.02755302,-1.42624876,False,False
NGC 6624,-794.8,268.571121,-24.9349431,8.14421874,4.42477802,0.397572542,-0.00210546904,0.628305378,0.0565299944,0.628308905,0.630846828,27.4463479,9.10727426,258.66826,-8.71106981,-2.00175198,-2.64125909,False,False
NGC 6624,-794.9,268.745362,-25.0338587,8.14129729,4.41927654,0.211299225,-0.00488544251,0.627311498,0.0300491045,0.627330521,0.628049784,26.9172733,10.3302959,259.140667,-8.70547992,-1.97942819,-3.86708514,False,False
NGC 6624,-795,268.919726,-25.1335456,8.13850671,4.4128611,0.0246579597,-0.00761099451,0.626192153,0.00353454571,0.626238405,0.626248379,26.38236,11.560379,259.325422,-8.69315265,-1.960754,-5.09873206,False,False
NGC 6624,-795.1,269.094009,-25.2338993,8.13584775,4.4055266,-0.162135496,-0.0102816114,0.624946765,-0.0229839931,0.625031336,0.625453783,25.8432467,12.7946924,259.218394,-8.6740155,-1.94581673,-6.33102716,False,False
NGC 6624,-795.2,269.268007,-25.3348133,8.13332066,4.39727009,-0.348864599,-0.0128969483,0.623575049,-0.0494767598,0.623708404,0.625667742,25.3015874,14.0303631,258.822496,-8.64815638,-1.93461144,-7.55879228,False,False
NGC 6624,-795.3,269.441518,-25.4361828,8.13092516,4.38809081,-0.535317108,-0.0154568286,0.622077012,-0.0759146508,0.622269011,0.62688257,24.7590161,15.264551,258.147374,-8.61581603,-1.92704468,-8.7770173,False,False
NGC 6624,-795.4,269.614351,-25.5379062,8.12866044,4.37799011,-0.721289657,-0.0179612406,0.620452945,-0.102269849,0.620712867,0.629081541,24.2171136,16.494517,257.208314,-8.57736357,-1.92294817,-9.9810112,False,False
NGC 6624,-795.5,269.786325,-25.6398873,8.12652527,4.36697139,-0.90659137,-0.0204103299,0.618703415,-0.128516326,0.61903998,0.632239625,23.6773769,17.7176809,256.024706,-8.53326122,-1.9220986,-11.1665139,False,False
NGC 6624,-795.6,269.957275,-25.7420366,8.12451796,4.35503992,-1.09104628,-0.0228043902,0.616829241,-0.154630171,0.61725064,0.636324479,23.1411952,18.9316655,254.618364,-8.48402633,-1.92423905,-12.3297632,False,False
NGC 6624,-795.7,270.127049,-25.8442718,8.1226365,4.34220274,-1.27449461,-0.0251438507,0.614831472,-0.180589768,0.615345393,0.641297604,22.6098313,20.1343249,253.012031,-8.43019712,-1.92909815,-13.4675195,False,False
NGC 6624,-795.8,270.295512,-25.9465181,8.12087854,4.32846841,-1.45679305,-0.0274292629,0.612711368,-0.206375818,0.613325024,0.647115572,22.0844104,21.3237602,251.2282,-8.37230576,-1.93640517,-14.5770596,False,False
NGC 6624,-795.9,270.462546,-26.0487077,8.11924148,4.31384688,-1.6378143,-0.029661286,0.610470366,-0.231971277,0.611190526,0.653731239,21.5659144,22.4983228,249.288307,-8.31085981,-1.94590035,-15.6561475,False,False
NGC 6624,-796,270.628045,-26.1507802,8.1177225,4.29834926,-1.81744619,-0.0318406723,0.608110061,-0.257361215,0.60894308,0.661094903,21.0551821,23.6566095,247.212247,-8.24633095,-1.95734107,-16.7029938,False,False
NGC 6624,-796.1,270.791917,-26.2526814,8.11631861,4.28198768,-1.99559051,-0.0339682528,0.60563218,-0.282532649,0.606584026,0.669155347,20.5529135,24.7974508,245.01814,-8.17914951,-1.97050493,-17.7162093,False,False
NGC 6624,-796.2,270.954084,-26.3543628,8.1150267,4.26477511,-2.17216169,-0.0360449233,0.603038558,-0.307474354,0.604114839,0.677860765,20.0596775,25.9198948,242.722268,-8.10970293,-1.98519065,-18.6947574,True,True
NGC 6624,-796.3,271.114477,-26.4557815,8.11384356,4.24672515,-2.34708555,-0.0380716314,0.600331115,-0.332176679,0.601537112,0.687159547,19.5759218,27.0231888,240.339129,-8.0383368,-2.00121753,-19.6379081,True,True
NGC 6624,-796.4,271.273036,-26.5568991,8.11276589,4.22785198,-2.52029804,-0.0400493648,0.597511842,-0.356631368,0.59885253,0.697000922,19.1019843,28.1067598,237.881544,-7.96535735,-2.01842428,-20.5451956,True,True
NGC 6624,-796.5,271.429711,-26.6576815,8.11179038,4.20817014,-2.69174408,-0.0419791407,0.594582777,-0.380831398,0.596062855,0.707335479,18.6381045,29.1701939,235.360799,-7.89103463,-2.03666738,-21.4163792,True,True
NGC 6624,-796.6,271.58446,-26.7580984,8.11091367,4.18769449,-2.86137654,-0.0438619962,0.591545995,-0.404770825,0.593169907,0.718115561,18.1844359,30.2132179,232.786796,-7.815606,-2.05581935,-22.2514086,True,True
NGC 6624,-796.7,271.737246,-26.8581229,8.1101324,4.16644005,-3.02915528,-0.0456989803,0.588403593,-0.428444656,0.590175554,0.729295556,17.7410572,31.2356798,230.168204,-7.7392796,-2.07576707,-23.0503934,True,True
NGC 6624,-796.8,271.888039,-26.957731,8.10944323,4.14442196,-3.1950463,-0.0474911466,0.585157676,-0.451848728,0.587081693,0.740832092,17.3079828,32.2375324,227.512599,-7.66223758,-2.09641022,-23.8135757,True,True
NGC 6624,-796.9,272.036813,-27.0569013,8.10884283,4.12165537,-3.35902101,-0.0492395472,0.581810351,-0.474979602,0.583890244,0.752684156,16.8851733,33.2188173,224.826594,-7.58463922,-2.11765976,-24.541307,True,True
NGC 6624,-797,272.183548,-27.1556148,8.10832791,4.09815541,-3.52105557,-0.0509452281,0.578363715,-0.497834468,0.580603138,0.764813154,16.4725436,34.1796509,222.115956,-7.50662355,-2.13943667,-25.234028,True,True
NGC 6624,-797.1,272.328227,-27.2538549,8.10789522,4.07393711,-3.68113031,-0.0526092243,0.574819853,-0.520411072,0.577222309,0.777182911,16.0699715,35.1202117,219.385711,-7.42831193,-2.16167076,-25.8922512,True,True
NGC 6624,-797.2,272.470836,-27.3516064,8.10754156,4.04901537,-3.8392292,-0.0542325568,0.571180825,-0.542707636,0.573749689,0.789759637,15.6773046,36.0407294,216.640234,-7.34981014,-2.18429964,-26.5165461,True,True
NGC 6624,-797.3,272.611364,-27.448856,8.10726377,4.02340492,-3.99533944,-0.05581623,0.567448668,-0.564722803,0.5701872,0.802511861,15.2943662,36.9414749,213.883332,-7.27121032,-2.20726785,-27.1075267,True,True
NGC 6624,-797.4,272.749803,-27.5455921,8.10705877,3.9971203,-4.14945103,-0.0573612287,0.56362539,-0.586455578,0.566536751,0.815410348,14.9209606,37.8227519,211.118317,-7.19259271,-2.23052603,-27.6658407,True,True
NGC 6624,-797.5,272.886148,-27.641804,8.10692351,3.97017582,-4.30155646,-0.0588685174,0.559712963,-0.60790528,0.562800234,0.828427989,14.5568778,38.68489,208.348064,-7.11402707,-2.25403023,-28.1921607,True,True
NGC 6624,-797.6,273.020394,-27.7374826,8.10685502,3.94258556,-4.45165037,-0.0603390382,0.555713329,-0.629071504,0.55897952,0.841539697,14.2018972,39.528238,205.575069,-7.035574,-2.2777413,-28.687177,True,True
NGC 6624,-797.7,273.15254,-27.8326196,8.1068504,3.91436333,-4.59972929,-0.0617737105,0.55162839,-0.649954085,0.555076455,0.854722285,13.8557907,40.3531589,202.801495,-6.9572861,-2.30162436,-29.1515907,True,True
NGC 6624,-797.8,273.282584,-27.9272079,8.1069068,3.88552271,-4.74579144,-0.06317343,0.547460011,-0.67055306,0.551092865,0.867954349,13.518326,41.1600252,200.029214,-6.87920892,-2.32564835,-29.5861089,True,True
NGC 6624,-797.9,273.410527,-28.021241,8.10702145,3.85607698,-4.88983649,-0.0645390684,0.54321002,-0.690868646,0.547030545,0.881216151,13.189268,41.9492155,197.259842,-6.80138186,-2.34978556,-29.9914406,True,True
NGC 6624,-798,273.536371,-28.1147134,8.10719164,3.82603916,-5.03186537,-0.0658714735,0.538880206,-0.710901215,0.542891267,0.8944895,12.8683813,42.7211107,194.494773,-6.72383888,-2.37401132,-30.3682925,True,True
NGC 6624,-798.1,273.660118,-28.2076202,8.10741471,3.79542199,-5.17188014,-0.067171469,0.534472317,-0.730651268,0.538676771,0.907757644,12.5554316,43.4760922,191.735202,-6.64660923,-2.39830364,-30.7173671,True,True
NGC 6624,-798.2,273.781772,-28.2999571,8.10768809,3.76423796,-5.30988384,-0.0684398547,0.529988064,-0.750119422,0.534388774,0.921005162,12.2501867,44.2145392,188.982156,-6.56971795,-2.42264297,-31.0393594,True,True
NGC 6624,-798.3,273.901337,-28.3917204,8.10800926,3.73249925,-5.44588033,-0.0696774068,0.525429119,-0.76930639,0.530028961,0.934217866,11.952418,44.9368269,186.236507,-6.49318643,-2.44701191,-31.3349558,True,True
NGC 6624,-798.4,274.018817,-28.482907,8.10837576,3.70021781,-5.57987423,-0.0708848785,0.520797114,-0.788212968,0.525598992,0.947382702,11.6619005,45.6433254,183.498997,-6.41703284,-2.471395,-31.6048321,True,True
NGC 6624,-798.5,274.134217,-28.573514,8.10878521,3.66740528,-5.71187079,-0.072063,0.516093648,-0.80684002,0.521100498,0.960487661,11.3784144,46.3343986,180.77025,-6.34127248,-2.49577855,-31.8496526,True,True
NGC 6624,-798.6,274.247544,-28.6635392,8.10923527,3.63407307,-5.84187582,-0.0732124794,0.511320277,-0.825188471,0.516535084,0.973521703,11.1017447,47.0104028,178.050788,-6.26591817,-2.52015043,-32.0700694,True,True
NGC 6624,-798.7,274.358803,-28.7529804,8.10972369,3.60023234,-5.96989558,-0.0743340031,0.506478527,-0.843259293,0.511904329,0.986474672,10.8316821,47.6716865,175.341043,-6.19098052,-2.54449992,-32.2667213,True,True
NGC 6624,-798.8,274.468001,-28.8418362,8.11024824,3.56589396,-6.09593677,-0.0754282363,0.501569885,-0.861053498,0.507209787,0.999337228,10.5680228,48.3185897,172.641368,-6.1164682,-2.56881759,-32.4402337,True,True
NGC 6624,-798.9,274.575143,-28.9301051,8.11080677,3.5310686,-6.22000641,-0.0764958238,0.496595804,-0.878572132,0.502452987,1.01210078,10.3105691,48.9514436,169.952046,-6.04238816,-2.59309519,-32.5912183,True,True
NGC 6624,-799,274.680238,-29.0177859,8.1113972,3.49576667,-6.34211182,-0.0775373902,0.491557705,-0.895816264,0.497635434,1.02475744,10.0591294,49.5705702,167.273296,-5.96874582,-2.61732548,-32.7202727,True,True
NGC 6624,-799.1,274.783291,-29.104878,8.11201748,3.45999834,-6.46226056,-0.0785535412,0.486456976,-0.912786985,0.492758611,1.03729992,9.8135177,50.1762822,164.605287,-5.89554529,-2.64150219,-32.8279804,True,True
NGC 6624,-799.2,274.88431,-29.1913805,8.11266562,3.42377358,-6.58046039,-0.0795448636,0.481294974,-0.9294854,0.487823982,1.04972156,9.57355443,50.7688831,161.948138,-5.82278949,-2.66561993,-32.9149112,True,True
NGC 6624,-799.3,274.983301,-29.277293,8.11333969,3.38710212,-6.69671923,-0.080511926,0.476073023,-0.945912624,0.482832987,1.06201619,9.33906577,51.3486669,159.301926,-5.75048028,-2.68967406,-32.9816209,True,True
NGC 6624,-799.4,275.080272,-29.3626151,8.11403781,3.3499935,-6.81104513,-0.0814552797,0.47079242,-0.962069778,0.47778705,1.07417816,9.10988382,51.9159184,156.666692,-5.67861864,-2.71366069,-33.0286513,True,True
NGC 6624,-799.5,275.17523,-29.4473467,8.11475815,3.31245703,-6.92344623,-0.0823754592,0.465454432,-0.977957985,0.472687576,1.08620227,8.88584641,52.4709131,154.042444,-5.60720469,-2.73757653,-33.056531,True,True
NGC 6624,-799.6,275.268183,-29.5314878,8.11549893,3.27450184,-7.03393074,-0.0832729824,0.4600603,-0.993578368,0.467535955,1.09808371,8.66679705,53.0139174,151.429162,-5.53623787,-2.76141894,-33.0657752,True,True
NGC 6624,-799.7,275.359136,-29.6150383,8.1162584,3.23613686,-7.14250693,-0.0841483518,0.454611236,-1.00893205,0.462333561,1.10981809,8.45258473,53.545189,148.826799,-5.46571696,-2.78518577,-33.0568861,True,True
NGC 6624,-799.8,275.448099,-29.6979984,8.11703489,3.19737084,-7.24918308,-0.0850020546,0.449108428,-1.02402013,0.457081754,1.12140134,8.24306378,54.0649765,146.235289,-5.39564021,-2.80887541,-33.0303532,True,True
NGC 6624,-799.9,275.535076,-29.7803683,8.11782674,3.15821234,-7.35396747,-0.0858345633,0.443553038,-1.03884374,0.451781883,1.13282972,8.03809375,54.5735202,143.654544,-5.32600535,-2.83248665,-32.9866536,True,True
NGC 6624,-800,275.620077,-29.8621483,8.11863236,3.11866977,-7.45686837,-0.0866463363,0.437946203,-1.05340395,0.446435286,1.14409979,7.83753921,55.0710519,141.084462,-5.25680969,-2.85601874,-32.9262522,True,True
NGC 6624,-800.1,275.703106,-29.9433387,8.1194502,3.07875136,-7.55789402,-0.0874378187,0.432289039,-1.06770185,0.441043292,1.15520839,7.6412696,55.5577954,138.524923,-5.18805015,-2.8794713,-32.8496022,True,True
NGC 6624,-800.2,275.784172,-30.0239399,8.12027874,3.03846517,-7.65705263,-0.088209442,0.426582637,-1.08173853,0.435607222,1.1661526,7.44915906,56.0339665,135.975797,-5.11972333,-2.90284427,-32.7571456,True,True
NGC 6624,-800.3,275.863282,-30.1039523,8.12111649,2.99781911,-7.75435234,-0.0889616254,0.420828068,-1.09551502,0.430128392,1.17692974,7.26108627,56.4997732,133.43694,-5.05182553,-2.92613793,-32.6493129,True,True
NGC 6624,-800.4,275.940441,-30.1833764,8.12196205,2.95682095,-7.84980122,-0.0896947759,0.415026382,-1.10903239,0.424608114,1.18753732,7.07693431,56.9554162,130.908201,-4.98435279,-2.94935287,-32.5265241,True,True
NGC 6624,-800.5,276.015656,-30.2622125,8.12281399,2.9154783,-7.94340727,-0.0904092886,0.409178609,-1.12229165,0.419047698,1.19797308,6.89659044,57.4010889,128.389419,-4.91730093,-2.97248993,-32.3891888,True,True
NGC 6624,-800.6,276.088934,-30.3404611,8.12367098,2.87379865,-8.0351784,-0.0911055474,0.403285757,-1.13529381,0.413448453,1.20823493,6.71994599,57.8369776,125.880426,-4.85066556,-2.9955502,-32.2377065,True,True
NGC 6624,-800.7,276.160281,-30.4181226,8.12453169,2.83178935,-8.12512244,-0.0917839252,0.39734882,-1.14803986,0.407811689,1.21832093,6.54689621,58.2632619,123.381049,-4.78444216,-3.018535,-32.0724668,True,True
NGC 6624,-800.8,276.229704,-30.4951976,8.12539483,2.7894576,-8.21324711,-0.0924447846,0.39136877,-1.16053079,0.402138722,1.22822932,6.37734007,58.6801147,120.891107,-4.71862601,-3.04144589,-31.8938499,True,True
NGC 6624,-800.9,276.297208,-30.5716863,8.12625916,2.7468105,-8.29956,-0.0930884777,0.385346562,-1.17276754,0.396430874,1.23795846,6.21118017,59.0877024,118.410418,-4.65321232,-3.06428458,-31.702227,True,True
NGC 6624,-801,276.362799,-30.6475893,8.12712347,2.70385502,-8.38406862,-0.0937153471,0.379283138,-1.18475105,0.390689474,1.24750684,6.04832257,59.4861855,115.938794,-4.58819616,-3.08705301,-31.4979604,True,True
NGC 6624,-801.1,276.426484,-30.7229069,8.12798656,2.66059802,-8.46678036,-0.0943257258,0.373179418,-1.19648224,0.384915862,1.2568731,5.88867664,59.8757184,113.476044,-4.52357251,-3.10975325,-31.2814038,True,True
NGC 6624,-801.2,276.488267,-30.7976394,8.1288473,2.61704623,-8.54770245,-0.0949199378,0.367036313,-1.20796201,0.379111394,1.26605595,5.73215497,60.2564495,111.021975,-4.4593363,-3.13238756,-31.0529028,True,True
NGC 6624,-801.3,276.548155,-30.8717872,8.12970457,2.57320631,-8.62684204,-0.0954982983,0.360854713,-1.21919124,0.373277442,1.27505424,5.57867319,60.6285218,108.576392,-4.39548237,-3.15495832,-30.8127949,True,True
NGC 6624,-801.4,276.606152,-30.9453504,8.13055728,2.52908478,-8.70420612,-0.096061114,0.354635498,-1.23017078,0.367415397,1.2838669,5.42814988,60.9920727,106.139098,-4.33200553,-3.17746806,-30.5614101,True,True
NGC 6624,-801.5,276.662265,-31.0183294,8.13140438,2.48468808,-8.77980156,-0.0966086835,0.348379532,-1.24090146,0.361526674,1.29249293,5.28050645,61.3472346,103.709896,-4.26890054,-3.19991944,-30.2990708,True,True
NGC 6624,-801.6,276.716497,-31.0907243,8.13224484,2.44002255,-8.85363507,-0.0971412973,0.342087667,-1.25138412,0.355612715,1.30093144,5.13566701,61.6941344,101.288586,-4.20616214,-3.22231523,-30.0260925,True,True
NGC 6624,-801.7,276.768855,-31.1625352,8.13307767,2.39509444,-8.92571326,-0.0976592384,0.335760741,-1.26161954,0.349674995,1.3091816,4.99355829,62.0328944,98.8749702,-4.14378503,-3.24465832,-29.7427836,True,True
NGC 6624,-801.8,276.819342,-31.2337622,8.1339019,2.34990991,-8.99604256,-0.0981627825,0.329399581,-1.2716085,0.343715021,1.31724265,4.85410947,62.3636319,96.4688475,-4.08176391,-3.26695168,-29.449446,True,True
NGC 6624,-801.9,276.867965,-31.3044052,8.13471659,2.30447503,-9.06462928,-0.0986521981,0.323005002,-1.28135176,0.337734344,1.32511389,4.71725217,62.6864597,94.0700187,-4.02009348,-3.28919842,-29.1463752,True,True
NGC 6624,-802,276.914726,-31.3744642,8.13552083,2.25879579,-9.13147958,-0.0991277468,0.316577806,-1.29085005,0.331734559,1.33279469,4.58292028,63.0014859,91.6782841,-3.95876842,-3.3114017,-28.8338605,True,True
NGC 6624,-802.1,276.959631,-31.4439392,8.13631374,2.21287813,-9.19659946,-0.0995896837,0.310118787,-1.3001041,0.325717311,1.34028446,4.45104989,63.3088144,89.2934447,-3.89778343,-3.3335648,-28.5121851,True,True
NGC 6624,-802.2,277.002683,-31.5128297,8.13709445,2.16672787,-9.2599948,-0.100038257,0.303628726,-1.30911458,0.319684307,1.34758267,4.32157921,63.6085448,86.9153014,-3.83713322,-3.35569105,-28.1816269,True,True
NGC 6624,-802.3,277.043888,-31.5811357,8.13786213,2.12035078,-9.3216713,-0.10047371,0.297108396,-1.31788218,0.313637315,1.35468883,4.1944485,63.9007725,84.5436561,-3.77681248,-3.3777839,-27.8424578,True,True
NGC 6624,-802.4,277.083248,-31.6488567,8.13861598,2.07375257,-9.38163453,-0.100896278,0.290558559,-1.32640756,0.307578177,1.36160249,4.06959992,64.1855889,82.1783112,-3.71681597,-3.39984682,-27.4949448,True,True
NGC 6624,-802.5,277.120768,-31.7159923,8.13935522,2.02693888,-9.4398899,-0.101306192,0.283979969,-1.33469134,0.301508818,1.36832326,3.94697753,64.4630817,79.81907,-3.65713842,-3.4218834,-27.1393495,True,True
NGC 6624,-802.6,277.156452,-31.782542,8.14007907,1.97991526,-9.49644266,-0.101703676,0.27737337,-1.34273415,0.295431252,1.37485076,3.82652717,64.7333346,77.4657365,-3.59777462,-3.44389727,-26.7759287,True,True
NGC 6624,-802.7,277.190302,-31.8485051,8.14078681,1.93268723,-9.55129793,-0.102088951,0.270739499,-1.35053657,0.289347595,1.38118466,3.7081964,64.9964277,75.1181159,-3.53871938,-3.46589214,-26.4049347,True,True
NGC 6624,-802.8,277.222322,-31.9138811,8.14147773,1.88526025,-9.60446066,-0.10246223,0.264079084,-1.35809918,0.283260077,1.38732464,3.59193444,65.2524374,72.7760141,-3.47996751,-3.48787175,-26.0266149,True,True
NGC 6624,-802.9,277.252517,-31.9786692,8.14215113,1.83763971,-9.65593566,-0.102823723,0.257392846,-1.36542253,0.277171058,1.39327043,3.47769208,65.5014367,70.4392382,-3.42151388,-3.50983995,-25.6412125,True,True
NGC 6624,-803,277.280887,-32.0428684,8.14280635,1.78983096,-9.70572756,-0.103173633,0.250681498,-1.37250717,0.271083035,1.39902178,3.36542163,65.7434951,68.1075963,-3.36335339,-3.5318006,-25.2489665,True,True
NGC 6624,-803.1,277.307438,-32.1064778,8.14344274,1.74183929,-9.75384086,-0.10351216,0.243945746,-1.3793536,0.264998668,1.40457845,3.25507687,65.978679,65.7808975,-3.30548095,-3.55375764,-24.850112,True,True
NGC 6624,-803.2,277.332171,-32.1694964,8.14405969,1.69366994,-9.8002799,-0.103839498,0.237186291,-1.38596231,0.258920795,1.40994025,3.14661298,66.2070511,63.4589521,-3.24789154,-3.57571505,-24.4448801,True,True
NGC 6624,-803.3,277.355089,-32.2319231,8.14465659,1.64532812,-9.84504887,-0.104155839,0.230403825,-1.3923338,0.25285245,1.41510698,3.03998647,66.4286714,61.1415714,-3.19058016,-3.59767689,-24.0334981,True,True
NGC 6624,-803.4,277.376195,-32.2937565,8.14523286,1.59681898,-9.88815178,-0.104461366,0.223599037,-1.39846851,0.246796893,1.42007848,2.93515515,66.6435964,58.8285679,-3.13354184,-3.61964724,-23.6161901,True,True
NGC 6624,-803.5,277.395491,-32.3549954,8.14578794,1.54814764,-9.92959252,-0.104756262,0.216772608,-1.40436688,0.240757633,1.42485458,2.83207808,66.8518797,56.519755,-3.07677165,-3.64163025,-23.1931764,True,True
NGC 6624,-803.6,277.41298,-32.4156382,8.14632129,1.49931917,-9.96937481,-0.105040704,0.209925215,-1.41002933,0.234738462,1.42943516,2.73071549,67.053572,54.2149474,-3.02026473,-3.6636301,-22.7646744,True,True
NGC 6624,-803.7,277.428664,-32.4756835,8.14683239,1.45033862,-10.0075022,-0.105314866,0.20305753,-1.41545627,0.228743484,1.43382008,2.63102876,67.248721,51.9139608,-2.96401621,-3.68565104,-22.3308981,True,True
NGC 6624,-803.8,277.442544,-32.5351296,8.14732074,1.40121099,-10.0439781,-0.105578917,0.19617022,-1.42064807,0.22277716,1.43800925,2.53298037,67.4373714,49.6166118,-2.90802131,-3.70769736,-21.8920587,True,True
NGC 6624,-803.9,277.454624,-32.5939747,8.14778587,1.35194126,-10.0788058,-0.105833023,0.189263946,-1.42560509,0.216844345,1.44200254,2.43653385,67.6195651,47.3227181,-2.85227525,-3.72977338,-21.4483645,True,True
NGC 6624,-804,277.464904,-32.6522169,8.1482273,1.30253436,-10.1119883,-0.106077345,0.182339368,-1.43032768,0.210950346,1.44579989,2.34165372,67.7953415,45.0320985,-2.79677333,-3.7518835,-21.0000212,True,True
NGC 6624,-804.1,277.473386,-32.7098543,8.14864461,1.2529952,-10.1435287,-0.106312043,0.17539714,-1.43481617,0.205100968,1.4494012,2.24830551,67.9647369,42.7445727,-2.74151087,-3.77403215,-20.5472318,True,True
NGC 6624,-804.2,277.480072,-32.7668847,8.14903737,1.20332868,-10.1734297,-0.10653727,0.168437912,-1.43907086,0.199302584,1.45280641,2.15645564,68.1277851,40.4599612,-2.68648324,-3.7962238,-20.0901969,True,True
NGC 6624,-804.3,277.484963,-32.8233059,8.14940517,1.15353966,-10.2016938,-0.106753179,0.161462332,-1.44309204,0.193562202,1.45601544,2.06607143,68.2845172,38.1780856,-2.63168585,-3.81846298,-19.6291148,True,True
NGC 6624,-804.4,277.488062,-32.8791156,8.14974763,1.10363298,-10.2283238,-0.106959918,0.154471045,-1.44687999,0.187887541,1.45902824,1.97712108,68.4349616,35.8987683,-2.57711416,-3.84075425,-19.1641816,True,True
NGC 6624,-804.5,277.489367,-32.9343114,8.15006438,1.05361344,-10.2533217,-0.107157632,0.147464692,-1.45043494,0.182287119,1.46184477,1.88957358,68.5791442,33.6218324,-2.52276367,-3.86310224,-18.6955912,True,True
NGC 6624,-804.6,277.488882,-32.9888905,8.15035506,1.00348586,-10.2766899,-0.107346463,0.140443913,-1.45375715,0.176770348,1.46446496,1.80339872,68.7170883,31.347102,-2.46862993,-3.88551161,-18.2235357,True,True
NGC 6624,-804.7,277.486607,-33.0428504,8.15061936,0.953255014,-10.2984303,-0.10752655,0.133409344,-1.45684683,0.171347635,1.46688878,1.71856704,68.8488147,29.0744018,-2.41470852,-3.90798708,-17.7482052,True,True
NGC 6624,-804.8,277.482543,-33.0961882,8.15085695,0.902925665,-10.3185447,-0.107698028,0.12636162,-1.45970416,0.166030492,1.46911619,1.63504979,68.9743416,26.8035573,-2.36099508,-3.93053341,-17.2697881,True,True
NGC 6624,-804.9,277.47669,-33.148901,8.15106754,0.852502568,-10.337035,-0.107861031,0.119301375,-1.46232935,0.160831651,1.47114715,1.55281895,69.0936847,24.5343945,-2.3074853,-3.95315542,-16.7884714,True,True
NGC 6624,-805,277.46905,-33.2009856,8.15125084,0.801990463,-10.3539026,-0.108015688,0.11222924,-1.46472254,0.15576518,1.47298164,1.4718471,69.2068573,22.2667402,-2.2541749,-3.97585795,-16.3044401,True,True
NGC 6624,-805.1,277.459622,-33.2524389,8.1514066,0.75139408,-10.369149,-0.108162128,0.105145846,-1.46688389,0.150846594,1.47461962,1.39210751,69.3138701,20.0004218,-2.20105966,-3.99864593,-15.8178782,True,True
NGC 6624,-805.2,277.448408,-33.3032574,8.15153457,0.700718141,-10.3827753,-0.108300474,0.098051822,-1.46881351,0.146092959,1.47606107,1.31357402,69.4147316,17.735267,-2.14813539,-4.02152432,-15.3289683,True,True
NGC 6624,-805.3,277.435407,-33.3534378,8.15163451,0.649967361,-10.3947827,-0.10843085,0.0909477972,-1.47051153,0.14152297,1.47730597,1.23622106,69.5094475,15.4711043,-2.09539795,-4.04449814,-14.8378916,True,True
NGC 6624,-805.4,277.42062,-33.4029764,8.15170623,0.599146451,-10.4051722,-0.108553374,0.0838343999,-1.47197804,0.137156996,1.47835428,1.1600236,69.5980213,13.2077624,-2.04284327,-4.06757244,-14.3448283,True,True
NGC 6624,-805.5,277.404047,-33.4518694,8.15174952,0.548260117,-10.4139444,-0.108668162,0.076712258,-1.4732131,0.133017067,1.479206,1.08495716,69.6804539,10.9450704,-1.9904673,-4.09075236,-13.8499578,True,True
NGC 6624,-805.6,277.385689,-33.5001129,8.1517642,0.497313066,-10.4211,-0.108775331,0.0695819997,-1.47421679,0.129126788,1.4798611,1.01099772,69.756744,8.68285801,-1.93826604,-4.11404307,-13.3534583,True,True
NGC 6624,-805.7,277.365544,-33.547703,8.15175012,0.446310004,-10.4266396,-0.108874991,0.0624442534,-1.47498913,0.125511149,1.48031955,0.938121776,69.8268875,6.42095493,-1.88623554,-4.1374498,-12.8555073,True,True
NGC 6624,-805.8,277.343613,-33.5946353,8.15170712,0.395255639,-10.4305633,-0.108967253,0.055299648,-1.47553015,0.122196208,1.48058135,0.866306249,69.8908782,4.1591913,-1.83437192,-4.16097784,-12.3562816,True,True
NGC 6624,-805.9,277.319896,-33.6409056,8.15163508,0.344154684,-10.4328715,-0.109052223,0.0481488132,-1.47583986,0.119208622,1.48064647,0.7955285,69.9487072,1.89739743,-1.78267132,-4.18463254,-11.8559576,True,True
NGC 6624,-806,277.294392,-33.6865094,8.15153388,0.293011857,-10.433564,-0.109130007,0.0409923797,-1.47591824,0.116575012,1.48051491,0.72576629,70.0003632,-0.364596188,-1.73112993,-4.20841931,-11.3547107,True,True
NGC 6624,-806.1,277.267101,-33.7314421,8.15140343,0.241831882,-10.4326408,-0.109200707,0.0338309795,-1.47576527,0.114321168,1.48018663,0.656997768,70.0458326,-2.62695896,-1.67974401,-4.23234361,-10.8527164,True,True
NGC 6624,-806.2,277.238022,-33.7756988,8.15124364,0.190619494,-10.4301015,-0.109264424,0.0266652461,-1.4753809,0.112471106,1.47966163,0.58920144,70.0850989,-4.88986021,-1.62850985,-4.25641098,-10.3501496,True,True
NGC 6624,-806.3,277.207156,-33.8192747,8.15105446,0.139379438,-10.4259457,-0.109321256,0.0194958149,-1.47476506,0.111046043,1.47893989,0.522356154,70.1181436,-7.15346922,-1.5774238,-4.28062701,-9.84718498,True,True
NGC 6624,-806.4,277.1745,-33.8621646,8.15083583,0.0881164739,-10.4201728,-0.109371299,0.0123233233,-1.47391768,0.11006337,1.47802141,0.456441076,70.1449452,-9.41795528,-1.52648225,-4.30499735,-9.34399724,True,True
NGC 6624,-806.5,277.140056,-33.9043632,8.15058772,0.0368353727,-10.412782,-0.109414649,0.00514841082,-1.47283866,0.109535709,1.47690615,0.391435669,70.1654799,-11.6834877,-1.47568166,-4.32952774,-8.84076094,True,True
NGC 6624,-806.6,277.103821,-33.9458652,8.15031011,-0.0144590757,-10.4037724,-0.109451395,-0.00202828015,-1.47152787,0.109470187,1.47559412,0.327319669,70.1797212,-13.9502361,-1.42501852,-4.35422396,-8.33765073,True,True
NGC 6624,-806.7,277.065794,-33.9866649,8.15000301,-0.0657620642,-10.3931429,-0.109481629,-0.00920610456,-1.46998519,0.109868009,1.47408529,0.26407307,70.1876401,-16.2183698,-1.3744894,-4.37909188,-7.83484142,True,True
NGC 6624,-806.8,277.025976,-34.0267566,8.14966643,-0.117068765,-10.3808924,-0.109505438,-0.0163844142,-1.46821047,0.110724388,1.47237967,0.2016761,70.1892048,-18.4880588,-1.32409089,-4.40413743,-7.33250811,True,True
NGC 6624,-806.9,276.984365,-34.0661344,8.1493004,-0.168374329,-10.3670193,-0.109522909,-0.0235625575,-1.46620354,0.112028843,1.47047723,0.1401092,70.1843809,-20.7594731,-1.27381967,-4.42936662,-6.83082621,True,True
NGC 6624,-807,276.94096,-34.1047921,8.14890498,-0.219673883,-10.3515223,-0.109534124,-0.0307398792,-1.46396421,0.113765832,1.46837798,0.0793530061,70.1731314,-23.0327828,-1.22367244,-4.45478553,-6.3299716,True,True
NGC 6624,-807.1,276.895759,-34.1427235,8.14848022,-0.270962526,-10.3343995,-0.109539167,-0.0379157201,-1.46149229,0.11591562,1.4660819,0.0193883269,70.1554162,-25.3081586,-1.17364599,-4.48040031,-5.83012073,True,True
NGC 6624,-807.2,276.848762,-34.1799222,8.1480262,-0.322235332,-10.3156492,-0.109538116,-0.0450894168,-1.45878755,0.118455284,1.463589,-0.0398038755,70.1311928,-27.5857714,-1.12373714,-4.5062172,-5.33145066,True,True
NGC 6624,-807.3,276.799968,-34.2163815,8.14754303,-0.373487344,-10.2952694,-0.109531051,-0.0522603015,-1.45584975,0.121359755,1.46089927,-0.0982425058,70.1004154,-29.8657924,-1.07394279,-4.53224251,-4.83413921,True,True
NGC 6624,-807.4,276.749374,-34.2520946,8.14703082,-0.424713571,-10.2732578,-0.109518047,-0.0594277013,-1.45267864,0.124602786,1.45801271,-0.155946356,70.0630357,-32.1483934,-1.02425989,-4.55848264,-4.33836506,True,True
NGC 6624,-807.5,276.69698,-34.2870545,8.1464897,-0.475908992,-10.2496121,-0.109499178,-0.0665909384,-1.44927394,0.128157805,1.45492934,-0.212934128,70.0190022,-34.4337465,-0.974685444,-4.58494407,-3.84430782,True,True
NGC 6624,-807.6,276.642785,-34.3212541,8.14591981,-0.527068545,-10.2243299,-0.109474516,-0.0737493296,-1.44563537,0.131998611,1.45164916,-0.269224449,69.9682604,-36.7220244,-0.925216541,-4.61163336,-3.35214814,True,True
NGC 6624,-807.7,276.586787,-34.3546858,8.14532131,-0.578187133,-10.1974086,-0.109444133,-0.0809021859,-1.44176262,0.136099897,1.44817217,-0.324835901,69.9107526,-39.0134001,-0.875850319,-4.63855717,-2.86206782,True,True
NGC 6624,-807.8,276.528984,-34.3873423,8.1446944,-0.629259618,-10.1688454,-0.109408096,-0.0880488123,-1.43765537,0.140437619,1.44449842,-0.379787036,69.8464182,-41.3080474,-0.826583985,-4.66572223,-2.37424993,True,True
NGC 6624,-807.9,276.469375,-34.4192157,8.14403926,-0.680280818,-10.1386372,-0.109366472,-0.0951885073,-1.43331326,0.144989231,1.44062791,-0.434096397,69.7751932,-43.6061404,-0.777414817,-4.69313539,-1.88887888,True,True
NGC 6624,-808,276.407959,-34.4502979,8.14335611,-0.731245506,-10.1067811,-0.109319326,-0.102320563,-1.42873594,0.149733806,1.43656068,-0.487782545,69.6970103,-45.9078539,-0.728340164,-4.72080355,-1.40614056,True,True
NGC 6624,-808.1,276.344733,-34.480581,8.14264518,-0.782148408,-10.0732737,-0.109266721,-0.109444264,-1.42392303,0.154652071,1.43229677,-0.540864079,69.6117989,-48.2133634,-0.679357445,-4.74873376,-0.926222412,True,True
NGC 6624,-808.2,276.279697,-34.5100564,8.14190671,-0.832984198,-10.0381116,-0.109208716,-0.116558888,-1.41887412,0.159726385,1.42783623,-0.593359656,69.5194848,-50.5228449,-0.630464157,-4.77693311,-0.449313573,True,True
NGC 6624,-808.3,276.212849,-34.5387157,8.14114098,-0.883747501,-10.0012913,-0.109145372,-0.123663704,-1.41358882,0.164940668,1.42317911,-0.645288018,69.4199903,-52.836475,-0.581657874,-4.80540884,0.0243950262,True,True
NGC 6624,-808.4,276.144187,-34.56655,8.14034826,-0.934432882,-9.96280903,-0.109076746,-0.130757974,-1.40806667,0.170280311,1.41832547,-0.696668015,69.3132341,-55.1544309,-0.53293625,-4.83416826,0.494710549,True,True
NGC 6624,-808.5,276.073709,-34.5935502,8.13952887,-0.985034853,-9.92266086,-0.109002892,-0.137840951,-1.40230724,0.175732064,1.4132754,-0.747518627,69.1991312,-57.4768907,-0.484297025,-4.86321879,0.961438136,True,True
NGC 6624,-808.6,276.001415,-34.6197072,8.1386831,-1.03554786,-9.88084277,-0.108923864,-0.144911879,-1.39631005,0.181283923,1.40802898,-0.797858993,69.0775925,-59.8040328,-0.435738023,-4.89256796,1.42438078,True,True
NGC 6624,-808.7,275.927301,-34.6450115,8.13781132,-1.08596629,-9.83735054,-0.108839713,-0.151969993,-1.39007461,0.186925017,1.40258632,-0.847708434,68.9485252,-62.1360365,-0.38725716,-4.92222341,1.88333923,True,True
NGC 6624,-808.8,275.851368,-34.6694535,8.13691385,-1.13628447,-9.7921798,-0.108750488,-0.159014518,-1.38360042,0.192645492,1.39694754,-0.897086479,68.8118322,-64.4730815,-0.338852445,-4.95219288,2.33811183,True,True
NGC 6624,-808.9,275.773612,-34.6930231,8.13599109,-1.18649664,-9.74532603,-0.108656236,-0.166044669,-1.37688696,0.198436412,1.39111276,-0.946012895,68.6674125,-66.8153482,-0.290521984,-4.98248424,2.78849442,True,True
NGC 6624,-809,275.694033,-34.7157104,8.13504343,-1.23659698,-9.69678454,-0.108557003,-0.173059651,-1.36993367,0.204289661,1.38508213,-0.994507717,68.5151605,-69.1630176,-0.242263986,-5.01310544,3.2342802,True,True
NGC 6624,-809.1,275.612629,-34.7375048,8.13407127,-1.2865796,-9.64655048,-0.108452831,-0.180058656,-1.36273999,0.21019785,1.37885584,-1.04259127,68.3549662,-71.5162712,-0.194076767,-5.0440646,3.67525962,True,True
NGC 6624,-809.2,275.529398,-34.7583958,8.13307504,-1.33643851,-9.59461886,-0.108343762,-0.187040867,-1.35530536,0.216154243,1.37243407,-1.09028422,68.186715,-73.8752911,-0.145958751,-5.07536989,4.1112202,True,True
NGC 6624,-809.3,275.444339,-34.7783725,8.13205521,-1.38616767,-9.54098451,-0.108229835,-0.194005454,-1.34762916,0.22215268,1.36581703,-1.13760757,68.0102878,-76.2402596,-0.0979084832,-5.10702966,4.54194642,True,True
NGC 6624,-809.4,275.35745,-34.7974238,8.13101222,-1.43576092,-9.48564212,-0.108111085,-0.200951574,-1.33971078,0.228187514,1.35900497,-1.18458273,67.8255603,-78.6113596,-0.0499246265,-5.13905236,4.96721958,True,True
NGC 6624,-809.5,275.26873,-34.8155384,8.12994659,-1.48521204,-9.42858621,-0.107987548,-0.207878372,-1.33154959,0.234253555,1.35199816,-1.23123153,67.6324032,-80.9887741,-0.00200597344,-5.17144654,5.38681768,True,True
NGC 6624,-809.6,275.178177,-34.8327046,8.12885881,-1.53451469,-9.36981115,-0.107859256,-0.214784978,-1.32314492,0.240346013,1.34479689,-1.27757627,67.4306821,-83.3726867,0.0458485495,-5.20422092,5.80051521,True,True
NGC 6624,-809.7,275.085791,-34.8489105,8.12774941,-1.58366246,-9.30931115,-0.107726239,-0.221670511,-1.31449611,0.246460459,1.3374015,-1.32363972,67.2202571,-85.7632806,0.0936398744,-5.23738431,6.20808304,True,True
NGC 6624,-809.8,274.991569,-34.8641441,8.12661896,-1.63264883,-9.24708027,-0.107588525,-0.228534071,-1.30560245,0.25259278,1.32981235,-1.36944522,67.0009829,-88.1607395,0.141368785,-5.27094566,6.60928826,True,True
NGC 6624,-809.9,274.895511,-34.8783928,8.12546801,-1.68146716,-9.18311242,-0.107446138,-0.235374748,-1.29646325,0.258739144,1.32202984,-1.41501668,66.7727081,-90.5652464,0.189035907,-5.30491405,7.00389404,True,True
NGC 6624,-810,274.797615,-34.8916441,8.12429718,-1.73011072,-9.11740133,-0.107299101,-0.242191611,-1.28707777,0.264895968,1.31405444,-1.46037863,66.5352757,-92.9769845,0.236641703,-5.33929871,7.3916594,True,True
NGC 6624,-810.1,274.697881,-34.9038849,8.12310706,-1.77857266,-9.04994061,-0.107147435,-0.248983717,-1.27744526,0.27105989,1.30588662,-1.50555625,66.2885222,-95.3961363,0.28418646,-5.37410896,7.7723391,True,True
NGC 6624,-810.2,274.596308,-34.9151021,8.12189831,-1.82684602,-8.98072371,-0.106991156,-0.255750104,-1.26756496,0.277227746,1.29752693,-1.55057545,66.0322779,-97.8228836,0.331670281,-5.40935429,8.14568347,True,True
NGC 6624,-810.3,274.492894,-34.9252821,8.12067159,-1.8749237,-8.90974391,-0.106830281,-0.262489791,-1.25743607,0.28339654,1.28897597,-1.59546291,65.7663663,-100.257407,0.379093072,-5.4450443,8.51143818,True,True
NGC 6624,-810.4,274.387639,-34.9344112,8.11942757,-1.92279849,-8.83699437,-0.10666482,-0.26920178,-1.24705779,0.289563434,1.2802344,-1.6402461,65.4906042,-102.699887,0.426454536,-5.48118874,8.8693441,True,True
NGC 6624,-810.5,274.280542,-34.9424752,8.11816697,-1.97046303,-8.76246809,-0.106494783,-0.275885056,-1.2364293,0.295725722,1.27130292,-1.68495338,65.2048012,-105.150502,0.473754152,-5.51779748,9.21913712,True,True
NGC 6624,-810.6,274.171603,-34.9494597,8.11689053,-2.01790985,-8.68615793,-0.106320177,-0.28253858,-1.22554977,0.301880819,1.26218234,-1.72961401,64.9087596,-107.609428,0.52099117,-5.55488052,9.56054789,True,True
NGC 6624,-810.7,274.060821,-34.9553501,8.11559899,-2.0651313,-8.60805662,-0.106141004,-0.289161295,-1.21441832,0.308026245,1.25287351,-1.77425826,64.6022739,-110.076839,0.56816459,-5.59244801,9.89330171,True,True
NGC 6624,-810.8,273.948197,-34.9601314,8.11429315,-2.11211961,-8.52815673,-0.105957265,-0.295752123,-1.20303409,0.31415961,1.24337737,-1.81891744,64.2851307,-112.552908,0.615273149,-5.63051019,10.2171182,True,True
NGC 6624,-810.9,273.83373,-34.9637883,8.11297381,-2.15886685,-8.44645072,-0.105768957,-0.302309962,-1.19139617,0.320278605,1.23369495,-1.86362394,63.9571086,-115.037803,0.662315303,-5.66907747,10.5317114,True,True
NGC 6624,-811,273.717421,-34.9663052,8.1116418,-2.20536492,-8.36293089,-0.105576072,-0.308833687,-1.17950367,0.326380994,1.22382738,-1.90841138,63.6179773,-117.531689,0.709289209,-5.70816036,10.8367889,True,True
NGC 6624,-811.1,273.599269,-34.9676661,8.11029799,-2.25160556,-8.27758945,-0.105378602,-0.315322151,-1.16735564,0.332464597,1.21377589,-1.95331459,63.2674979,-120.034728,0.756192705,-5.74776949,11.1320525,True,True
NGC 6624,-811.2,273.479276,-34.9678549,8.10894327,-2.29758033,-8.19041846,-0.105176531,-0.321774179,-1.15495116,0.338527289,1.20354181,-1.99836976,62.9054223,-122.547076,0.803023287,-5.7879156,11.4171972,True,True
NGC 6624,-811.3,273.357442,-34.9668549,8.10757854,-2.34328061,-8.10140988,-0.104969844,-0.328188575,-1.14228924,0.344566987,1.19312662,-2.04361448,62.5314929,-125.068884,0.849778086,-5.82860957,11.6919115,True,True
NGC 6624,-811.4,273.233768,-34.9646493,8.10620476,-2.38869761,-8.01055555,-0.104758518,-0.33456411,-1.12936893,0.350581646,1.18253189,-2.08908783,62.1454422,-127.600297,0.89645384,-5.86986233,11.9558768,True,True
NGC 6624,-811.5,273.108255,-34.9612209,8.1048229,-2.43382233,-7.91784721,-0.104542528,-0.340899532,-1.11618924,0.356569251,1.17175938,-2.13483048,61.7469924,-130.141452,0.94304687,-5.91168495,12.2087674,True,True
NGC 6624,-811.6,272.980906,-34.9565521,8.10343396,-2.47864556,-7.82327652,-0.104321844,-0.347193558,-1.10274915,0.362527811,1.16081097,-2.18088478,61.3358552,-132.692479,0.989553046,-5.95408855,12.4502501,True,True
NGC 6624,-811.7,272.851722,-34.9506251,8.10203898,-2.52315789,-7.72683502,-0.104096432,-0.353444874,-1.08904765,0.368455352,1.14968871,-2.22729484,60.9117315,-135.253497,1.03596775,-5.99708435,12.679984,True,True
NGC 6624,-811.8,272.720704,-34.9434216,8.10063902,-2.5673497,-7.62851421,-0.103866254,-0.359652138,-1.07508372,0.374349915,1.13839487,-2.27410667,60.4743105,-137.824616,1.08228586,-6.0406836,12.8976204,True,True
NGC 6624,-811.9,272.587857,-34.9349232,8.09923517,-2.61121113,-7.52830549,-0.103631265,-0.365813973,-1.06085632,0.38020955,1.12693187,-2.32136825,60.02327,-140.405934,1.12850166,-6.0848976,13.1028021,True,True
NGC 6624,-812,272.453181,-34.9251108,8.09782857,-2.65473209,-7.42620022,-0.103391418,-0.371928968,-1.0463644,0.386032308,1.11530238,-2.36912966,59.5582755,-142.997534,1.17460887,-6.12973768,13.2951637,True,True
NGC 6624,-812.1,272.316682,-34.9139654,8.09642037,-2.69790224,-7.32218972,-0.103146659,-0.37799568,-1.03160691,0.391816241,1.1035093,-2.4174432,59.0789798,-145.599485,1.22060052,-6.17521518,13.4743308,True,True
NGC 6624,-812.2,272.178362,-34.9014674,8.09501178,-2.740711,-7.21626527,-0.102896928,-0.384012626,-1.01658278,0.397559398,1.09155578,-2.46636352,58.585023,-148.211838,1.26646898,-6.22134138,13.6399202,True,True
NGC 6624,-812.3,272.038225,-34.8875969,8.09360401,-2.78314751,-7.10841815,-0.10264216,-0.38997829,-1.00129094,0.403259817,1.07944524,-2.51594773,58.0760318,-150.834625,1.31220581,-6.26812754,13.7915392,True,True
NGC 6624,-812.4,271.896276,-34.8723336,8.09219835,-2.82520064,-6.99863965,-0.102382285,-0.395891114,-0.985730338,0.408915524,1.06718143,-2.56625554,57.551619,-153.467856,1.35780177,-6.31558482,13.9287858,True,True
NGC 6624,-812.5,271.75252,-34.855657,8.0907961,-2.866859,-6.88692105,-0.102117225,-0.401749499,-0.969899897,0.414524532,1.05476841,-2.61734943,57.0113836,-156.111517,1.40324672,-6.36372426,14.0512479,True,True
NGC 6624,-812.6,271.606962,-34.8375462,8.08939858,-2.90811086,-6.77325372,-0.101846897,-0.407551807,-0.953798554,0.420084832,1.04221061,-2.66929474,56.4549097,-158.765565,1.44852956,-6.41255673,14.1585034,True,True
NGC 6624,-812.7,271.45961,-34.81798,8.08800719,-2.94894424,-6.65762908,-0.10157121,-0.413296355,-0.937425251,0.425594394,1.02951284,-2.72215988,55.881767,-161.429926,1.49363812,-6.46209287,14.25012,True,True
NGC 6624,-812.8,271.310468,-34.7969369,8.08662333,-2.9893468,-6.54003865,-0.101290066,-0.418981416,-0.920778937,0.431051163,1.01668036,-2.77601642,55.2915097,-164.104491,1.53855907,-6.51234306,14.3256548,True,True
NGC 6624,-812.9,271.159546,-34.7743951,8.08524847,-3.02930589,-6.42047409,-0.101003361,-0.424605216,-0.903858576,0.436453054,1.00371888,-2.83093933,54.6836769,-166.789113,1.58327785,-6.56331731,14.3846539,True,True
NGC 6624,-813,271.006851,-34.7503324,8.08388411,-3.06880853,-6.29892723,-0.10071098,-0.430165933,-0.88666315,0.441797953,0.990634631,-2.88700706,54.057792,-169.483597,1.62777853,-6.61502525,14.4266527,True,True
NGC 6624,-813.1,270.852391,-34.7247264,8.08253179,-3.10784137,-6.17539007,-0.100412803,-0.435661696,-0.869191661,0.447083711,0.977434391,-2.94430175,53.4133625,-172.187702,1.67204366,-6.66747596,14.4511753,True,True
NGC 6624,-813.2,270.696177,-34.6975544,8.08119309,-3.14639073,-6.04985489,-0.100108701,-0.441090583,-0.85144314,0.452308141,0.96412555,-3.0029094,52.7498804,-174.901127,1.71605419,-6.72067793,14.4577346,True,True
NGC 6624,-813.3,270.538218,-34.6687936,8.07986963,-3.18444253,-5.92231426,-0.0997985331,-0.446450618,-0.833416653,0.457469017,0.950716161,-3.06291999,52.0668217,-177.623512,1.75978926,-6.77463893,14.445832,True,True
NGC 6624,-813.4,270.378528,-34.6384208,8.0785631,-3.22198231,-5.79276107,-0.0994821524,-0.451739771,-0.815111304,0.462564071,0.937215001,-3.12442769,51.363647,-180.354422,1.80322606,-6.82936586,14.4149577,True,True
NGC 6624,-813.5,270.217117,-34.6064126,8.07727521,-3.25899523,-5.66118866,-0.0991594006,-0.456955958,-0.796526247,0.467590991,0.923631635,-3.18753098,50.6398014,-183.093344,1.84633962,-6.88486462,14.3645904,True,True
NGC 6624,-813.6,270.053999,-34.5727455,8.07600773,-3.29546602,-5.52759081,-0.0988301092,-0.462097036,-0.777660693,0.472547416,0.909976491,-3.25233281,49.8947157,-185.839673,1.8891026,-6.94113993,14.2941976,True,True
NGC 6624,-813.7,269.88919,-34.5373958,8.07476247,-3.33137901,-5.39196186,-0.098494099,-0.467160801,-0.75851392,0.477430939,0.896260938,-3.31894074,49.1278063,-188.592704,1.93148503,-6.99819513,14.2032357,True,True
NGC 6624,-813.8,269.722705,-34.5003399,8.07354129,-3.36671809,-5.25429677,-0.0981511796,-0.472144992,-0.739085282,0.482239098,0.882497367,-3.38746702,48.3384768,-191.351616,1.97345409,-7.05603195,14.0911505,True,True
NGC 6624,-813.9,269.554561,-34.4615539,8.07234611,-3.40146674,-5.11459126,-0.0978011489,-0.477047286,-0.719374227,0.48696938,0.868699289,-3.45802872,47.5261191,-194.115459,2.01497378,-7.11465025,13.9573776,True,True
NGC 6624,-814,269.384778,-34.421014,8.07117889,-3.43560797,-4.97284185,-0.0974437924,-0.481865294,-0.699380303,0.491619217,0.854881432,-3.53074776,46.6901152,-196.883136,2.05600454,-7.17404772,13.801343,True,True
NGC 6624,-814.1,269.213375,-34.3786965,8.07004164,-3.46912433,-4.82904603,-0.0970788832,-0.486596568,-0.679103183,0.496185983,0.841059845,-3.60575095,45.8298393,-199.653386,2.09650297,-7.23421952,13.622464,True,True
NGC 6624,-814.2,269.040374,-34.3345779,8.06893644,-3.50199796,-4.68320238,-0.096706181,-0.491238592,-0.658542675,0.500666995,0.827252014,-3.68316993,44.9446604,-202.424759,2.1364213,-7.2951579,13.4201504,True,True
NGC 6624,-814.3,268.865801,-34.288635,8.06786539,-3.53421048,-4.5353107,-0.0963254317,-0.495788788,-0.637698748,0.505059512,0.813476984,-3.76314108,44.0339455,-205.195596,2.17570697,-7.35685177,13.1938058,True,True
NGC 6624,-814.4,268.689681,-34.2408447,8.06683066,-3.56574311,-4.38537222,-0.0959363672,-0.50024451,-0.616571551,0.509360733,0.799755484,-3.84580538,43.0970638,-207.963995,2.21430208,-7.4192861,12.9428295,True,True
NGC 6624,-814.5,268.512041,-34.1911845,8.0658345,-3.59657656,-4.23338977,-0.0955387046,-0.504603053,-0.595161443,0.5135678,0.786110061,-3.9313081,42.1333915,-210.727786,2.25214276,-7.4824414,12.6666185,True,True
NGC 6624,-814.6,268.332914,-34.1396326,8.06487916,-3.62669115,-4.079368,-0.095132146,-0.508861643,-0.573469019,0.517677792,0.772565215,-4.01979842,41.1423172,-213.484488,2.28915849,-7.54629298,12.3645705,True,True
NGC 6624,-814.7,268.152332,-34.0861679,8.06396698,-3.6560667,-3.92331362,-0.0947163782,-0.513017448,-0.551495145,0.521687736,0.759147541,-4.11142897,40.1232489,-216.23127,2.3252713,-7.61081019,12.0360871,True,True
NGC 6624,-814.8,267.970332,-34.0307701,8.06310033,-3.68468266,-3.7652357,-0.094291072,-0.517067576,-0.529240996,0.525594601,0.74588586,-4.20635507,39.0756223,-218.964905,2.3603949,-7.67595546,11.6805776,True,True
NGC 6624,-814.9,267.786953,-33.9734201,8.06228166,-3.71251805,-3.60514596,-0.0938558824,-0.521009079,-0.506708103,0.529395303,0.73281136,-4.30473392,37.9989095,-221.681713,2.39443365,-7.74168334,11.2974645,True,True
NGC 6624,-815,267.602239,-33.9141004,8.06151344,-3.73955155,-3.44305916,-0.0934104481,-0.524838958,-0.483898396,0.533086713,0.719957708,-4.40672349,36.8926308,-224.377499,2.42728142,-7.80793922,10.8861888,True,True
NGC 6624,-815.1,267.416237,-33.8527948,8.06079819,-3.76576148,-3.27899348,-0.0929543919,-0.528554165,-0.460814263,0.536665654,0.707361159,-4.51248118,35.7563666,-227.047483,2.45882028,-7.87465805,10.4462173,True,True
NGC 6624,-815.2,267.228997,-33.7894894,8.06013849,-3.79112591,-3.112971,-0.0924873205,-0.532151618,-0.437458615,0.540128918,0.695060637,-4.62216218,34.5897723,-229.686218,2.48891901,-7.94176273,9.9770516,True,True
NGC 6624,-815.3,267.040577,-33.7241724,8.05953694,-3.81562268,-2.94501821,-0.0920088248,-0.535628199,-0.413834959,0.543473266,0.683097771,-4.7359175,33.3925944,-232.287501,2.51743147,-8.00916238,9.47823767,True,True
NGC 6624,-815.4,266.851037,-33.6568349,8.05899618,-3.83922949,-2.77516664,-0.0915184807,-0.538980772,-0.389947481,0.546695441,0.671516897,-4.85389165,32.1646893,-234.844264,2.54419467,-8.07675038,8.9493786,True,True
NGC 6624,-815.5,266.660445,-33.5874711,8.05851889,-3.86192396,-2.60345349,-0.0910158495,-0.542206194,-0.365801134,0.549792181,0.660364984,-4.97621994,30.906043,-237.348466,2.5690267,-8.14440213,8.39014891,True,True
NGC 6624,-815.6,266.468875,-33.5160789,8.05810774,-3.8836838,-2.4299224,-0.0905004798,-0.545301326,-0.341401751,0.552760231,0.649691487,-5.10302531,29.6167944,-239.790957,2.59172443,-8.21197264,7.80031183,True,True
NGC 6624,-815.7,266.276407,-33.4426609,8.05776544,-3.90448683,-2.25462437,-0.089971908,-0.548263053,-0.316756164,0.555596364,0.639548111,-5.23441482,28.2972583,-242.161347,2.61206103,-8.27929388,7.17973997,True,True
NGC 6624,-815.8,266.083131,-33.3672244,8.05749469,-3.92431122,-2.07761864,-0.0894296606,-0.551088301,-0.291872338,0.558297394,0.629988445,-5.37047563,26.9479519,-244.447856,2.62978347,-8.34617205,6.52843931,True,True
NGC 6624,-815.9,265.889145,-33.2897827,8.05729816,-3.94313557,-1.8989738,-0.0888732564,-0.553774063,-0.266759516,0.560860204,0.621067474,-5.51127073,25.5696198,-246.637179,2.64461007,-8.41238481,5.84657745,False,False
NGC 6624,-816,265.694555,-33.2103555,8.05717848,-3.96093913,-1.71876894,-0.0883022093,-0.556317418,-0.24142839,0.563281767,0.612840939,-5.65683424,24.1632606,-248.714362,2.65622861,-8.47767876,5.13451634,False,False
NGC 6624,-816.1,265.499482,-33.1289705,8.05713825,-3.97770197,-1.53709487,-0.0877160312,-0.558715563,-0.215891265,0.565559176,0.605364535,-5.80716665,22.7301511,-250.662722,2.66429535,-8.54176764,4.39284964,False,False
NGC 6624,-816.2,265.304054,-33.0456635,8.05717996,-3.99340521,-1.35405539,-0.087114236,-0.56096584,-0.190162244,0.567689672,0.598692945,-5.9622301,21.2718677,-252.463859,2.66843604,-8.60433169,3.62244432,False,False
NGC 6624,-816.3,265.108415,-32.9604798,8.05730602,-4.00803123,-1.16976847,-0.0864963435,-0.563065768,-0.164257391,0.569670674,0.592878712,-6.12194387,19.7903031,-254.097804,2.6682499,-8.66501919,2.8244851,False,False
NGC 6624,-816.4,264.912721,-32.873475,8.05751866,-4.02156393,-0.984367295,-0.0858618844,-0.565013078,-0.138194882,0.571499817,0.587970974,-6.28618059,18.2876758,-255.54338,2.66331829,-8.7234512,2.00051904,False,False
NGC 6624,-816.5,264.717143,-32.7847157,8.05781994,-4.03398891,-0.79800086,-0.0852104046,-0.566805742,-0.111995089,0.573174984,0.584014094,-6.4547636,16.7665288,-256.778861,2.65321965,-8.77923079,1.15249485,False,False
NGC 6624,-816.6,264.521863,-32.6942795,8.05821171,-4.0452938,-0.61083404,-0.0845414709,-0.56844201,-0.0856805981,0.574694335,0.581046249,-6.62746569,15.2297165,-257.782978,2.63755178,-8.83195765,0.282789313,False,False
NGC 6624,-816.7,264.327077,-32.6022554,8.05869553,-4.05546838,-0.423046729,-0.0838546756,-0.569920438,-0.0592760865,0.576056345,0.579098063,-6.80401007,13.6803758,-258.536271,2.61596145,-8.88124827,-0.605789493,False,False
NGC 6624,-816.8,264.132989,-32.5087424,8.05927266,-4.06450482,-0.234831931,-0.0831496421,-0.571239915,-0.0328080635,0.577259823,0.578191381,-6.98407359,12.1218802,-259.022692,2.5881787,-8.92676021,-1.51003273,False,False
NGC 6624,-816.9,263.939813,-32.4138485,8.05994401,-4.07239786,-0.0463926403,-0.0824260286,-0.572399686,-0.00630443636,0.578303943,0.578338306,-7.16729248,10.5577781,-259.231197,2.55405043,-8.96821716,-2.42640221,False,False
NGC 6624,-817,263.747761,-32.3176882,8.06071013,-4.07914483,0.142062334,-0.0816835326,-0.573399362,0.0202060707,0.579188249,0.579540605,-7.35327041,8.99171612,-259.157,2.51356598,-9.00542979,-3.3511419,False,False
NGC 6624,-817.1,263.557046,-32.2203804,8.06157117,-4.08474579,0.330323223,-0.080921893,-0.574238931,0.0466945925,0.579912668,0.581789556,-7.54158808,7.42735481,-258.802176,2.46686771,-9.03830773,-4.28041791,False,False
NGC 6624,-817.2,263.367869,-32.1220449,8.06252689,-4.08920343,0.518184305,-0.0801408927,-0.574918752,0.0731328207,0.580477505,0.585066272,-7.73181377,5.86828263,-258.175424,2.41424318,-9.06685968,-5.21046669,False,False
NGC 6624,-817.3,263.180423,-32.0228006,8.06357669,-4.09252302,0.705448438,-0.0793403588,-0.575439542,0.0994936354,0.580883429,0.589342466,-7.92351346,4.31793608,-257.29107,2.35610056,-9.09118227,-6.13772826,False,False
NGC 6624,-817.4,262.994882,-31.9227625,8.06471963,-4.09471229,0.891930661,-0.0785201623,-0.57580236,0.125751607,0.58113146,0.594581568,-8.11626015,2.77953224,-256.16757,2.29293363,-9.11144117,-7.05894697,False,False
NGC 6624,-817.5,262.811406,-31.8220407,8.06595444,-4.09578123,1.07746063,-0.0776802176,-0.576008582,0.151883334,0.581222937,0.600740085,-8.30964149,1.25601756,-254.82587,2.22528405,-9.12784923,-7.9712322,False,False
NGC 6624,-817.6,262.630133,-31.7207391,8.0672796,-4.09574187,1.2618839,-0.0768204798,-0.576059867,0.17786762,0.581159493,0.607769074,-8.50326569,-0.249965903,-253.287903,2.15370752,-9.1406459,-8.87208126,False,False
NGC 6624,-817.7,262.451185,-31.618955,8.06869337,-4.09460809,1.44506218,-0.0759409432,-0.57595813,0.203685509,0.580943022,0.615615612,-8.69676574,-1.73609801,-251.575416,2.07874736,-9.15008045,-9.759373,False,False
NGC 6624,-817.8,262.274663,-31.5167786,8.07019379,-4.09239532,1.62687293,-0.075041638,-0.575705507,0.229320227,0.580575643,0.624224194,-8.889802,-3.20038403,-249.709151,2.00091667,-9.15639991,-10.6313425,False,False
NGC 6624,-817.9,262.100656,-31.4142939,8.07177877,-4.08912038,1.80720841,-0.0741226279,-0.575304318,0.254757043,0.580059672,0.633537981,-9.08206361,-4.64114707,-247.708358,1.92068782,-9.15984131,-11.4865456,False,False
NGC 6624,-818,261.929235,-31.3115783,8.07344609,-4.08480117,1.98597453,-0.0731840067,-0.574757044,0.27998311,0.579397582,0.643499884,-9.27326886,-6.05701242,-245.590566,1.83848786,-9.16062736,-12.3238206,False,False
NGC 6624,-818.1,261.760458,-31.2087035,8.07519343,-4.07945654,2.16308953,-0.0722258956,-0.574066289,0.304987285,0.578591984,0.654053459,-9.46316468,-7.44688643,-243.371516,1.75469773,-9.15896453,-13.1422498,False,False
NGC 6624,-818.2,261.594371,-31.1057358,8.0770184,-4.07310604,2.33848273,-0.0712484403,-0.573234755,0.32975994,0.577645587,0.665143625,-9.65152573,-8.80993199,-241.065222,1.66965409,-9.15504267,-13.9411246,False,False
NGC 6624,-818.3,261.43101,-31.0027365,8.07891855,-4.06576972,2.51209329,-0.0702518082,-0.572265219,0.354292801,0.576561183,0.676717213,-9.83815294,-10.1455426,-238.684073,1.58365233,-9.14903557,-14.7199146,False,False
NGC 6624,-818.4,261.270401,-30.8997622,8.08089142,-4.05746806,2.68386906,-0.0692361857,-0.57116051,0.378578783,0.575341618,0.688723364,-10.0228719,-11.4533159,-236.238982,1.49695038,-9.14110195,-15.4782397,False,False
NGC 6624,-818.5,261.112563,-30.7968657,8.08293449,-4.04822173,2.85376559,-0.0682017758,-0.569923487,0.402611846,0.573989776,0.701113801,-10.2055308,-12.7330284,-233.739535,1.40977255,-9.1313867,-16.2158467,False,False
NGC 6624,-818.6,260.957508,-30.6940957,8.08504525,-4.03805153,3.02174518,-0.0671487963,-0.568557024,0.42638687,0.57250856,0.71384299,-10.385999,-13.9846111,-231.194133,1.32231331,-9.12002215,-16.9325897,False,False
NGC 6624,-818.7,260.805241,-30.5914976,8.08722119,-4.02697825,3.18777609,-0.0660774768,-0.567063997,0.449899542,0.570900876,0.726868219,-10.5641648,-15.2081268,-228.610135,1.23474081,-9.10712926,-17.6284122,False,False
NGC 6624,-818.8,260.655763,-30.4891135,8.08945981,-4.01502263,3.35183178,-0.064988058,-0.565447268,0.473146249,0.569169624,0.740149602,-10.7399336,-16.4037501,-225.993984,1.14720013,-9.09281878,-18.3033331,False,False
NGC 6624,-818.9,260.509071,-30.3869827,8.09175861,-4.00220521,3.51389032,-0.0638807891,-0.563709676,0.496123998,0.567317684,0.753650035,-10.9132262,-17.5717485,-223.351313,1.05981608,-9.07719225,-18.957434,False,False
NGC 6624,-819,260.365155,-30.2851419,8.09411514,-3.98854635,3.6739338,-0.0627559268,-0.56185403,0.518830334,0.565347908,0.767335111,-11.0839773,-18.7124662,-220.687052,0.972695822,-9.06034296,-19.5908488,False,False
NGC 6624,-819.1,260.224006,-30.1836252,8.09652694,-3.9740661,3.83194787,-0.0616137339,-0.559883099,0.541263275,0.563263115,0.781173009,-11.2521339,-19.8263096,-218.00551,0.885931079,-9.04235672,-20.203755,False,False
NGC 6624,-819.2,260.085609,-30.0824645,8.0989916,-3.95878422,3.98792128,-0.0604544779,-0.557799609,0.563421252,0.561066081,0.795134363,-11.4176535,-20.9137351,-215.310459,0.799600115,-9.02331263,-20.7963656,False,False
NGC 6624,-819.3,259.949949,-29.9816896,8.10150675,-3.94272013,4.14184553,-0.0592784303,-0.555606237,0.585303053,0.558759539,0.809192119,-11.5805036,-21.9752375,-212.605191,0.713769454,-9.0032837,-21.3689232,False,False
NGC 6624,-819.4,259.817007,-29.8813285,8.10407003,-3.92589285,4.29371449,-0.0580858654,-0.553305606,0.606907785,0.556346171,0.823321396,-11.7406598,-23.0113413,-209.892587,0.628495391,-8.98233744,-21.9216943,False,False
NGC 6624,-819.5,259.686763,-29.7814073,8.10667914,-3.90832105,4.4435242,-0.0568770596,-0.550900288,0.628234829,0.553828608,0.83749933,-11.8981051,-24.0225925,-207.175162,0.543825293,-8.96053633,-22.4549647,False,False
NGC 6624,-819.6,259.559197,-29.6819504,8.1093318,-3.89002295,4.59127252,-0.0556522908,-0.548392795,0.649283807,0.551209429,0.851704936,-12.0528288,-25.0095517,-204.45511,0.459798751,-8.93793833,-22.9690355,False,False
NGC 6624,-819.7,259.434286,-29.5829808,8.11202579,-3.87101641,4.73695894,-0.0544118376,-0.545785582,0.670054551,0.548491158,0.865918963,-12.2048259,-25.9727884,-201.734346,0.376448566,-8.91459722,-23.46422,False,False
NGC 6624,-819.8,259.312007,-29.4845199,8.11475891,-3.85131883,4.8805844,-0.0531559789,-0.543081047,0.690547074,0.545676261,0.880123766,-12.3540962,-26.9128765,-199.014537,0.293801624,-8.89056302,-23.9408404,False,False
NGC 6624,-819.9,259.192336,-29.3865881,8.11752902,-3.83094721,5.0221511,-0.0518849935,-0.540281527,0.710761551,0.542767151,0.894303172,-12.5006434,-27.8303902,-196.297135,0.211879645,-8.86588224,-24.399226,False,False
NGC 6624,-820,259.075248,-29.2892041,8.12033401,-3.80991812,5.16166233,-0.0505991595,-0.537389301,0.730698293,0.539766186,0.908442365,-12.6444752,-28.7259004,-193.583397,0.130699845,-8.84059826,-24.8397105,False,False
NGC 6624,-820.1,258.960718,-29.1923859,8.12317181,-3.78824774,5.29912234,-0.0492987541,-0.534406592,0.750357732,0.536675668,0.922527777,-12.7856018,-29.5999726,-190.874415,0.0502755136,-8.81475148,-25.2626308,False,False
NGC 6624,-820.2,258.84872,-29.0961502,8.1260404,-3.76595182,5.43453625,-0.0479840532,-0.531335563,0.769740404,0.533497844,0.936546977,-12.9240364,-30.4531643,-188.17113,-0.0293834901,-8.78837965,-25.6683254,False,False
NGC 6624,-820.3,258.73923,-29.0005127,8.1289378,-3.74304569,5.56790988,-0.0466553315,-0.528178321,0.788846935,0.530234909,0.950488582,-13.0597941,-31.2860235,-185.474354,-0.108270294,-8.76151804,-26.0571329,False,False
NGC 6624,-820.4,258.632221,-28.9054881,8.13186207,-3.71954432,5.69924972,-0.0453128618,-0.524936918,0.807678026,0.526889005,0.964342168,-13.1928919,-32.0990872,-182.78478,-0.186380631,-8.73419961,-26.4293913,False,False
NGC 6624,-820.5,258.527667,-28.8110904,8.1348113,-3.69546227,5.8285628,-0.0439569153,-0.521613352,0.826234444,0.523462224,0.978098184,-13.3233485,-32.8928804,-180.103001,-0.263712505,-8.70645523,-26.785437,False,False
NGC 6624,-820.6,258.425543,-28.7173327,8.13778364,-3.67081371,5.95585663,-0.0425877611,-0.518209568,0.844517015,0.519956607,0.991747882,-13.4511833,-33.6679154,-177.429519,-0.340265892,-8.6783138,-27.1256042,False,False
NGC 6624,-820.7,258.325822,-28.6242273,8.14077728,-3.64561246,6.08113912,-0.0412056662,-0.514727457,0.862526607,0.516374149,1.00528325,-13.5764173,-34.424691,-174.764755,-0.416042489,-8.64980241,-27.4502237,False,False
NGC 6624,-820.8,258.228479,-28.5317857,8.14379042,-3.61987196,6.20441855,-0.0398108956,-0.511168864,0.880264132,0.512716798,1.01869694,-13.6990718,-35.1636925,-172.109058,-0.491045485,-8.62094647,-27.7596235,False,False
NGC 6624,-820.9,258.133489,-28.4400189,8.14682134,-3.59360533,6.3257035,-0.0384037119,-0.50753558,0.897730532,0.508986454,1.03198223,-13.819169,-35.885391,-169.462717,-0.565279358,-8.59176981,-28.0541273,False,False
NGC 6624,-821,258.040826,-28.3489372,8.14986832,-3.56682531,6.44500277,-0.0369843756,-0.503829353,0.914926775,0.505184977,1.04513294,-13.9367312,-36.5902437,-166.825962,-0.638749712,-8.56229481,-28.3340546,False,False
NGC 6624,-821.1,257.950465,-28.2585503,8.15292972,-3.53954434,6.5623254,-0.0355531446,-0.500051882,0.931853853,0.501314183,1.05814343,-14.0517813,-37.2786936,-164.198976,-0.711463112,-8.53254252,-28.5997209,False,False
NGC 6624,-821.2,257.862381,-28.1688671,8.1560039,-3.51177452,6.67768058,-0.0341102749,-0.496204822,0.948512771,0.497375851,1.0710085,-14.1643421,-37.9511699,-161.581895,-0.783426957,-8.50253269,-28.8514365,False,False
NGC 6624,-821.3,257.776549,-28.0798964,8.15908927,-3.48352764,6.79107763,-0.0326560197,-0.492289787,0.964904548,0.493371716,1.08372341,-14.2744367,-38.6080877,-158.97482,-0.85464936,-8.47228389,-29.0895073,False,False
NGC 6624,-821.4,257.692947,-27.9916462,8.16218429,-3.45481521,6.90252599,-0.0311906302,-0.488308347,0.981030211,0.489303482,1.0962838,-14.3820879,-39.2498488,-156.377814,-0.925139041,-8.44181362,-29.3142339,False,False
NGC 6624,-821.5,257.611548,-27.904124,8.16528743,-3.42564843,7.01203517,-0.029714355,-0.484262031,0.996890791,0.485172812,1.10868567,-14.4873186,-39.8768414,-153.790911,-0.994905238,-8.41113832,-29.5259121,False,False
NGC 6624,-821.6,257.532331,-27.8173372,8.16839722,-3.39603823,7.11961472,-0.0282274405,-0.480152331,1.01248732,0.48098134,1.12092534,-14.5901512,-40.4894406,-151.214118,-1.06395763,-8.38027345,-29.7248325,False,False
NGC 6624,-821.7,257.455271,-27.7312924,8.1715122,-3.36599525,7.22527423,-0.0267301309,-0.475980701,1.02782084,0.476730666,1.13299947,-14.6906083,-41.0880089,-148.647418,-1.13230625,-8.3492336,-29.9112807,False,False
NGC 6624,-821.8,257.380346,-27.6459959,8.17463096,-3.33552988,7.3290233,-0.025222668,-0.471748557,1.04289237,0.472422357,1.14490496,-14.7887117,-41.6728961,-146.090771,-1.19996144,-8.31803248,-30.085537,False,False
NGC 6624,-821.9,257.307534,-27.5614539,8.17775213,-3.30465226,7.43087152,-0.0237052914,-0.46745728,1.05770294,0.468057955,1.15663899,-14.8844832,-42.2444402,-143.54412,-1.2669338,-8.28668301,-30.2478768,False,False
NGC 6624,-822,257.236812,-27.4776719,8.18087434,-3.27337228,7.53082845,-0.0221782384,-0.46310822,1.07225357,0.463638973,1.16819896,-14.9779439,-42.802967,-141.007391,-1.33323411,-8.25519736,-30.3985702,False,False
NGC 6624,-822.1,257.168158,-27.3946552,8.18399628,-3.2416996,7.62890362,-0.0206417443,-0.45870269,1.08654527,0.459166897,1.1795825,-15.0691149,-43.3487914,-138.480493,-1.39887332,-8.22358699,-30.5378824,False,False
NGC 6624,-822.2,257.101552,-27.3124088,8.18711668,-3.20964363,7.7251065,-0.0190960423,-0.454241975,1.10057904,0.454643191,1.19078741,-15.1580163,-43.8822169,-135.963326,-1.46386249,-8.1918627,-30.6660734,False,False
NGC 6624,-822.3,257.036972,-27.2309375,8.19023426,-3.17721359,7.81944649,-0.0175413635,-0.449727327,1.11435587,0.450069293,1.2018117,-15.2446681,-44.4035364,-133.455776,-1.52821276,-8.16003465,-30.7833985,False,False
NGC 6624,-822.4,256.974398,-27.1502457,8.1933478,-3.14441845,7.91193294,-0.0159779369,-0.445159971,1.12787673,0.445446623,1.21265354,-15.3290897,-44.9130325,-130.957718,-1.59193535,-8.12811242,-30.8901079,False,False
NGC 6624,-822.5,256.913809,-27.0703375,8.19645611,-3.11126702,8.0025751,-0.0144059896,-0.4405411,1.1411426,0.44077658,1.22331125,-15.4112998,-45.4109778,-128.46902,-1.65504147,-8.09610502,-30.9864473,False,False
NGC 6624,-822.6,256.855186,-26.9912169,8.19955801,-3.07776786,8.09138214,-0.0128257468,-0.435871884,1.15415441,0.436060545,1.23378329,-15.491317,-45.8976351,-125.989541,-1.71754239,-8.06402096,-31.0726574,False,False
NGC 6624,-822.7,256.79851,-26.9128877,8.20265237,-3.04392938,8.1783631,-0.0112374321,-0.431153462,1.16691311,0.431299882,1.24406825,-15.5691588,-46.3732581,-123.519135,-1.77944931,-8.03186822,-31.1489743,False,False
NGC 6624,-822.8,256.743761,-26.8353532,8.20573807,-3.00975978,8.26352695,-0.0096412668,-0.426386952,1.17941962,0.426495941,1.25416483,-15.6448425,-46.8380913,-121.057647,-1.84077345,-7.99965431,-31.2156298,False,False
NGC 6624,-822.9,256.690921,-26.7586167,8.20881403,-2.9752671,8.34688254,-0.00803747092,-0.421573445,1.19167484,0.421650057,1.26407187,-15.7183847,-47.2923707,-118.604921,-1.90152596,-7.96738632,-31.2728508,False,False
NGC 6624,-823,256.639971,-26.6826815,8.21187918,-2.94045918,8.4284386,-0.00642626261,-0.416714008,1.20367965,0.416763556,1.27378828,-15.7898015,-47.7363238,-116.160792,-1.96171793,-7.9350709,-31.3208604,False,False
NGC 6624,-823.1,256.590894,-26.6075502,8.21493248,-2.90534372,8.50820372,-0.00480785844,-0.411809686,1.21543494,0.411837751,1.28331306,-15.8591083,-48.17017,-113.725094,-2.02136041,-7.90271429,-31.3598769,False,False
NGC 6624,-823.2,256.543673,-26.5332258,8.21797294,-2.86992826,8.58618638,-0.00318247344,-0.406861501,1.22694154,0.406873948,1.29264533,-15.92632,-48.5941209,-111.297658,-2.08046434,-7.87032237,-31.3901147,False,False
NGC 6624,-823.3,256.49829,-26.4597108,8.22099956,-2.83422015,8.66239495,-0.00155032113,-0.401870456,1.23820031,0.401873447,1.30178426,-15.991451,-49.0083808,-108.87831,-2.13904059,-7.83790064,-31.411784,False,False
NGC 6624,-823.4,256.454728,-26.3870076,8.22401139,-2.79822663,8.73683762,8.83863885e-05,-0.396837532,1.24921205,0.396837542,1.3107291,-16.0545148,-49.4131464,-106.466876,-2.19709992,-7.80545428,-31.4250912,False,False
NGC 6624,-823.5,256.412971,-26.3151185,8.22700748,-2.76195478,8.80952248,0.00173343838,-0.391763688,1.25997756,0.391767523,1.31947916,-16.1155247,-49.8086078,-104.063179,-2.25465303,-7.77298812,-31.4302386,False,False
NGC 6624,-823.6,256.373004,-26.2440456,8.22998693,-2.72541152,8.88045748,0.00338462542,-0.386649869,1.27049764,0.386664683,1.32803382,-16.174493,-50.1949479,-101.667041,-2.31171047,-7.7405067,-31.4274248,False,False
NGC 6624,-823.7,256.33481,-26.173791,8.23294884,-2.68860367,8.94965039,0.00504173935,-0.381496997,1.28077304,0.38153031,1.33639252,-16.2314318,-50.5723435,-99.2782802,-2.36828271,-7.70801426,-31.4168446,False,False
NGC 6624,-823.8,256.298374,-26.1043567,8.23589234,-2.6515379,9.01710888,0.00670457318,-0.376305978,1.29080451,0.3763657,1.34455473,-16.2863524,-50.9409649,-96.8967176,-2.42438009,-7.67551475,-31.3986892,False,False
NGC 6624,-823.9,256.263682,-26.0357443,8.2388166,-2.61422075,9.08284046,0.00837292104,-0.371077701,1.30059277,0.371172152,1.35251999,-16.3392654,-51.3009764,-94.5221711,-2.48001285,-7.64301187,-31.3731465,False,False
NGC 6624,-824,256.230719,-25.9679557,8.24172078,-2.57665866,9.14685247,0.0100465782,-0.365813039,1.31013853,0.365950971,1.36028787,-16.3901811,-51.6525365,-92.1544586,-2.5351911,-7.61050906,-31.3404006,False,False
NGC 6624,-824.1,256.19947,-25.9009924,8.24460408,-2.53885791,9.20915214,0.0117253408,-0.360512849,1.31944249,0.360703476,1.36785799,-16.4391088,-51.9957979,-89.7933977,-2.58992484,-7.57800951,-31.3006326,False,False
NGC 6624,-824.2,256.169922,-25.834856,8.24746573,-2.50082471,9.26974651,0.013409006,-0.35517797,1.32850532,0.355430995,1.37523,-16.4860577,-52.330908,-87.4388058,-2.64422395,-7.54551619,-31.25402,False,False
NGC 6624,-824.3,256.142061,-25.7695479,8.25030495,-2.46256515,9.32864251,0.015097372,-0.34980923,1.33732765,0.350134872,1.38240359,-16.5310359,-52.6580089,-85.0905,-2.69809819,-7.51303184,-31.2007374,False,False
NGC 6624,-824.4,256.115875,-25.7050696,8.25312101,-2.42408519,9.38584687,0.0167902374,-0.344407441,1.34591014,0.34481647,1.38937846,-16.5740513,-52.9772375,-82.748298,-2.7515572,-7.480559,-31.1409562,False,False
NGC 6624,-824.5,256.091349,-25.6414221,8.25591318,-2.38539072,9.4413662,0.0184874021,-0.338973401,1.35425339,0.339477173,1.39615436,-16.6151111,-53.2887259,-80.4120171,-2.80461048,-7.4481,-31.0748448,False,False
NGC 6624,-824.6,256.068472,-25.578607,8.25868076,-2.3464875,9.49520695,0.0201886662,-0.333507895,1.36235801,0.33411839,1.40273106,-16.6542217,-53.5926014,-78.0814754,-2.85726743,-7.41565699,-31.0025686,False,False
NGC 6624,-824.7,256.047231,-25.5166252,8.26142308,-2.30738123,9.54737541,0.0218938309,-0.328011695,1.37022456,0.328741558,1.40910835,-16.6913892,-53.8889867,-75.7564909,-2.90953734,-7.38323191,-30.9242904,False,False
NGC 6624,-824.8,256.027614,-25.455478,8.26413945,-2.26807747,9.59787771,0.0236026975,-0.322485562,1.37785361,0.323348148,1.41528604,-16.726619,-54.178,-73.4368824,-2.96142934,-7.35082655,-30.8401699,False,False
NGC 6624,-824.9,256.00961,-25.3951663,8.26682924,-2.22858175,9.64671985,0.0253150683,-0.316930243,1.38524569,0.317939667,1.42126397,-16.7599157,-54.4597554,-71.1224689,-3.01295249,-7.31844253,-30.7503644,False,False
NGC 6624,-825,255.993208,-25.3356914,8.26949182,-2.18889946,9.69390763,0.0270307457,-0.311346475,1.39240134,0.312517661,1.42704197,-16.7912838,-54.7343625,-68.8130702,-3.0641157,-7.2860813,-30.6550284,False,False
NGC 6624,-825.1,255.978396,-25.277054,8.27212657,-2.14903593,9.73944673,0.0287495327,-0.305734983,1.39932105,0.307083727,1.43261991,-16.8207266,-55.001927,-66.5085064,-3.11492777,-7.25374414,-30.5543139,False,False
NGC 6624,-825.2,255.965163,-25.2192553,8.2747329,-2.10899642,9.78334267,0.0304712326,-0.300096484,1.40600531,0.301639512,1.43799768,-16.8482473,-55.2625508,-64.2085985,-3.1653974,-7.22143222,-30.4483705,False,False
NGC 6624,-825.3,255.9535,-25.1622961,8.27731024,-2.06878609,9.82560079,0.0321956488,-0.29443168,1.41245459,0.296186722,1.44317516,-16.8738483,-55.5163317,-61.9131677,-3.21553315,-7.18914654,-30.3373454,False,False
NGC 6624,-825.4,255.943396,-25.1061774,8.27985803,-2.02841004,9.86622629,0.0339225852,-0.288741268,1.41866933,0.290727126,1.44815224,-16.8975313,-55.7633642,-59.6220362,-3.26534351,-7.15688797,-30.2213834,False,False
NGC 6624,-825.5,255.934842,-25.0508999,8.28237572,-1.9878733,9.90522422,0.0356518456,-0.283025933,1.42464996,0.285262568,1.45292885,-16.9192976,-56.0037389,-57.3350267,-3.31483681,-7.12465725,-30.100627,False,False
NGC 6624,-825.6,255.927827,-24.9964646,8.28486278,-1.94718081,9.94259946,0.0373832341,-0.277286351,1.43039691,0.279794972,1.4575049,-16.9391478,-56.237543,-55.0519625,-3.36402132,-7.092455,-29.9752167,False,False
NGC 6624,-825.7,255.922342,-24.9428723,8.28731871,-1.90633747,9.97835673,0.0391165547,-0.27152319,1.43591055,0.274326352,1.46188032,-16.957082,-56.4648603,-52.7726675,-3.41290517,-7.06028169,-29.8452906,False,False
NGC 6624,-825.8,255.918379,-24.8901239,8.28974301,-1.8653481,10.0125006,0.0408516115,-0.265737109,1.44119128,0.268858821,1.46605504,-16.9730995,-56.6857715,-50.4969664,-3.46149641,-7.02813772,-29.710985,False,False
NGC 6624,-825.9,255.915929,-24.8382201,8.29213521,-1.82421745,10.0450355,0.0425882084,-0.25992876,1.44623944,0.263394601,1.47002899,-16.9871991,-56.9003539,-48.2246843,-3.50980296,-6.99602334,-29.5724341,False,False
NGC 6624,-826,255.914983,-24.7871617,8.29449483,-1.78295023,10.0759657,0.0443261491,-0.254098786,1.45105539,0.257936039,1.47380213,-16.9993791,-57.1086817,-45.9556469,-3.55783268,-6.96393871,-29.42977,False,False
NGC 6624,-826.1,255.915533,-24.7369497,8.29682143,-1.74155107,10.1052952,0.0460652372,-0.248247822,1.45563943,0.252485618,1.4773744,-17.0096369,-57.3108262,-43.6896807,-3.60559329,-6.93188387,-29.2831231,False,False
NGC 6624,-826.2,255.917571,-24.6875847,8.29911457,-1.70002456,10.1330281,0.0478052761,-0.242376498,1.45999188,0.24704597,1.48074576,-17.0179696,-57.5068554,-41.4266126,-3.65309245,-6.89985879,-29.132622,False,False
NGC 6624,-826.3,255.92109,-24.6390676,8.30137384,-1.65837523,10.159168,0.0495460684,-0.236485436,1.46411302,0.241619897,1.48391614,-17.0243734,-57.6968349,-39.1662699,-3.7003377,-6.8678633,-28.9783934,False,False
NGC 6624,-826.4,255.926082,-24.5913992,8.30359884,-1.61660755,10.1837187,0.0512874169,-0.230575252,1.46800313,0.236210385,1.48688551,-17.028844,-57.8808272,-36.9084806,-3.7473365,-6.83589718,-28.8205623,False,False
NGC 6624,-826.5,255.932539,-24.5445803,8.30578916,-1.57472596,10.2066836,0.0530291236,-0.224646553,1.47166245,0.230820627,1.48965383,-17.0313765,-58.058892,-34.6530731,-3.79409624,-6.80396008,-28.6592522,False,False
NGC 6624,-826.6,255.940456,-24.4986118,8.30794445,-1.53273484,10.2280659,0.0547709899,-0.218699945,1.47509123,0.225454047,1.49222105,-17.0319652,-58.2310864,-32.3998762,-3.84062418,-6.77205159,-28.4945848,False,False
NGC 6624,-826.7,255.949824,-24.4534945,8.31006432,-1.49063852,10.247869,0.0565128167,-0.212736023,1.47828967,0.220114321,1.49458712,-17.030604,-58.3974649,-30.148719,-3.88692753,-6.7401712,-28.3266803,False,False
NGC 6624,-826.8,255.960639,-24.4092292,8.31214844,-1.44844129,10.2660957,0.0582544043,-0.206755382,1.48125798,0.214805408,1.49675201,-17.0272858,-58.5580794,-27.8994313,-3.93301341,-6.70831833,-28.1556575,False,False
NGC 6624,-826.9,255.972893,-24.3658169,8.31419647,-1.40614739,10.2827489,0.0599955522,-0.200758606,1.48399635,0.209531583,1.49871566,-17.0220031,-58.7129792,-25.6518427,-3.97888885,-6.6764923,-27.9816337,False,False
NGC 6624,-827,255.986581,-24.3232583,8.31620809,-1.36376104,10.2978314,0.061736059,-0.194746279,1.48650493,0.204297465,1.50047804,-17.0147477,-58.8622113,-23.4057836,-4.02456081,-6.64469238,-27.8047247,False,False
NGC 6624,-827.1,256.001697,-24.2815546,8.31818299,-1.3212864,10.3113455,0.0634757226,-0.188718978,1.48878387,0.199108061,1.50203909,-17.0055105,-59.0058201,-21.1610842,-4.07003618,-6.61291775,-27.625045,False,False
NGC 6624,-827.2,256.018236,-24.2407065,8.32012088,-1.2787276,10.3232938,0.0652143397,-0.182677276,1.49083331,0.193968804,1.50339876,-16.994282,-59.1438477,-18.9175753,-4.11532175,-6.5811675,-27.4427079,False,False
NGC 6624,-827.3,256.036192,-24.2007151,8.32202147,-1.23608874,10.3336784,0.0669517062,-0.17662174,1.49265335,0.188885601,1.50455701,-16.9810517,-59.2763339,-16.6750874,-4.16042427,-6.54944068,-27.2578253,False,False
NGC 6624,-827.4,256.055561,-24.1615813,8.3238845,-1.19337387,10.3425014,0.0686876167,-0.170552938,1.4942441,0.183864878,1.50551377,-16.9658086,-59.4033159,-14.4334516,-4.2053504,-6.51773626,-27.0705078,False,False
NGC 6624,-827.5,256.076337,-24.1233062,8.32570971,-1.15058702,10.3497646,0.0704218649,-0.164471428,1.49560563,0.178913638,1.50626899,-16.9485408,-59.5248291,-12.1924987,-4.25010673,-6.48605312,-26.8808652,False,False
NGC 6624,-827.6,256.098516,-24.0858908,8.32749685,-1.10773219,10.3554699,0.072154243,-0.15837777,1.496738,0.174039515,1.50682261,-16.9292358,-59.6409063,-9.95205959,-4.29469982,-6.45439011,-26.6890057,False,False
NGC 6624,-827.7,256.122094,-24.0493362,8.3292457,-1.06481335,10.3596188,0.073884542,-0.152272516,1.49764126,0.169250834,1.50717457,-16.9078802,-59.7515783,-7.71196521,-4.33913611,-6.42274599,-26.4950368,False,False
NGC 6624,-827.8,256.147066,-24.0136436,8.33095603,-1.02183443,10.3622128,0.0756125515,-0.14615622,1.49831543,0.164556673,1.50732479,-16.88446,-59.8568735,-5.47204635,-4.38342201,-6.39111947,-26.2990646,False,False
NGC 6624,-827.9,256.17343,-23.9788141,8.33262764,-0.978799347,10.3632531,0.0773380595,-0.140029428,1.49876052,0.159966922,1.50727321,-16.8589603,-59.9568183,-3.23213368,-4.42756389,-6.35950919,-26.1011946,False,False
NGC 6624,-828,256.20118,-23.9448488,8.33426034,-0.935711993,10.3627409,0.0790608527,-0.133892688,1.49897653,0.155492348,1.50701975,-16.8313653,-60.0514371,-0.992057698,-4.47156801,-6.32791373,-25.9015309,False,False
NGC 6624,-828.1,256.230314,-23.9117492,8.33585394,-0.89257623,10.3606771,0.0807807159,-0.127746542,1.49896343,0.151144643,1.50656433,-16.8016586,-60.1407518,1.24835134,-4.51544063,-6.29633162,-25.7001771,False,False
NGC 6624,-828.2,256.260829,-23.8795163,8.33740827,-0.8493959,10.3570625,0.0824974322,-0.121591532,1.49872117,0.146936473,1.50590687,-16.7698228,-60.2247827,3.48926345,-4.55918791,-6.26476132,-25.4972355,False,False
NGC 6624,-828.3,256.292722,-23.8481517,8.33892317,-0.806174824,10.3518977,0.084210783,-0.115428198,1.49824971,0.142881506,1.50504728,-16.7358397,-60.3035475,5.730849,-4.60281599,-6.23320125,-25.2928077,False,False
NGC 6624,-828.4,256.325989,-23.8176566,8.34039849,-0.762916807,10.3451833,0.0859205478,-0.109257077,1.49754894,0.138994422,1.50398547,-16.6996902,-60.3770623,7.97327872,-4.64633095,-6.20164975,-25.0869948,False,False
NGC 6624,-828.5,256.360628,-23.7880324,8.34183411,-0.719625632,10.3369196,0.0876265039,-0.103078705,1.4966188,0.135290885,1.50272135,-16.6613542,-60.4453409,10.2167238,-4.68973882,-6.17010512,-24.8798965,False,False
NGC 6624,-828.6,256.396637,-23.7592807,8.3432299,-0.676305069,10.3271067,0.0893284266,-0.0968936178,1.49545915,0.131787484,1.50125481,-16.6208109,-60.508395,12.4613559,-4.73304557,-6.13856561,-24.6716123,False,False
NGC 6624,-828.7,256.434014,-23.7314029,8.34458574,-0.632958871,10.3157447,0.091026089,-0.0907023485,1.49406987,0.128501614,1.49958576,-16.5780383,-60.5662344,14.7073473,-4.77625716,-6.10702939,-24.4622406,False,False
NGC 6624,-828.8,256.472756,-23.7044007,8.34590153,-0.589590779,10.3028334,0.0927192621,-0.0845054303,1.49245082,0.125451303,1.49771409,-16.5330137,-60.6188669,16.9548706,-4.81937948,-6.07549462,-24.2518795,False,False
NGC 6624,-828.9,256.512863,-23.6782757,8.34717718,-0.54620452,10.2883725,0.0944077143,-0.0783033953,1.49060183,0.122654956,1.49563968,-16.4857133,-60.6662982,19.2040995,-4.86241839,-6.04395936,-24.040626,False,False
NGC 6624,-829,256.554332,-23.6530295,8.34841262,-0.502803811,10.2723615,0.0960912116,-0.0720967753,1.4885227,0.120131037,1.49336242,-16.436112,-60.7085319,21.4552081,-4.9053797,-6.01242165,-23.8285769,False,False
NGC 6624,-829.1,256.597162,-23.6286639,8.34960778,-0.459392361,10.2547997,0.0977695173,-0.0658861016,1.48621326,0.117897654,1.49088219,-16.3841842,-60.7455696,23.7083712,-4.9482692,-5.98087948,-23.6158282,False,False
NGC 6624,-829.2,256.641353,-23.6051807,8.3507626,-0.41597387,10.2356865,0.0994423922,-0.0596719058,1.48367326,0.11597209,1.48819887,-16.3299027,-60.777411,25.9637646,-4.99109263,-5.94933076,-23.4024753,False,False
NGC 6624,-829.3,256.686903,-23.5825817,8.35187704,-0.372552029,10.2150208,0.101109594,-0.0534547194,1.48090248,0.114370263,1.48531233,-16.2732394,-60.8040536,28.2215649,-5.0338557,-5.91777337,-23.1886132,False,False
NGC 6624,-829.4,256.733811,-23.560869,8.35295106,-0.329130528,10.1928016,0.102770878,-0.0472350742,1.47790066,0.11310617,1.48222245,-16.2141652,-60.825493,30.4819495,-5.07656409,-5.88620515,-22.9743362,False,False
NGC 6624,-829.5,256.782077,-23.5400444,8.35398464,-0.28571305,10.1690275,0.104425996,-0.0410135027,1.47466754,0.112191337,1.47892908,-16.1526496,-60.8417225,32.7450969,-5.11922345,-5.85462385,-22.7597385,False,False
NGC 6624,-829.6,256.831701,-23.52011,8.35497777,-0.242303275,10.143697,0.106074696,-0.0347905382,1.4712028,0.111634326,1.47543211,-16.0886611,-60.8527335,35.0111866,-5.16183941,-5.82302722,-22.5449135,False,False
NGC 6624,-829.7,256.882683,-23.5010679,8.35593045,-0.198904884,10.1168087,0.107716724,-0.0285667149,1.46750616,0.111440342,1.47173138,-16.0221666,-60.8585154,37.2803992,-5.20441754,-5.79141293,-22.3299543,False,False
NGC 6624,-829.8,256.935023,-23.4829203,8.35684269,-0.155521558,10.0883606,0.109351823,-0.0223425682,1.46357727,0.111610983,1.46782677,-15.9531321,-60.8590552,39.5529162,-5.24696341,-5.7597786,-22.1149537,False,False
NGC 6624,-829.9,256.988721,-23.4656695,8.35771451,-0.112156978,10.0583509,0.110979729,-0.0161186349,1.45941579,0.112144151,1.46371813,-15.881522,-60.8543379,41.8289205,-5.28948257,-5.7281218,-21.9000039,False,False
NGC 6624,-830,257.043778,-23.4493178,8.35854594,-0.0688148288,10.0267775,0.112600179,-0.00989545361,1.45502135,0.113034155,1.45940531,-15.8072995,-60.8443465,44.1085961,-5.33198054,-5.69644007,-21.685197,False,False
NGC 6624,-830.1,257.100194,-23.4338676,8.35933703,-0.0254988006,9.99363803,0.114212902,-0.00367356462,1.45039358,0.114271965,1.45488818,-15.7304264,-60.8290616,46.3921284,-5.3744628,-5.66473088,-21.4706245,False,False
NGC 6624,-830.2,257.157971,-23.4193212,8.36008782,0.0177874113,9.95893008,0.115817626,0.00254648961,1.44553206,0.115845618,1.45016659,-15.6508628,-60.8084617,48.679704,-5.41693483,-5.63299165,-21.256378,False,False
NGC 6624,-830.3,257.217109,-23.4056814,8.36079838,0.0610401037,9.92265105,0.117414074,0.00876416428,1.44043637,0.117740713,1.4452404,-15.5685675,-60.782523,50.9715108,-5.45940208,-5.60121977,-21.0425484,False,False
NGC 6624,-830.4,257.277611,-23.3929507,8.3614688,0.104255564,9.88479815,0.119001964,0.0149789121,1.43510607,0.119940966,1.44010946,-15.4834977,-60.7512195,53.2677382,-5.50187,-5.56941255,-20.8292266,False,False
NGC 6624,-830.5,257.339477,-23.3811318,8.36209914,0.147430071,9.84536841,0.12058101,0.0211901829,1.4295407,0.122428771,1.43477364,-15.395609,-60.7145227,55.5685771,-5.54434399,-5.53756727,-20.6165031,False,False
NGC 6624,-830.6,257.402709,-23.3702274,8.36268951,0.190559889,9.80435872,0.122150922,0.0273974235,1.42373977,0.125185728,1.4292328,-15.3048552,-60.672402,57.8742198,-5.58682946,-5.50568116,-20.4044683,False,False
NGC 6624,-830.7,257.467309,-23.3602404,8.36324002,0.23364127,9.76176576,0.123711403,0.0336000776,1.41770279,0.128193122,1.4234868,-15.2111885,-60.6248242,60.18486,-5.6293318,-5.4737514,-20.1932123,False,False
NGC 6624,-830.8,257.53328,-23.3511739,8.36375079,0.27667045,9.71758607,0.125262154,0.0397975853,1.41142924,0.131432321,1.41753552,-15.1145592,-60.5717538,62.5006932,-5.67185637,-5.4417751,-19.982825,False,False
NGC 6624,-830.9,257.600624,-23.3430306,8.36422194,0.31964365,9.67181599,0.126802869,0.0459893828,1.40491856,0.134885103,1.41137882,-15.0149159,-60.5131525,64.8219163,-5.71440853,-5.40974934,-19.7733962,False,False
NGC 6624,-831,257.669343,-23.3358139,8.36465361,0.362557072,9.6244517,0.128333237,0.0521749026,1.39817021,0.138533896,1.40501658,-14.912205,-60.4489799,67.1487278,-5.75699362,-5.37767113,-19.5650154,False,False
NGC 6624,-831.1,257.739441,-23.3295269,8.36504595,0.405406896,9.57548919,0.129852942,0.0583535727,1.3911836,0.142361954,1.39844869,-14.8063711,-60.3791927,69.481328,-5.79961698,-5.34553746,-19.3577721,False,False
NGC 6624,-831.2,257.810919,-23.3241728,8.36539913,0.448189284,9.52492428,0.13136166,0.0645248165,1.38395813,0.146353468,1.39167505,-14.6973567,-60.3037449,71.8199187,-5.84228392,-5.31334524,-19.1517554,False,False
NGC 6624,-831.3,257.883782,-23.319755,8.36571331,0.49090037,9.47275261,0.132859064,0.0706880527,1.37649317,0.150493627,1.38469556,-14.5851021,-60.2225879,74.1647034,-5.88499975,-5.28109133,-18.9470546,False,False
NGC 6624,-831.4,257.958033,-23.316277,8.36598868,0.533536265,9.41896965,0.13434482,0.0768426948,1.36878808,0.154768635,1.37751013,-14.4695454,-60.1356701,76.5158872,-5.92776974,-5.24877255,-18.7437585,False,False
NGC 6624,-831.5,258.033676,-23.3137423,8.36622544,0.576093051,9.36357066,0.135818586,0.0829881508,1.3608422,0.159165704,1.37011869,-14.3506223,-60.0429374,78.8736769,-5.97059919,-5.21638566,-18.541956,False,False
NGC 6624,-831.6,258.110714,-23.3121546,8.36642377,0.618566783,9.30655075,0.137280014,0.0891238231,1.35265484,0.163673022,1.36252118,-14.2282661,-59.9443323,81.238281,-6.01349335,-5.18392737,-18.3417359,False,False
NGC 6624,-831.7,258.189151,-23.3115176,8.36658391,0.660953484,9.24790483,0.13872875,0.0952491081,1.34422529,0.168279704,1.35471756,-14.1024075,-59.8397945,83.6099096,-6.05645748,-5.15139433,-18.1431866,False,False
NGC 6624,-831.8,258.268991,-23.3118352,8.36670607,0.703249142,9.18762764,0.140164433,0.101363396,1.33555282,0.172975739,1.34670781,-13.9729749,-59.7292606,85.9887744,-6.09949681,-5.11878316,-17.9463967,False,False
NGC 6624,-831.9,258.35024,-23.3131113,8.3667905,0.745449711,9.12571371,0.141586692,0.10746607,1.32663668,0.177751927,1.33849192,-13.8398937,-59.6126638,88.3750886,-6.14261656,-5.0860904,-17.7514544,False,False
NGC 6624,-832,258.432902,-23.3153499,8.36683743,0.78755111,9.0621574,0.142995152,0.113556506,1.3174761,0.182599818,1.33006991,-13.7030864,-59.489934,90.769067,-6.18582193,-5.05331255,-17.5584478,False,False
NGC 6624,-832.1,258.516981,-23.3185552,8.36684713,0.829549215,8.99695289,0.144389425,0.119634074,1.30807028,0.187511647,1.32144182,-13.5624727,-59.360998,93.1709257,-6.2291181,-5.02044607,-17.367465,False,False
NGC 6624,-832.2,258.602483,-23.3227315,8.36681987,0.871439862,8.93009417,0.14576912,0.125698135,1.29841842,0.192480278,1.31260773,-13.4179692,-59.2257786,95.5808822,-6.27251023,-4.98748735,-17.1785938,False,False
NGC 6624,-832.3,258.689413,-23.3278829,8.36675592,0.913218842,8.86157502,0.147133834,0.131748042,1.28851965,0.197499143,1.30356772,-13.2694894,-59.0841952,97.9991553,-6.31600345,-4.95443273,-16.9919219,False,False
NGC 6624,-832.4,258.777776,-23.3340141,8.36665557,0.954881899,8.79138906,0.148483155,0.13778314,1.27837314,0.20256219,1.29432195,-13.1169432,-58.9361635,100.425965,-6.35960287,-4.9212785,-16.8075366,False,False
NGC 6624,-832.5,258.867579,-23.3411296,8.36651914,0.99642473,8.7195297,0.149816663,0.143802765,1.26797798,0.207663834,1.28487059,-12.9602372,-58.7815951,102.861532,-6.40331356,-4.88802093,-16.6255252,False,False
NGC 6624,-832.6,258.958827,-23.349234,8.36634692,1.03784298,8.64599018,0.151133928,0.149806245,1.25733328,0.212798908,1.27521385,-12.7992745,-58.6203978,105.306078,-6.44714057,-4.85465619,-16.4459746,False,False
NGC 6624,-832.7,259.051527,-23.3583322,8.36613925,1.07913223,8.57076353,0.152434509,0.155792895,1.24643811,0.217962625,1.26535199,-12.633954,-58.4524748,107.759825,-6.49108889,-4.82118044,-16.2689716,False,False
NGC 6624,-832.8,259.145684,-23.368429,8.36589645,1.12028802,8.4938426,0.153717956,0.161762023,1.23529151,0.223150537,1.25528533,-12.4641711,-58.2777255,110.222996,-6.53516348,-4.78758979,-16.0946025,False,False
NGC 6624,-832.9,259.241306,-23.3795294,8.36561888,1.16130583,8.41522006,0.154983805,0.167712927,1.2238925,0.228358503,1.24501424,-12.2898168,-58.0960446,112.695813,-6.57936922,-4.75388029,-15.9229534,False,False
NGC 6624,-833,259.338399,-23.3916385,8.36530688,1.20218105,8.33488836,0.156231585,0.17364489,1.21224009,0.233582653,1.23453914,-12.1107779,-57.9073219,115.178499,-6.62371097,-4.72004797,-15.7541098,False,False
NGC 6624,-833.1,259.43697,-23.4047616,8.36496084,1.24290904,8.25283978,0.15746081,0.179557187,1.20033327,0.238819367,1.22386055,-11.9269368,-57.7114427,117.671276,-6.66819348,-4.68608881,-15.588157,False,False
NGC 6624,-833.2,259.537027,-23.4189041,8.36458111,1.28348506,8.16906642,0.158670982,0.18544908,1.18817097,0.244065241,1.21297902,-11.738171,-57.5082872,120.174365,-6.71282145,-4.65199875,-15.4251796,False,False
NGC 6624,-833.3,259.638577,-23.4340713,8.3641681,1.32390433,8.08356018,0.159861592,0.19131982,1.17575215,0.249317071,1.20189522,-11.5443533,-57.2977303,122.687984,-6.75759947,-4.61777372,-15.2652618,False,False
NGC 6624,-833.4,259.741627,-23.4502689,8.3637222,1.36416196,7.99631276,0.161032116,0.197168641,1.16307571,0.254571827,1.19060989,-11.3453513,-57.0796415,125.212352,-6.80253205,-4.5834096,-15.1084871,False,False
NGC 6624,-833.5,259.846186,-23.4675026,8.36324383,1.404253,7.90731571,0.162182016,0.202994767,1.15014054,0.259826638,1.17912389,-11.1410273,-56.8538849,127.747682,-6.84762356,-4.54890227,-14.9549382,False,False
NGC 6624,-833.6,259.952262,-23.4857783,8.3627334,1.44417242,7.81656037,0.163310742,0.208797406,1.13694551,0.265078772,1.16743815,-10.931238,-56.6203184,130.294187,-6.89287824,-4.51424758,-14.8046974,False,False
NGC 6624,-833.7,260.059862,-23.5051017,8.36219135,1.48391508,7.72403792,0.164417727,0.214575753,1.12348946,0.270325624,1.15555377,-10.7158344,-56.3787942,132.852073,-6.9383002,-4.47944139,-14.6578457,False,False
NGC 6624,-833.8,260.168995,-23.5254791,8.36161812,1.52347578,7.62973933,0.165502388,0.220328986,1.10977122,0.275564697,1.14347194,-10.4946612,-56.1291579,135.421542,-6.98389336,-4.44447954,-14.5144634,False,False
NGC 6624,-833.9,260.279671,-23.5469166,8.36101417,1.5628492,7.53365545,0.166564128,0.226056266,1.09578961,0.280793597,1.13119402,-10.267557,-55.8712485,138.002791,-7.02966144,-4.40935791,-14.3746297,False,False
NGC 6624,-834,260.391898,-23.5694205,8.36037995,1.60202992,7.43577691,0.167602331,0.231756739,1.08154339,0.286010013,1.11872152,-10.0343536,-55.6048985,140.596008,-7.07560796,-4.37407238,-14.2384226,False,False
NGC 6624,-834.1,260.505684,-23.5929972,8.35971596,1.64101245,7.33609421,0.168616365,0.237429533,1.06703134,0.291211713,1.10605612,-9.79487617,-55.3299328,143.201373,-7.12173617,-4.33861889,-14.1059189,False,False
NGC 6624,-834.2,260.62104,-23.6176533,8.35902267,1.67979114,7.2345977,0.169605579,0.243073758,1.05225221,0.296396532,1.09319972,-9.54894236,-55.0461693,145.819057,-7.16804904,-4.3029934,-13.977194,False,False
NGC 6624,-834.3,260.737975,-23.6433954,8.35830057,1.71836026,7.13127756,0.170569303,0.248688504,1.03720473,0.301562364,1.08015439,-9.29636252,-54.753418,148.449217,-7.21454923,-4.26719198,-13.8523216,False,False
NGC 6624,-834.4,260.856497,-23.6702303,8.35755019,1.75671395,7.02612385,0.171506846,0.254272842,1.02188762,0.306707151,1.06692248,-9.03693914,-54.451481,151.091999,-7.26123902,-4.23121076,-13.7313738,False,False
NGC 6624,-834.5,260.976618,-23.6981648,8.35677203,1.79484622,6.9191265,0.1724175,0.259825823,1.00629957,0.311828883,1.05350656,-8.77046658,-54.1401518,153.747531,-7.30812029,-4.195046,-13.6144209,False,False
NGC 6624,-834.6,261.098347,-23.7272059,8.35596662,1.83275097,6.81027531,0.173300531,0.265346473,0.990439286,0.316925583,1.03990952,-8.49673074,-53.8192157,156.415923,-7.35519444,-4.1586941,-13.5015312,False,False
NGC 6624,-834.7,261.221693,-23.7573607,8.3551345,1.87042195,6.69956,0.174155187,0.270833801,0.974305438,0.321995305,1.02613452,-8.21550875,-53.4884485,159.097265,-7.40246235,-4.12215163,-13.3927708,False,False
NGC 6624,-834.8,261.346668,-23.7886365,8.35427622,1.90785275,6.58697019,0.174980688,0.276286788,0.957896701,0.32703613,1.01218512,-7.92656862,-53.1476172,161.79162,-7.44992431,-4.08541537,-13.2882033,False,False
NGC 6624,-834.9,261.473281,-23.8210404,8.35339234,1.94503685,6.47249544,0.175776235,0.281704392,0.941211741,0.332046156,0.998065224,-7.62966893,-52.7964788,164.499026,-7.4975799,-4.04848235,-13.1878899,False,False
NGC 6624,-835,261.601542,-23.8545798,8.35248342,1.98196754,6.35612526,0.176541,0.287085548,0.924249224,0.337023495,0.983779175,-7.3245585,-52.4347804,167.219487,-7.54542797,-4.0113499,-13.0918891,False,False
NGC 6624,-835.1,261.731463,-23.8892621,8.35155004,2.01863798,6.23784915,0.177274129,0.292429161,0.907007817,0.341966272,0.969331785,-7.01097609,-52.0622588,169.95297,-7.59346648,-3.97401569,-13.0002561,False,False
NGC 6624,-835.2,261.863053,-23.9250949,8.35059279,2.05504112,6.1176566,0.177974744,0.297734111,0.889486189,0.346872614,0.954728386,-6.68865013,-51.6786402,172.6994,-7.6416924,-3.93647783,-12.9130433,False,False
NGC 6624,-835.3,261.996323,-23.9620857,8.34961226,2.09116979,5.99553715,0.178641934,0.302999248,0.871683024,0.35174065,0.939974882,-6.35729843,-51.2836398,175.458654,-7.69010161,-3.8987349,-12.8302994,False,False
NGC 6624,-835.4,262.131283,-24.0002419,8.34860905,2.12701658,5.87148041,0.179274763,0.308223393,0.853597018,0.356568508,0.925077818,-6.01662796,-50.8769616,178.230554,-7.73868868,-3.86078605,-12.7520697,False,False
NGC 6624,-835.5,262.267944,-24.0395713,8.34758378,2.16257393,5.74547611,0.179872262,0.313405337,0.835226889,0.361354308,0.910044445,-5.6663347,-50.4582983,181.014856,-7.78744679,-3.82263109,-12.6783957,False,False
NGC 6624,-835.6,262.406316,-24.0800815,8.34653706,2.19783407,5.61751415,0.18043343,0.318543837,0.816571386,0.36609616,0.894882801,-5.30610352,-50.0273308,183.811248,-7.83636747,-3.78427063,-12.6093146,False,False
NGC 6624,-835.7,262.546408,-24.1217799,8.34546953,2.23278901,5.48758462,0.180957235,0.323637618,0.797629291,0.370792164,0.879601793,-4.9356081,-49.5837283,186.619331,-7.88544039,-3.74570616,-12.5448597,False,False
NGC 6624,-835.8,262.688231,-24.164674,8.34438181,2.26743057,5.35567792,0.18144261,0.328685371,0.778399432,0.3754404,0.864211299,-4.55451106,-49.1271482,189.438615,-7.93465314,-3.70694025,-12.4850596,False,False
NGC 6624,-835.9,262.831794,-24.2087714,8.34327456,2.30175032,5.22178479,0.181888453,0.33368575,0.758880694,0.380038931,0.848722273,-4.16246411,-48.6572363,192.2685,-7.98399091,-3.66797667,-12.4299386,False,False
NGC 6624,-836,262.977106,-24.2540793,8.34214842,2.33573964,5.08589639,0.182293625,0.338637373,0.739072029,0.384585798,0.833146866,-3.75910842,-48.1736266,195.108262,-8.03343616,-3.62882063,-12.3795164,False,False
NGC 6624,-836.1,263.124177,-24.3006049,8.34100404,2.36938963,4.94800442,0.182656952,0.343538821,0.718972469,0.38907902,0.817498559,-3.34407515,-47.6759422,197.957036,-8.08296828,-3.58947896,-12.3338076,False,False
NGC 6624,-836.2,263.273013,-24.3483549,8.33984209,2.40269118,4.8081012,0.18297722,0.348388633,0.698581143,0.393516585,0.801792314,-2.91698623,-47.1637956,200.813798,-8.13256311,-3.54996043,-12.2928226,False,False
NGC 6624,-836.3,263.423623,-24.3973362,8.33866324,2.4356349,4.66617981,0.183253175,0.353185312,0.677897294,0.397896457,0.786044739,-2.4774554,-46.6367893,203.677334,-8.18219248,-3.51027602,-12.256567,False,False
NGC 6624,-836.4,263.576013,-24.447555,8.33746815,2.46821116,4.52223421,0.183483527,0.357927315,0.656920302,0.402216568,0.77027427,-2.02508965,-46.0945177,206.546221,-8.23182364,-3.47043927,-12.2250417,False,False
NGC 6624,-836.5,263.730189,-24.4990172,8.33625751,2.50041007,4.37625941,0.183666941,0.362613062,0.635649702,0.406474818,0.754501373,-1.559491,-45.5365677,209.418793,-8.2814186,-3.43046672,-12.1982438,False,False
NGC 6624,-836.6,263.886156,-24.5517281,8.335032,2.53222145,4.22825167,0.183802044,0.367240927,0.614085213,0.410669076,0.738748766,-1.08025884,-44.9625214,212.293105,-8.33093338,-3.39037834,-12.1761666,False,False
NGC 6624,-836.7,264.043916,-24.6056926,8.3337923,2.56363488,4.07820865,0.183887421,0.371809243,0.592226771,0.414797175,0.723041662,-0.586992857,-44.3719584,215.166894,-8.38031719,-3.35019813,-12.1588003,False,False
NGC 6624,-836.8,264.203471,-24.6609146,8.33253911,2.59463963,3.92612974,0.183921617,0.376316298,0.57007456,0.418856918,0.707408031,-0.0792965948,-43.7644594,218.037529,-8.4295114,-3.30995471,-12.1461326,False,False
NGC 6624,-836.9,264.364822,-24.7173972,8.33127312,2.62522474,3.77201625,0.183903136,0.38076034,0.547629056,0.422846071,0.691878878,0.443218061,-43.1396099,220.901961,-8.47844844,-3.26968208,-12.13815,False,False
NGC 6624,-837,264.527966,-24.7751427,8.32999503,2.65537895,3.61587178,0.183830442,0.385139573,0.524891067,0.426762372,0.676488547,0.98092552,-42.4970054,223.756661,-8.52705053,-3.22942047,-12.1348387,False,False
NGC 6624,-837.1,264.692898,-24.8341519,8.32870555,2.68509077,3.45770254,0.183701965,0.389452162,0.501861794,0.430603528,0.661275025,1.53417997,-41.836258,226.597546,-8.57522816,-3.1892173,-12.1361863,False,False
NGC 6624,-837.2,264.85961,-24.8944242,8.32740539,2.71434844,3.29751783,0.183516096,0.393696232,0.478542884,0.434367219,0.646280259,2.1033076,-41.1570034,229.419902,-8.62287843,-3.14912833,-12.1421829,False,False
NGC 6624,-837.3,265.028093,-24.9559574,8.32609526,2.74313998,3.13533044,0.183271198,0.397869874,0.454936505,0.438051103,0.631550467,2.68859742,-40.4589106,232.218289,-8.66988312,-3.10921892,-12.1528233,False,False
NGC 6624,-837.4,265.198331,-25.0187472,8.32477588,2.77145322,2.97115726,0.182965605,0.401971144,0.43104542,0.44165282,0.617136426,3.29029044,-39.7416927,234.986441,-8.71610652,-3.06956554,-12.1681085,False,False
NGC 6624,-837.5,265.370305,-25.0827871,8.32344798,2.7992758,2.80501986,0.182597629,0.405998076,0.406873082,0.445170003,0.603093721,3.90856722,-39.0051196,237.717143,-8.76139295,-3.03025741,-12.1880477,False,False
NGC 6624,-837.6,265.543991,-25.1480678,8.3221123,2.82659524,2.63694524,0.182165568,0.409948681,0.382423735,0.448600285,0.589482933,4.54353351,-38.249033,240.402105,-8.80556401,-2.99139834,-12.2126592,False,False
NGC 6624,-837.7,265.719358,-25.2145769,8.32076957,2.85339898,2.46696661,0.181667714,0.413820959,0.357702532,0.451941306,0.576369713,5.19520413,-37.4733641,243.031809,-8.84841553,-2.95310887,-12.2419711,False,False
NGC 6624,-837.8,265.896372,-25.2822983,8.31942056,2.87967444,2.29512433,0.181102362,0.417612908,0.33271567,0.455190736,0.563824727,5.8634851,-36.6781528,245.595363,-8.88971433,-2.91552841,-12.2760206,False,False
NGC 6624,-837.9,266.074985,-25.3512118,8.31806602,2.90540912,2.12146695,0.180467823,0.421322537,0.307470536,0.458346283,0.551923406,6.54815427,-35.8635696,248.080328,-8.92919469,-2.87881765,-12.3148514,False,False
NGC 6624,-838,266.255147,-25.4212923,8.31670674,2.93059067,1.94605235,0.17976244,0.42494788,0.281975878,0.461405717,0.54074544,7.24884068,-35.0299393,250.472551,-8.96655485,-2.84316092,-12.3585083,False,False
NGC 6624,-838.1,266.436792,-25.4925091,8.31534348,2.95520699,1.76894898,0.1789846,0.428487014,0.256241979,0.464366889,0.530373981,7.96500384,-34.1777655,252.75602,-9.00145386,-2.80876835,-12.4070276,False,False
NGC 6624,-838.2,266.619848,-25.5648254,8.31397705,2.97924639,1.5902373,0.178132756,0.431938075,0.230280864,0.46722776,0.520894476,8.69591346,-33.3077558,254.912754,-9.03350927,-2.77587736,-12.4604218,False,False
NGC 6624,-838.3,266.804226,-25.638197,8.31260824,3.00269772,1.41001114,0.177205446,0.435299287,0.204106502,0.469986424,0.512393114,9.44063102,-32.4208449,256.922757,-9.0622962,-2.74475341,-12.5186592,False,False
NGC 6624,-838.4,266.989825,-25.7125723,8.31123784,3.02555049,1.22837914,0.176201315,0.438568978,0.177735005,0.472641144,0.504954833,10.1979952,-31.5182157,258.764122,-9.08734959,-2.7156886,-12.5816356,False,False
NGC 6624,-838.5,267.176529,-25.7878909,8.30986663,3.04779509,1.045466,0.175119139,0.441745612,0.151184809,0.475190382,0.498660952,10.9666126,-30.6013139,260.413335,-9.10817061,-2.6889977,-12.6491396,False,False
NGC 6624,-838.6,267.364205,-25.8640832,8.30849537,3.06942295,0.86141345,0.173957849,0.444827816,0.124476814,0.477632829,0.493586463,11.7448565,-29.671854,261.845867,-9.12423951,-2.66501014,-12.7208146,False,False
NGC 6624,-838.7,267.552703,-25.9410705,8.30712478,3.09042669,0.676380683,0.172716552,0.447814404,0.0976344434,0.479967445,0.489797134,12.5308747,-28.7318149,263.037159,-9.13503678,-2.64405698,-12.7961213,False,False
NGC 6624,-838.8,267.741859,-26.0187648,8.3057555,3.11080033,0.490543911,0.171394558,0.450704407,0.0706835724,0.482193485,0.487346616,13.32261,-27.7834202,263.964012,-9.14007323,-2.62645243,-12.8743108,False,False
NGC 6624,-838.9,267.931491,-26.0970698,8.30438808,3.1305394,0.304094836,0.169991394,0.453497091,0.0436523075,0.484310526,0.486273801,14.1178318,-26.829103,264.606332,-9.13892773,-2.61247082,-12.9544179,False,False
NGC 6624,-839,268.121407,-26.1758822,8.30302299,3.14964109,0.117237825,0.168506824,0.456191983,0.016570572,0.486318491,0.486600718,14.9141802,-25.8714534,264.949003,-9.13128786,-2.60232195,-13.0352834,False,False
NGC 6624,-839.1,268.311405,-26.2550939,8.30166055,3.16810433,-0.0698142111,0.166940856,0.458788879,-0.0105304929,0.488217661,0.488331215,15.7092205,-24.9131522,264.983541,-9.11698581,-2.59612945,-13.1156112,False,False
NGC 6624,-839.2,268.501281,-26.3345945,8.30030093,3.1859298,-0.256844886,0.16529375,0.461287849,-0.0376192646,0.490008677,0.491450621,16.5005034,-23.9568946,264.709117,-9.09602041,-2.59391751,-13.1940514,False,False
NGC 6624,-839.3,268.690832,-26.4142741,8.29894419,3.20311994,-0.443639821,0.163566013,0.46368924,-0.0646644351,0.491692538,0.495926447,17.2856274,-23.0053107,264.132656,-9.06855931,-2.59560945,-13.269295,False,False
NGC 6624,-839.4,268.879861,-26.4940262,8.29759024,3.21967884,-0.629991885,0.161758394,0.465993656,-0.0916357696,0.49327058,0.501710055,18.0622975,-22.0608918,263.267995,-9.03492023,-2.60103867,-13.3401598,False,False
NGC 6624,-839.5,269.068183,-26.5737498,8.29623887,3.23561218,-0.815705541,0.159871868,0.468201951,-0.118504737,0.49474446,0.508739082,18.8283756,-21.1259279,262.134327,-8.9955369,-2.60996864,-13.4056498,False,False
NGC 6624,-839.6,269.255626,-26.6533508,8.29488978,3.25092702,-1.00059999,0.15790762,0.470315197,-0.145244964,0.496116116,0.516940326,19.5819204,-20.2024626,260.754344,-8.95091802,-2.62211676,-13.4649828,False,False
NGC 6624,-839.7,269.442035,-26.7327435,8.2935426,3.26563167,-1.18451101,0.155867021,0.472334664,-0.171832499,0.497387739,0.52623281,20.3212138,-19.2922649,259.152437,-8.90160786,-2.63717737,-13.5175861,False,False
NGC 6624,-839.8,269.627268,-26.8118504,8.29219688,3.27973546,-1.3672916,0.153751606,0.474261787,-0.198245908,0.49856173,0.536530744,21.0447758,-18.3968189,257.35322,-8.84815376,-2.6548405,-13.5630729,False,False
NGC 6624,-839.9,269.811204,-26.8906025,8.29085218,3.2932486,-1.54881176,0.15156305,0.476098138,-0.224466239,0.499640666,0.547746189,21.7513678,-17.5173269,255.38047,-8.79108284,-2.67480548,-13.6012064,False,False
NGC 6624,-840,269.993733,-26.968939,8.28950797,3.30618195,-1.72895764,0.149303141,0.4778454,-0.250476896,0.500627261,0.559791327,22.4399869,-16.6547238,253.256451,-8.73088732,-2.69678945,-13.6318626,False,False
NGC 6624,-840.1,270.174762,-27.0468061,8.28816377,3.31854687,-1.90763036,0.14697376,0.479505336,-0.276263471,0.501524329,0.572580263,23.1098534,-15.8096983,251.001564,-8.66801681,-2.72053197,-13.6549967,False,False
NGC 6624,-840.2,270.35421,-27.1241574,8.28681904,3.33035508,-2.08474461,0.144576854,0.481079769,-0.301813535,0.50233476,0.586030393,23.7603935,-14.9827186,248.634211,-8.60287563,-2.74579672,-13.6706153,True,True
NGC 6624,-840.3,270.532006,-27.2009524,8.28547326,3.34161851,-2.26022729,0.142114423,0.482570562,-0.327116445,0.503061484,0.600063351,24.3912192,-14.1740597,246.170816,-8.53582332,-2.77237147,-13.6787545,True,True
NGC 6624,-840.4,270.708091,-27.277156,8.28412591,3.35234916,-2.4340161,0.139588495,0.483979594,-0.352163136,0.503707451,0.614605622,25.002107,-13.3838308,243.625918,-8.46717703,-2.80006698,-13.6794658,True,True
NGC 6624,-840.5,270.882416,-27.3527383,8.28277646,3.36255906,-2.60605834,0.137001114,0.485308751,-0.376945943,0.504275608,0.62958886,25.5929758,-12.6120016,241.012321,-8.39721491,-2.82871525,-13.6728053,True,True
NGC 6624,-840.6,271.054936,-27.4276735,8.28142438,3.37226012,-2.77630965,0.134354327,0.486559906,-0.401458426,0.504768885,0.644949994,26.1638667,-11.8584262,238.341256,-8.32617984,-2.8581677,-13.6588279,True,True
NGC 6624,-840.7,271.225618,-27.5019398,8.28006913,3.38146412,-2.94473305,0.131650169,0.487734916,-0.42569522,0.505190178,0.660631165,26.7149231,-11.122865,235.622544,-8.25428326,-2.88829318,-13.6375839,True,True
NGC 6624,-840.8,271.39443,-27.5755189,8.27871019,3.39018262,-3.11129798,0.12889066,0.488835608,-0.449651903,0.505542336,0.67657955,27.2463729,-10.4050038,232.864756,-8.18170878,-2.9189761,-13.6091177,True,True
NGC 6624,-840.9,271.561349,-27.6483952,8.27734702,3.39842693,-3.27597945,0.126077788,0.489863772,-0.473324868,0.505828156,0.692747107,27.7585127,-9.70447035,230.07536,-8.10861553,-2.95011475,-13.5734678,True,True
NGC 6624,-841,271.726355,-27.7205561,8.27597909,3.40620808,-3.43875736,0.123213512,0.49082116,-0.496711222,0.506050374,0.709090276,28.2516937,-9.02084878,227.260851,-8.03514117,-2.98161966,-13.5306674,True,True
NGC 6624,-841.1,271.889431,-27.791991,8.27460586,3.41353681,-3.59961583,0.120299751,0.49170948,-0.519808692,0.506211658,0.725569651,28.7263092,-8.35369121,224.426876,-7.96140464,-3.01341221,-13.4807458,True,True
NGC 6624,-841.2,272.050565,-27.8626916,8.27322678,3.42042352,-3.75854263,0.117338382,0.49253039,-0.542615545,0.506314606,0.742149655,29.1827846,-7.70252794,221.578334,-7.88750853,-3.04542335,-13.4237296,True,True
NGC 6624,-841.3,272.209748,-27.9326512,8.27184131,3.42687829,-3.91552876,0.114331236,0.493285502,-0.565130513,0.506361746,0.758798204,29.6215679,-7.06687562,218.719475,-7.81354121,-3.07759247,-13.359644,True,True
NGC 6624,-841.4,272.366972,-28.0018648,8.2704489,3.43291086,-4.07056793,0.111280101,0.493976378,-0.587352733,0.50635553,0.7754864,30.0431226,-6.44624397,215.85398,-7.73957868,-3.10986641,-13.2885141,True,True
NGC 6624,-841.5,272.522232,-28.0703288,8.26904901,3.43853066,-4.22365627,0.108186714,0.494604528,-0.609281694,0.506298335,0.792188227,30.4479211,-5.84014117,212.985031,-7.66568618,-3.14219858,-13.2103663,True,True
NGC 6624,-841.6,272.675526,-28.1380407,8.26764108,3.44374674,-4.37479195,0.105052764,0.495171413,-0.630917186,0.506192465,0.80888028,30.8364399,-5.2480782,210.115377,-7.59191958,-3.17454817,-13.1252287,True,True
NGC 6624,-841.7,272.826851,-28.2049991,8.26622455,3.44856786,-4.52397493,0.101879893,0.495678445,-0.652259262,0.50604015,0.825541506,31.2091552,-4.66957224,207.24739,-7.51832663,-3.20687947,-13.0331326,True,True
NGC 6624,-841.8,272.976207,-28.2712038,8.26479887,3.45300244,-4.6712067,0.0986696906,0.496126985,-0.673308198,0.505843546,0.842152969,31.5665395,-4.10414926,204.383109,-7.44494803,-3.23916132,-12.9341125,True,True
NGC 6624,-841.9,273.123596,-28.3366549,8.2633635,3.45705859,-4.81649005,0.0954237025,0.496518348,-0.694064466,0.505604739,0.858697639,31.9090587,-3.55134606,201.524285,-7.3718183,-3.27136652,-12.8282068,True,True
NGC 6624,-842,273.26902,-28.4013538,8.26191786,3.4607441,-4.95982891,0.0921434252,0.496853801,-0.714528703,0.505325746,0.875160201,32.2371705,-3.0107117,198.672416,-7.29896664,-3.30347138,-12.7154584,True,True
NGC 6624,-842.1,273.412482,-28.4653021,8.2604614,3.46406649,-5.10122816,0.0888303091,0.497134566,-0.734701686,0.505008515,0.891526875,32.5513221,-2.48180857,195.828779,-7.22641761,-3.33545534,-12.5959143,True,True
NGC 6624,-842.2,273.553984,-28.5285021,8.25899358,3.46703295,-5.2406935,0.0854857596,0.497361821,-0.754584316,0.504654928,0.907785264,32.8519496,-1.96421308,192.99446,-7.15419169,-3.36730062,-12.4696265,True,True
NGC 6624,-842.3,273.693532,-28.5909566,8.25751383,3.46965044,-5.37823132,0.082111138,0.497536702,-0.774177592,0.504266803,0.923924214,33.1394764,-1.45751609,190.170374,-7.08230588,-3.39899184,-12.3366512,True,True
NGC 6624,-842.4,273.831131,-28.6526688,8.25602162,3.47192561,-5.5138486,0.0787077631,0.497660303,-0.793482602,0.503845898,0.939933683,33.4143131,-0.961323087,187.357289,-7.01077409,-3.43051582,-12.1970495,True,True
NGC 6624,-842.5,273.966785,-28.7136422,8.25451638,3.47386488,-5.64755278,0.0752769122,0.497733679,-0.812500505,0.50339391,0.955804634,33.6768572,-0.475254221,184.555843,-6.93960757,-3.46186129,-12.0508868,True,True
NGC 6624,-842.6,274.1005,-28.7738807,8.25299758,3.47547442,-5.77935171,0.0718198228,0.497757845,-0.831232518,0.502912477,0.971528928,33.9274923,0.00105581125,181.766563,-6.86881524,-3.49301869,-11.8982329,True,True
NGC 6624,-842.7,274.232282,-28.8333883,8.25146469,3.47676014,-5.90925356,0.0683376937,0.497733783,-0.849679909,0.502403184,0.987099239,34.1665884,0.467957997,178.989874,-6.79840401,-3.52397996,-11.7391619,True,True
NGC 6624,-842.8,274.362136,-28.8921693,8.24991715,3.47772776,-6.03726677,0.0648316868,0.497662437,-0.867843983,0.501867561,1.00250897,34.3945023,0.925789307,176.226116,-6.72837901,-3.55473841,-11.5737516,True,True
NGC 6624,-842.9,274.49007,-28.9502284,8.24835445,3.47838275,-6.16339995,0.061302928,0.497544718,-0.885726077,0.501307087,1.01775217,34.6115768,1.37487307,173.475552,-6.65874385,-3.58528854,-11.4020839,True,True
NGC 6624,-843,274.616088,-29.0075701,8.24677607,3.47873038,-6.2876619,0.0577525089,0.497381505,-0.903327551,0.500723191,1.0328235,34.8181421,1.81551937,170.73838,-6.5895008,-3.61562591,-11.224244,True,True
NGC 6624,-843.1,274.740199,-29.0641992,8.24518147,3.47877573,-6.41006151,0.054181488,0.497173645,-0.920649782,0.500117253,1.04771813,35.014515,2.2480255,168.014738,-6.52065094,-3.64574705,-11.0403207,True,True
NGC 6624,-843.2,274.862408,-29.1201207,8.24357016,3.47852369,-6.53060772,0.0505908919,0.496921956,-0.937694159,0.499490609,1.06243174,35.2010001,2.6726764,165.304713,-6.45219439,-3.67564932,-10.8504059,True,True
NGC 6624,-843.3,274.982721,-29.1753395,8.24194163,3.47797895,-6.64930953,0.0469817169,0.496627228,-0.954462076,0.49884455,1.07696042,35.3778894,3.08974516,162.608348,-6.38413033,-3.70533083,-10.6545941,True,True
NGC 6624,-843.4,275.101145,-29.2298607,8.24029538,3.47714603,-6.76617594,0.0433549299,0.496290222,-0.970954932,0.498180323,1.09130065,35.5454633,3.49949347,159.925647,-6.31645723,-3.73479039,-10.452983,True,True
NGC 6624,-843.5,275.217687,-29.2836893,8.23863093,3.4760293,-6.88121593,0.0397114697,0.495911674,-0.987174122,0.497499135,1.10544929,35.7039907,3.9021721,157.25658,-6.24917287,-3.76402739,-10.2456724,True,True
NGC 6624,-843.6,275.332353,-29.3368304,8.23694779,3.47463295,-6.99443841,0.0360522484,0.495492295,-1.00312104,0.496802153,1.1194035,35.8537293,4.29802134,154.601086,-6.18227445,-3.79304175,-10.0327646,True,True
NGC 6624,-843.7,275.445149,-29.3892892,8.23524548,3.47296103,-7.10585227,0.0323781519,0.495032771,-1.01879706,0.496090505,1.13316073,35.9949262,4.68727152,151.95908,-6.11575869,-3.82183389,-9.81436399,True,True
NGC 6624,-843.8,275.556081,-29.4410707,8.23352356,3.47101743,-7.21546628,0.0286900417,0.494533766,-1.03420357,0.495365284,1.14671871,36.1278183,5.07014337,149.330452,-6.04962187,-3.85040465,-9.59057676,True,True
NGC 6624,-843.9,275.665156,-29.4921801,8.23178155,3.46880591,-7.32328915,0.0249887554,0.493995922,-1.04934193,0.494627545,1.16007538,36.2526326,5.44684855,146.715075,-5.98385992,-3.87875523,-9.361511,True,True
NGC 6624,-844,275.77238,-29.5426225,8.23001902,3.4663301,-7.42932943,0.021275108,0.493419858,-1.06421348,0.493878311,1.17322893,36.3695865,5.81758997,144.112804,-5.91846842,-3.90688721,-9.12727636,True,True
NGC 6624,-844.1,275.877758,-29.5924029,8.22823553,3.46359348,-7.53359561,0.0175498925,0.492806175,-1.07881955,0.49311857,1.18617771,36.4788883,6.18256227,141.523478,-5.85344272,-3.93480243,-8.88798393,True,True
NGC 6624,-844.2,275.981297,-29.6415264,8.22643065,3.46059943,-7.636096,0.0138138814,0.492155452,-1.09316147,0.492349279,1.19892027,36.5807378,6.54195215,138.946925,-5.78877791,-3.96250304,-8.64374614,True,True
NGC 6624,-844.3,276.083001,-29.6899978,8.22460397,3.4573512,-7.73683878,0.010067827,0.491468252,-1.10724053,0.491571362,1.21145532,36.675326,6.89593879,136.382962,-5.72446889,-3.98999139,-8.39467659,True,True
NGC 6624,-844.4,276.182878,-29.7378222,8.22275507,3.45385193,-7.835832,0.0063124623,0.490745118,-1.121058,0.490785715,1.2237817,36.7628364,7.24469417,133.831397,-5.66051041,-4.01727008,-8.14088994,True,True
NGC 6624,-844.5,276.280932,-29.7850043,8.22088356,3.45010465,-7.93308355,0.00254850227,0.489986577,-1.13461514,0.489993205,1.2358984,36.8434442,7.58838342,131.292029,-5.59689707,-4.04434189,-7.88250182,True,True
NGC 6624,-844.6,276.377168,-29.831549,8.21898906,3.44611229,-8.02860114,-0.00122335586,0.489193139,-1.1479132,0.489194669,1.24780452,36.9173178,7.92716515,128.764651,-5.53362336,-4.07120976,-7.61962872,True,True
NGC 6624,-844.7,276.471592,-29.877461,8.21707119,3.44187768,-8.12239233,-0.00500243165,0.488365298,-1.16095338,0.488390918,1.25949928,36.984618,8.26119176,126.249051,-5.47068369,-4.0978768,-7.35238789,True,True
NGC 6624,-844.8,276.564208,-29.922745,8.21512957,3.43740354,-8.21446452,-0.00878806079,0.487503532,-1.17373688,0.487582735,1.27098198,37.0454992,8.5906097,123.745012,-5.40807239,-4.12434623,-7.08089727,True,True
NGC 6624,-844.9,276.655021,-29.9674055,8.21316386,3.43269252,-8.30482493,-0.0125795944,0.486608306,-1.18626487,0.48677088,1.28225202,37.1001092,8.91555981,121.252312,-5.34578371,-4.15062141,-6.80527542,True,True
NGC 6624,-845,276.744037,-30.011447,8.21117371,3.42774717,-8.39348059,-0.0163763984,0.485680069,-1.1985385,0.485956085,1.29330888,37.1485894,9.23617754,118.77073,-5.28381188,-4.17670579,-6.52564142,True,True
NGC 6624,-845.1,276.83126,-30.0548739,8.20915879,3.42256995,-8.48043837,-0.0201778529,0.484719259,-1.2105589,0.485139058,1.30415212,37.1910755,9.55259322,116.300038,-5.22215111,-4.20260292,-6.24211484,True,True
NGC 6624,-845.2,276.916693,-30.0976906,8.20711877,3.41716326,-8.56570496,-0.0239833516,0.483726298,-1.22232716,0.484320485,1.31478135,37.2276972,9.86493227,113.840009,-5.16079557,-4.22831643,-5.9548157,True,True
NGC 6624,-845.3,277.000341,-30.1399013,8.20505335,3.41152939,-8.64928686,-0.027792301,0.482701596,-1.23384436,0.483501027,1.32519627,37.2585791,10.1733155,111.390414,-5.09973941,-4.25385003,-5.66386437,True,True
NGC 6624,-845.4,277.082209,-30.1815101,8.20296221,3.40567059,-8.7311904,-0.0316041204,0.481645554,-1.24511157,0.482681323,1.3353966,37.2838401,10.4778593,108.951024,-5.03897679,-4.27920747,-5.36938158,True,True
NGC 6624,-845.5,277.1623,-30.2225211,8.20084508,3.399589,-8.8114217,-0.0354182407,0.480558557,-1.25612981,0.481861991,1.34538213,37.3035943,10.7786757,106.521609,-4.97850188,-4.30439258,-5.07148838,True,True
NGC 6624,-845.6,277.240618,-30.2629383,8.19870168,3.39328672,-8.88998672,-0.0392341043,0.479440981,-1.26690009,0.481043625,1.35515269,37.317951,11.0758728,104.101939,-4.91830886,-4.32940923,-4.77030605,True,True
NGC 6624,-845.7,277.317166,-30.3027654,8.19653172,3.38676578,-8.96689124,-0.0430511647,0.478293191,-1.2774234,0.480226799,1.36470815,37.3270146,11.369555,101.691784,-4.8583919,-4.35426132,-4.46595616,True,True
NGC 6624,-845.8,277.391948,-30.3420064,8.19433497,3.38002813,-9.04214084,-0.0468688857,0.477115541,-1.28770069,0.479412069,1.3740484,37.3308853,11.6598226,99.2909142,-4.79874521,-4.37895279,-4.1585605,True,True
NGC 6624,-845.9,277.464967,-30.3806648,8.19211118,3.37307566,-9.11574091,-0.0506867411,0.475908375,-1.29773291,0.478599966,1.3831734,37.3296588,11.9467729,96.8991022,-4.73936302,-4.40348762,-3.84824107,True,True
NGC 6624,-846,277.536227,-30.4187443,8.18986011,3.36591022,-9.18769668,-0.0545042143,0.474672029,-1.30752097,0.477791005,1.39208309,37.3234268,12.2304994,94.51612,-4.68023959,-4.42786981,-3.53512008,True,True
NGC 6624,-846.1,277.605729,-30.4562482,8.18758155,3.35853359,-9.25801316,-0.0583207979,0.473406826,-1.31706576,0.476985679,1.40077749,37.3122771,12.5110929,92.1417412,-4.6213692,-4.45210338,-3.2193199,True,True
NGC 6624,-846.2,277.673478,-30.49318,8.18527527,3.35094748,-9.32669521,-0.0621359934,0.472113083,-1.32636815,0.476184465,1.40925659,37.2962934,12.7886406,89.7757403,-4.56274616,-4.47619235,-2.90096314,True,True
NGC 6624,-846.3,277.739475,-30.5295428,8.18294109,3.34315357,-9.39374748,-0.0659493105,0.470791107,-1.33542899,0.475387819,1.41752043,37.2755559,13.0632272,87.4178935,-4.50436482,-4.5001408,-2.58017257,True,True
NGC 6624,-846.4,277.803723,-30.56534,8.18057882,3.33515347,-9.45917446,-0.0697602669,0.469441197,-1.34424909,0.474596178,1.42556906,37.2501413,13.3349344,85.0679782,-4.44621956,-4.52395277,-2.25707113,True,True
NGC 6624,-846.5,277.866225,-30.6005744,8.17818828,3.32694875,-9.52298043,-0.0735683881,0.468063643,-1.35282926,0.473809963,1.43340256,37.2201228,13.6038415,82.7257734,-4.3883048,-4.54763235,-1.931782,True,True
NGC 6624,-846.6,277.926982,-30.6352492,8.17576932,3.31854094,-9.58516952,-0.0773732068,0.466658727,-1.36117028,0.473029577,1.441021,37.1855704,13.8700249,80.3910596,-4.33061498,-4.57118361,-1.60442854,True,True
NGC 6624,-846.7,277.985997,-30.669367,8.17332177,3.30993149,-9.64574563,-0.0811742628,0.465226724,-1.3692729,0.472255403,1.44842446,37.1465509,14.1335588,78.0636187,-4.27314461,-4.59461063,-1.27513432,True,True
NGC 6624,-846.8,278.043271,-30.7029307,8.1708455,3.30112185,-9.70471254,-0.0849711026,0.463767902,-1.37713784,0.47148781,1.45561306,37.1031278,14.394515,75.7432346,-4.21588819,-4.61791751,-0.944023133,True,True
NGC 6624,-846.9,278.098806,-30.7359429,8.16834039,3.2921134,-9.7620738,-0.0887632788,0.462282521,-1.38476583,0.470727149,1.46258691,37.055362,14.6529633,73.4296925,-4.1588403,-4.64110833,-0.611219036,True,True
NGC 6624,-847,278.152604,-30.7684061,8.16580632,3.28290747,-9.81783279,-0.0925503504,0.460770833,-1.39215756,0.469973752,1.46934611,37.0033114,14.908971,71.1227796,-4.10199554,-4.66418718,-0.276846329,True,True
NGC 6624,-847.1,278.204666,-30.8003227,8.16324317,3.27350536,-9.87199274,-0.096331882,0.459233084,-1.39931368,0.469227938,1.47589079,36.947031,15.1626036,68.8222845,-4.04534853,-4.68715815,0.0589704018,True,True
NGC 6624,-847.2,278.254993,-30.8316951,8.16065088,3.26390835,-9.92455667,-0.100107444,0.457669516,-1.40623485,0.468490006,1.48222108,36.8865732,15.4139246,66.5279975,-3.98889397,-4.71002531,0.396106269,True,True
NGC 6624,-847.3,278.303587,-30.8625254,8.15802934,3.25411764,-9.97552743,-0.103876611,0.45608036,-1.41292168,0.467760243,1.4883371,36.8219879,15.6629958,64.2397106,-3.93262655,-4.73279277,0.734436056,True,True
NGC 6624,-847.4,278.350448,-30.8928157,8.1553785,3.24413444,-10.0249077,-0.107638964,0.454465843,-1.41937479,0.467038916,1.49423899,36.7533224,15.9098769,61.9572174,-3.87654103,-4.75546459,1.0738342,True,True
NGC 6624,-847.5,278.395576,-30.922568,8.15269831,3.23395988,-10.0727,-0.111394087,0.452826187,-1.42559475,0.466326279,1.49992686,36.6806216,16.1546262,59.6803133,-3.82063218,-4.77804486,1.41417474,True,True
NGC 6624,-847.6,278.438974,-30.9517843,8.14998871,3.22359508,-10.1189066,-0.115141571,0.451161607,-1.43158213,0.46562257,1.50540087,36.6039279,16.3973003,57.4087949,-3.76489483,-4.80053764,1.75533132,True,True
NGC 6624,-847.7,278.480641,-30.9804662,8.14724969,3.21304112,-10.1635297,-0.118881009,0.449472312,-1.43733746,0.464928009,1.51066113,36.5232816,16.637954,55.1424606,-3.70932383,-4.822947,2.09717715,True,True
NGC 6624,-847.8,278.520577,-31.0086154,8.14448122,3.20229906,-10.2065712,-0.122611998,0.447758507,-1.44286127,0.464242805,1.51570777,36.4387206,16.876641,52.8811104,-3.65391406,-4.84527701,2.43958496,True,True
NGC 6624,-847.9,278.558784,-31.0362335,8.14168329,3.19136991,-10.2480331,-0.126334141,0.446020388,-1.44815406,0.46356715,1.52054092,36.3502807,17.1134133,50.6245455,-3.59866044,-4.86753172,2.78242695,True,True
NGC 6624,-848,278.59526,-31.0633218,8.13885592,3.18025465,-10.2879168,-0.130047042,0.444258151,-1.4532163,0.462901218,1.52516069,36.2579956,17.3483216,48.3725687,-3.54355793,-4.88971519,3.12557482,True,True
NGC 6624,-848.1,278.630006,-31.0898819,8.13599913,3.16895424,-10.3262238,-0.13375031,0.442471982,-1.45804845,0.462245174,1.52956722,36.1618968,17.5814154,46.1249842,-3.4886015,-4.91183146,3.46889965,True,True
NGC 6624,-848.2,278.663021,-31.1159147,8.13311294,3.1574696,-10.3629555,-0.137443555,0.440662066,-1.46265096,0.461599163,1.53376061,36.0620139,17.8127427,43.8815974,-3.43378617,-4.93388458,3.81227192,True,True
NGC 6624,-848.3,278.694306,-31.1414215,8.13019741,3.14580164,-10.398113,-0.141126394,0.438828579,-1.46702424,0.460963318,1.53774097,35.9583746,18.0423506,41.6422151,-3.37910698,-4.95587859,4.15556145,True,True
NGC 6624,-848.4,278.72386,-31.1664033,8.12725259,3.13395123,-10.4316971,-0.144798442,0.436971697,-1.47116869,0.460337759,1.5415084,35.8510045,18.2702849,39.4066453,-3.324559,-4.97781752,4.49863735,True,True
NGC 6624,-848.5,278.751681,-31.1908609,8.12427855,3.1219192,-10.4637087,-0.148459319,0.435091586,-1.47508469,0.459722588,1.54506301,35.7399275,18.4965902,37.1746971,-3.27013734,-4.99970541,4.841368,True,True
NGC 6624,-848.6,278.77777,-31.2147951,8.12127538,3.10970638,-10.4941484,-0.152108648,0.433188413,-1.47877261,0.459117895,1.54840488,35.6251654,18.7213102,34.9461809,-3.21583711,-5.02154627,5.18362097,True,True
NGC 6624,-848.7,278.802125,-31.2382065,8.11824318,3.09731355,-10.5230167,-0.155746052,0.431262337,-1.48223278,0.458523757,1.55153409,35.5067384,18.9444876,32.720908,-3.16165347,-5.04334414,5.52526302,True,True
NGC 6624,-848.8,278.824746,-31.2610957,8.11518206,3.08474149,-10.5503137,-0.159371158,0.429313513,-1.48546553,0.457940234,1.55445073,35.384665,19.1661642,30.4986909,-3.1075816,-5.06510304,5.86616002,True,True
NGC 6624,-848.9,278.84563,-31.2834632,8.11209214,3.07199094,-10.5760396,-0.162983594,0.427342092,-1.48847115,0.457367375,1.55715487,35.2589616,19.3863806,28.2793427,-3.0536167,-5.08682698,6.20617692,True,True
NGC 6624,-849,278.864778,-31.3053092,8.10897356,3.05906261,-10.6001944,-0.166582989,0.425348224,-1.49124994,0.456805214,1.55964656,35.1296434,19.6051768,26.0626778,-2.999754,-5.10851998,6.54517768,True,True
NGC 6624,-849.1,278.882187,-31.3266339,8.10582647,3.04595721,-10.6227778,-0.170168974,0.423332049,-1.49380216,0.456253771,1.56192586,34.9967235,19.822592,23.8485111,-2.94598874,-5.13018607,6.88302525,True,True
NGC 6624,-849.2,278.897855,-31.3474375,8.10265105,3.0326754,-10.6437893,-0.173741181,0.421293708,-1.49612805,0.455713053,1.56399282,34.8602134,20.0386642,21.6366586,-2.89231619,-5.15182924,7.21958147,True,True
NGC 6624,-849.3,278.911781,-31.3677198,8.09944746,3.01921785,-10.6632286,-0.177299245,0.419233336,-1.49822785,0.455183054,1.56584747,34.7201232,20.2534312,19.4269367,-2.83873165,-5.17345353,7.55470708,True,True
NGC 6624,-849.4,278.923964,-31.3874809,8.0962159,3.00558517,-10.6810947,-0.180842798,0.417151065,-1.50010175,0.454663754,1.56748984,34.5764611,20.4669297,17.2191626,-2.78523043,-5.19506294,7.8882616,True,True
NGC 6624,-849.5,278.9344,-31.4067203,8.09295658,2.99177797,-10.6973869,-0.184371477,0.415047023,-1.50174996,0.45415512,1.56891995,34.4292339,20.6791957,15.013154,-2.73180785,-5.21666149,8.22010332,True,True
NGC 6624,-849.6,278.943089,-31.4254377,8.08966972,2.97779686,-10.7121041,-0.187884916,0.412921333,-1.50317263,0.453657105,1.57013781,34.2784467,20.8902647,12.8087293,-2.67845927,-5.23825319,8.55008924,True,True
NGC 6624,-849.7,278.950027,-31.4436327,8.08635556,2.96364239,-10.725245,-0.191382752,0.410774117,-1.50436993,0.453169652,1.57114342,34.1241031,21.1001717,10.6057071,-2.62518005,-5.25984207,8.87807496,True,True
NGC 6624,-849.8,278.955212,-31.4613046,8.08301434,2.94931511,-10.7368082,-0.194864622,0.408605491,-1.50534199,0.452692686,1.57193676,33.9662052,21.3089507,8.40390667,-2.57196557,-5.28143215,9.2039147,True,True
NGC 6624,-849.9,278.958643,-31.4784527,8.07964634,2.93481556,-10.7467923,-0.198330161,0.40641557,-1.50608893,0.452226125,1.57251783,33.8047533,21.5166354,6.20314741,-2.51881123,-5.30302745,9.52746116,True,True
NGC 6624,-850,278.960315,-31.4950761,8.07625184,2.92014423,-10.7551955,-0.201779007,0.404204462,-1.50661083,0.45176987,1.57288658,33.6397464,21.723259,4.00324907,-2.46571245,-5.32463201,9.8485655,True,True
NGC 6624,-850.1,278.960226,-31.5111738,8.07283113,2.90530164,-10.7620159,-0.205210796,0.401972276,-1.50690778,0.45132381,1.57304299,33.4711821,21.9288541,1.80403159,-2.41266465,-5.34624985,10.1670773,True,True
NGC 6624,-850.2,278.958374,-31.5267448,8.06938451,2.89028824,-10.7672514,-0.208625163,0.399719115,-1.50697985,0.450887823,1.572987,33.299056,22.1334529,-0.39468497,-2.35966328,-5.36788502,10.4828444,True,True
NGC 6624,-850.3,278.954755,-31.5417879,8.06591233,2.8751045,-10.7708999,-0.212021744,0.397445079,-1.50682706,0.450461775,1.57271854,33.1233627,22.3370871,-2.59308045,-2.30670379,-5.38954157,10.7957129,True,True
NGC 6624,-850.4,278.949366,-31.5563017,8.06241492,2.85975085,-10.772959,-0.215400174,0.395150265,-1.50644946,0.450045516,1.57223756,32.9440951,22.5397879,-4.79133469,-2.25378166,-5.41122353,11.105527,True,True
NGC 6624,-850.5,278.942204,-31.5702848,8.05889263,2.84422771,-10.7734262,-0.218760087,0.392834766,-1.50584703,0.449638888,1.57154396,32.7612443,22.7415862,-6.98962758,-2.20089234,-5.43293499,11.4121293,True,True
NGC 6624,-850.6,278.933266,-31.5837356,8.05534585,2.8285355,-10.7722987,-0.222101116,0.390498675,-1.50501977,0.449241718,1.57063765,32.5748004,22.9425126,-9.18813916,-2.14803135,-5.45468,11.7153602,True,True
NGC 6624,-850.7,278.922547,-31.5966523,8.05177496,2.81267458,-10.7695737,-0.225422893,0.388142078,-1.50396765,0.448853822,1.56951854,32.3847515,23.1425971,-11.3870496,-2.09519418,-5.47646264,12.0150579,True,True
NGC 6624,-850.8,278.910044,-31.6090331,8.04818037,2.79664534,-10.7652482,-0.228725049,0.38576506,-1.50269062,0.448475004,1.56818651,32.1910844,23.3418698,-13.5865394,-2.04237634,-5.49828699,12.3110587,True,True
NGC 6624,-850.9,278.895754,-31.6208762,8.04456251,2.78044813,-10.7593189,-0.232007212,0.383367702,-1.5011886,0.448105056,1.56664143,31.9937845,23.5403601,-15.7867893,-1.98957335,-5.52015715,12.6031968,True,True
NGC 6624,-851,278.879671,-31.6321794,8.04092182,2.76408328,-10.7517826,-0.235269011,0.380950083,-1.49946152,0.447743758,1.56488317,31.7928353,23.7380973,-17.9879805,-1.93678074,-5.54207724,12.8913037,True,True
NGC 6624,-851.1,278.861794,-31.6429404,8.03725874,2.74755112,-10.7426356,-0.238510071,0.378512278,-1.49750926,0.447390879,1.56291157,31.5882191,23.9351105,-20.1902945,-1.88399405,-5.56405136,13.1752091,True,True
NGC 6624,-851.2,278.842116,-31.653157,8.03357377,2.73085195,-10.7318744,-0.241730016,0.376054361,-1.4953317,0.447046176,1.56072649,31.3799164,24.1314285,-22.3939135,-1.83120883,-5.58608364,13.4547396,True,True
NGC 6624,-851.3,278.820634,-31.6628267,8.02986739,2.71398607,-10.719495,-0.244928469,0.3735764,-1.4929287,0.446709393,1.55832776,31.1679062,24.3270799,-24.5990202,-1.77842062,-5.60817823,13.7297198,True,True
NGC 6624,-851.4,278.797343,-31.6719468,8.02614011,2.69695374,-10.7054935,-0.248105049,0.371078462,-1.4903001,0.446380264,1.55571518,30.952166,24.5220931,-26.805798,-1.72562499,-5.63033928,13.9999713,True,True
NGC 6624,-851.5,278.77224,-31.6805147,8.02239246,2.67975523,-10.6898656,-0.251259372,0.368560612,-1.48744572,0.446058513,1.55288859,30.7326715,24.7164965,-29.0144309,-1.6728175,-5.65257096,14.2653131,True,True
NGC 6624,-851.6,278.745318,-31.6885274,8.018625,2.66239079,-10.672607,-0.254391055,0.36602291,-1.48436535,0.44574385,1.54984776,30.5093968,24.9103183,-31.2251037,-1.61999373,-5.67487746,14.5255614,True,True
NGC 6624,-851.7,278.716574,-31.6959821,8.01483829,2.64486063,-10.6537133,-0.257499709,0.363465414,-1.48105878,0.445435974,1.54659249,30.2823145,25.1035865,-33.4380022,-1.56714926,-5.69726296,14.7805294,True,True
NGC 6624,-851.8,278.686003,-31.7028754,8.01103291,2.62716498,-10.6331797,-0.260584943,0.360888179,-1.47752578,0.445134576,1.54312255,30.0513955,25.296329,-35.6533129,-1.51427967,-5.71973168,15.0300273,True,True
NGC 6624,-851.9,278.653598,-31.7092042,8.00720948,2.60930402,-10.6110014,-0.263646363,0.358291258,-1.47376608,0.444839331,1.53943772,29.8166086,25.4885738,-37.8712234,-1.46138056,-5.74228786,15.273862,True,True
NGC 6624,-852,278.619357,-31.7149651,8.00336862,2.59127796,-10.5871734,-0.266683571,0.355674701,-1.46977941,0.444549907,1.53553774,29.5779215,25.6803489,-40.0919222,-1.40844752,-5.76493572,15.5118373,True,True
NGC 6624,-852.1,278.583272,-31.7201544,7.99951097,2.57308695,-10.5616906,-0.269696168,0.353038553,-1.46556548,0.44426596,1.53142235,29.3352996,25.871682,-42.3155992,-1.35547617,-5.78767954,15.7437537,True,True
NGC 6624,-852.2,278.545339,-31.7247686,7.9956372,2.55473115,-10.5345475,-0.27268375,0.350382858,-1.46112397,0.443987133,1.52709129,29.0887068,26.0626011,-44.5424451,-1.30246209,-5.81052359,15.969408,True,True
NGC 6624,-852.3,278.505552,-31.7288037,7.99174801,2.53621071,-10.5057387,-0.275645907,0.347707658,-1.45645454,0.443713062,1.52254429,28.8381051,26.253134,-46.772652,-1.24940092,-5.83347216,16.1885935,True,True
NGC 6624,-852.4,278.463905,-31.7322559,7.98784409,2.51752573,-10.4752585,-0.278582228,0.34501299,-1.45155685,0.443443368,1.51778105,28.5834545,26.4433089,-49.0064134,-1.19628828,-5.85652957,16.4010997,True,True
NGC 6624,-852.5,278.420394,-31.7351209,7.98392619,2.49867634,-10.443101,-0.281492296,0.34229889,-1.44643052,0.443177666,1.51280128,28.3247132,26.6331537,-51.2439241,-1.14311978,-5.87970013,16.6067125,True,True
NGC 6624,-852.6,278.375012,-31.7373946,7.97999505,2.47966263,-10.4092603,-0.284375693,0.33956539,-1.44107516,0.442915555,1.50760466,28.0618375,26.8226965,-53.4853801,-1.08989107,-5.9029882,16.8052134,True,True
NGC 6624,-852.7,278.327753,-31.7390725,7.97605145,2.46048467,-10.3737302,-0.287231991,0.33681252,-1.43549035,0.442656627,1.50219088,27.7947817,27.0119659,-55.7309791,-1.03659778,-5.92639814,16.9963801,True,True
NGC 6624,-852.8,278.27861,-31.7401501,7.97209619,2.44114254,-10.3365044,-0.290060761,0.334040305,-1.42967566,0.442400464,1.49655961,27.5234979,27.2009901,-57.9809203,-0.98323557,-5.94993433,17.1799859,True,True
NGC 6624,-852.9,278.227579,-31.7406227,7.96813009,2.42163629,-10.2975763,-0.292861568,0.33124877,-1.42363064,0.442146634,1.49071052,27.2479361,27.3897979,-60.2354044,-0.929800088,-5.97360117,17.3557996,True,True
NGC 6624,-853,278.174653,-31.7404854,7.96415401,2.40196594,-10.2569392,-0.295633972,0.328437935,-1.41735481,0.441894697,1.48464325,26.9680445,27.5784181,-62.4946339,-0.876287002,-5.99740308,17.5235856,True,True
NGC 6624,-853.1,278.119825,-31.7397332,7.9601688,2.38213152,-10.2145864,-0.298377528,0.325607819,-1.41084767,0.441644202,1.47835745,26.6837686,27.7668798,-64.7588127,-0.822691986,-6.02134448,17.6831036,True,True
NGC 6624,-853.2,278.063089,-31.738361,7.95617537,2.36213303,-10.1705107,-0.301091784,0.322758435,-1.40410871,0.441394687,1.47185275,26.395052,27.9552125,-67.0281469,-0.769010726,-6.04542982,17.8341082,True,True
NGC 6624,-853.3,278.004438,-31.7363635,7.95217464,2.34197047,-10.1247051,-0.303776283,0.319889795,-1.39713738,0.44114568,1.46512879,26.1018358,28.1434457,-69.3028439,-0.715238918,-6.06966358,17.9763491,True,True
NGC 6624,-853.4,277.943866,-31.7337351,7.94816756,2.3216438,-10.0771621,-0.306430561,0.317001908,-1.38993314,0.440896699,1.45818519,25.8040587,28.3316095,-71.5831132,-0.661372272,-6.09405022,18.1095707,True,True
NGC 6624,-853.5,277.881366,-31.7304704,7.9441551,2.30115298,-10.0278743,-0.30905415,0.31409478,-1.3824954,0.44064725,1.45102155,25.5016569,28.5197342,-73.8691661,-0.607406513,-6.11859426,18.2335122,True,True
NGC 6624,-853.6,277.816931,-31.7265635,7.94013826,2.28049796,-9.97683388,-0.311646572,0.311168413,-1.37482356,0.440396829,1.44363749,25.1945643,28.7078506,-76.1612159,-0.553337379,-6.1433002,18.3479069,True,True
NGC 6624,-853.7,277.750554,-31.7220084,7.93611807,2.25967865,-9.92403311,-0.314207345,0.308222806,-1.36691699,0.440144924,1.43603259,24.8827119,28.8959899,-78.4594778,-0.499160628,-6.16817255,18.4524827,True,True
NGC 6624,-853.8,277.682228,-31.7167992,7.93209559,2.23869497,-9.86946391,-0.316735978,0.305257955,-1.35877505,0.439891008,1.42820647,24.5660281,29.0841835,-80.7641688,-0.444872039,-6.19321587,18.5469612,True,True
NGC 6624,-853.9,277.611946,-31.7109295,7.9280719,2.2175468,-9.8131181,-0.319231973,0.302273853,-1.35039706,0.439634547,1.42015871,24.2444384,29.2724637,-83.0755081,-0.390467412,-6.21843469,18.631058,True,True
NGC 6624,-854,277.539701,-31.7043929,7.92404813,2.19623403,-9.75498731,-0.321694825,0.29927049,-1.34178235,0.439374995,1.4118889,23.9178657,29.460863,-85.3937166,-0.335942569,-6.24383357,18.7044822,True,True
NGC 6624,-854.1,277.465485,-31.6971829,7.92002542,2.17475651,-9.69506301,-0.324124019,0.296247852,-1.33293018,0.439111796,1.40339661,23.5862296,29.6494146,-87.7190176,-0.281293365,-6.26941707,18.7669365,True,True
NGC 6624,-854.2,277.389291,-31.6892927,7.91600494,2.15311408,-9.63333653,-0.326519034,0.29320592,-1.32383984,0.438844382,1.39468144,23.2494468,29.8381522,-90.051636,-0.22651568,-6.29518976,18.8181166,True,True
NGC 6624,-854.3,277.311111,-31.6807154,7.91198791,2.13130656,-9.56979899,-0.328879339,0.290144676,-1.31451055,0.438572175,1.38574295,22.9074308,30.0271103,-92.3917988,-0.171605433,-6.32115621,18.8577111,True,True
NGC 6624,-854.4,277.230939,-31.6714439,7.90797557,2.10933375,-9.50444138,-0.331204394,0.287064094,-1.30494153,0.438294586,1.37658074,22.5600918,30.2163238,-94.7397349,-0.116558579,-6.34732099,18.8854015,True,True
NGC 6624,-854.5,277.148766,-31.6614709,7.90396919,2.08719545,-9.4372545,-0.33349365,0.283964146,-1.29513198,0.438011017,1.36719439,22.2073364,30.4058287,-97.095675,-0.0613711168,-6.37368868,18.9008614,True,True
NGC 6624,-854.6,277.064585,-31.6507892,7.89997008,2.06489141,-9.36822901,-0.335746549,0.2808448,-1.28508106,0.437720855,1.35758347,21.8490679,30.5956613,-99.4598519,-0.00603909287,-6.40026382,18.9037569,True,True
NGC 6624,-854.7,276.978388,-31.6393911,7.89597958,2.04242138,-9.2973554,-0.33796252,0.277706022,-1.27478793,0.437423479,1.34774759,21.4851859,30.7858591,-101.8325,0.0494413935,-6.42705099,18.8937458,True,True
NGC 6624,-854.8,276.890166,-31.6272688,7.89199908,2.01978509,-9.22462399,-0.340140986,0.274547772,-1.2642517,0.437118256,1.33768633,21.1155861,30.9764601,-104.213855,0.105074184,-6.45405471,18.8704776,True,True
NGC 6624,-854.9,276.799913,-31.6144144,7.88803,1.99698225,-9.15002495,-0.342281355,0.271370006,-1.25347147,0.43680454,1.32739931,20.7401602,31.1675035,-106.604154,0.160863053,-6.48127951,18.8335931,True,True
NGC 6624,-855,276.707621,-31.6008199,7.88407378,1.97401253,-9.0735483,-0.344383027,0.268172678,-1.24244631,0.436481677,1.31688613,20.3587959,31.3590293,-109.003636,0.216811703,-6.50872988,18.782724,True,True
NGC 6624,-855.1,276.61328,-31.586477,7.88013192,1.9508756,-8.99518389,-0.346445387,0.264955736,-1.23117528,0.436148998,1.30614644,19.9713767,31.5510785,-111.412542,0.272923754,-6.53641031,18.717493,True,True
NGC 6624,-855.2,276.516884,-31.5713772,7.87620594,1.92757111,-8.91492144,-0.34846781,0.261719125,-1.21965739,0.435805822,1.29517986,19.5777816,31.7436931,-113.831112,0.329202734,-6.56432522,18.6375129,True,True
NGC 6624,-855.3,276.418424,-31.555512,7.87229744,1.90409866,-8.8327505,-0.350449659,0.258462783,-1.20789165,0.43545146,1.28398606,19.177885,31.9369163,-116.259588,0.38565207,-6.592479,18.5423866,True,True
NGC 6624,-855.4,276.317892,-31.5388726,7.868408,1.88045786,-8.74866049,-0.352390282,0.255186648,-1.19587702,0.435085206,1.27256473,18.7715565,32.1307924,-118.698212,0.442275075,-6.620876,18.4317067,True,True
NGC 6624,-855.5,276.21528,-31.5214501,7.86453931,1.85664827,-8.66264068,-0.354289015,0.251890649,-1.18361247,0.434706344,1.26091558,18.3586607,32.325367,-121.147226,0.499074938,-6.6495205,18.3050552,True,True
NGC 6624,-855.6,276.110579,-31.5032352,7.86069304,1.83266944,-8.5746802,-0.356145178,0.248574713,-1.17109691,0.434314145,1.24903833,17.9390571,32.5206869,-123.606872,0.556054708,-6.67841672,18.1620029,True,True
NGC 6624,-855.7,276.003782,-31.4842188,7.85687096,1.80852088,-8.48476806,-0.357958079,0.245238762,-1.15832925,0.433907867,1.23693278,17.5125998,32.7168002,-126.077392,0.613217277,-6.70756879,18.0021092,True,True
NGC 6624,-855.8,275.894881,-31.4643915,7.85307484,1.7842021,-8.39289313,-0.359727009,0.241882711,-1.14530836,0.433486755,1.22459871,17.0791373,32.9137565,-128.559024,0.670565364,-6.73698077,17.8249217,True,True
NGC 6624,-855.9,275.783867,-31.4437435,7.84930654,1.75971256,-8.29904415,-0.361451244,0.238506471,-1.13203309,0.433050041,1.21203599,16.6385123,33.111607,-131.052007,0.728101495,-6.76665658,17.6299756,True,True
NGC 6624,-856,275.670732,-31.4222651,7.84556793,1.73505169,-8.20320978,-0.363130041,0.23510995,-1.11850227,0.432596943,1.19924453,16.1905614,33.3104041,-133.556577,0.78582798,-6.79660005,17.4167936,True,True
NGC 6624,-856.1,275.555468,-31.3999464,7.84186095,1.71021891,-8.10537854,-0.364762645,0.231693046,-1.1047147,0.432126665,1.18622427,15.7351149,33.5102022,-136.072965,0.84374689,-6.82681488,17.1848851,True,True
NGC 6624,-856.2,275.438066,-31.3767773,7.8381876,1.68521359,-8.00553886,-0.366348279,0.228255656,-1.09066916,0.431638397,1.17297525,15.2719965,33.711057,-138.6014,0.90186003,-6.85730458,16.9337459,True,True
NGC 6624,-856.3,275.31852,-31.3527475,7.83454991,1.66003508,-7.90367909,-0.367886148,0.224797667,-1.07636441,0.431131313,1.15949755,14.801023,33.9130264,-141.142102,0.960168906,-6.88807251,16.6628579,True,True
NGC 6624,-856.4,275.19682,-31.3278466,7.83094998,1.6346827,-7.79978747,-0.369375442,0.221318963,-1.06179919,0.430604575,1.14579135,14.3220043,34.1161698,-143.695289,1.01867469,-6.91912184,16.3716881,True,True
NGC 6624,-856.5,275.072959,-31.302064,7.82738997,1.60915573,-7.69385222,-0.370815325,0.21781942,-1.0469722,0.430057328,1.13185692,13.8347426,34.3205486,-146.261169,1.07737819,-6.95045549,16.0596888,True,True
NGC 6624,-856.6,274.946928,-31.2753892,7.82387208,1.58345341,-7.58586146,-0.372204945,0.21429891,-1.03188213,0.429488701,1.11769463,13.3390325,34.5262263,-148.839939,1.13627978,-6.98207616,15.7262965,True,True
NGC 6624,-856.7,274.818721,-31.2478112,7.82039857,1.55757497,-7.4758033,-0.373543428,0.210757295,-1.01652767,0.428897808,1.10330496,12.8346607,34.7332682,-151.431788,1.1953794,-7.01398623,15.3709319,True,True
NGC 6624,-856.8,274.68833,-31.2193191,7.81697179,1.53151957,-7.36366581,-0.374829875,0.207194434,-1.00090745,0.428283748,1.08868852,12.3214055,34.9417421,-154.03689,1.25467646,-7.04618779,14.9929988,True,True
NGC 6624,-856.9,274.555747,-31.1899018,7.81359411,1.50528636,-7.24943707,-0.376063368,0.203610175,-0.98502013,0.427645601,1.07384609,11.7990363,35.1517176,-156.655403,1.31416978,-7.07868255,14.5918843,True,True
NGC 6624,-857,274.420965,-31.1595481,7.810268,1.47887444,-7.13310515,-0.37724296,0.200004362,-0.968864315,0.42698243,1.05877857,11.2673138,35.363267,-159.287469,1.37385754,-7.11147183,14.1669574,True,True
NGC 6624,-857.1,274.283976,-31.1282468,7.80699598,1.45228286,-7.0146582,-0.378367684,0.19637683,-0.952438617,0.426293284,1.04348708,10.7259894,35.5764645,-161.933207,1.43373719,-7.14455648,13.7175694,True,True
NGC 6624,-857.2,274.144774,-31.0959864,7.80378063,1.42551065,-6.89408438,-0.379436544,0.192727407,-0.935741633,0.42557719,1.02797293,10.1748045,35.791387,-164.592712,1.49380536,-7.17793685,13.2430529,True,True
NGC 6624,-857.3,274.003353,-31.0627556,7.80062463,1.39855678,-6.771372,-0.380448518,0.189055911,-0.918771952,0.424833158,1.01223768,9.61349092,36.0081136,-167.266052,1.55405778,-7.21161269,12.742721,True,True
NGC 6624,-857.4,273.859705,-31.0285428,7.79753069,1.37142018,-6.64650945,-0.381402556,0.185362155,-0.901528155,0.424060183,0.996283119,9.04176989,36.226726,-169.953259,1.61448913,-7.24558312,12.2158679,True,True
NGC 6624,-857.5,273.713825,-30.9933365,7.79450162,1.34409974,-6.51948531,-0.382297579,0.181645942,-0.884008826,0.423257235,0.980111367,8.45935212,36.4473083,-172.654331,1.67509294,-7.27984652,11.6617672,True,True
NGC 6624,-857.6,273.565708,-30.9571251,7.79154032,1.3165943,-6.39028835,-0.383132478,0.177907064,-0.866212547,0.42242327,0.963724855,7.86593742,36.6699471,-175.36922,1.73586143,-7.31440044,11.0796724,True,True
NGC 6624,-857.7,273.415347,-30.9198971,7.78864972,1.28890264,-6.25890762,-0.383906111,0.174145308,-0.848137911,0.421557221,0.947126394,7.26121438,36.8947314,-178.097826,1.79678534,-7.3492415,10.4688165,True,True
NGC 6624,-857.8,273.262739,-30.8816409,7.78583289,1.26102352,-6.12533243,-0.384617308,0.17036045,-0.829783522,0.420658004,0.930319219,6.64486021,37.1217525,-180.839995,1.85785375,-7.38436528,9.82841126,True,True
NGC 6624,-857.9,273.107879,-30.8423451,7.78309294,1.23295563,-5.98955248,-0.385264859,0.166552255,-0.811148004,0.419724512,0.91330704,6.01654052,37.3511042,-183.595501,1.91905387,-7.41976617,9.15764775,True,True
NGC 6624,-858,272.950764,-30.8019983,7.78043307,1.20469761,-5.8515579,-0.385847526,0.162720481,-0.792230007,0.418755619,0.896094109,5.37590919,37.5828821,-186.364046,1.98037076,-7.45543721,8.4556959,True,True
NGC 6624,-858.1,272.79139,-30.7605893,7.77785659,1.17624804,-5.71133932,-0.386364029,0.158864875,-0.773028217,0.417750178,0.878685288,4.72260838,37.8171839,-189.145239,2.04178709,-7.49136993,7.72170486,True,True
NGC 6624,-858.2,272.629756,-30.718107,7.77536687,1.14760548,-5.56888797,-0.386813055,0.154985173,-0.753541365,0.416707023,0.861086135,4.05626855,38.054109,-191.938589,2.10328278,-7.52755415,6.95480344,True,True
NGC 6624,-858.3,272.46586,-30.6745406,7.7729674,1.1187684,-5.42419575,-0.387193251,0.151081102,-0.733768238,0.415624966,0.843302994,3.37650871,38.2937581,-194.743487,2.16483465,-7.56397775,6.15410067,True,True
NGC 6624,-858.4,272.299702,-30.6298795,7.77066173,1.08973525,-5.27725539,-0.387503223,0.147152378,-0.71370769,0.414502799,0.825343103,2.68293672,38.5362325,-197.559188,2.22641597,-7.60062639,5.31868683,True,True
NGC 6624,-858.5,272.131282,-30.5841136,7.76845354,1.06050441,-5.12806051,-0.38774154,0.143198708,-0.693358663,0.413339294,0.807214722,1.9751499,38.7816341,-200.384793,2.28799601,-7.63748323,4.44763482,True,True
NGC 6624,-858.6,271.960604,-30.537233,7.76634658,1.03107421,-4.97660583,-0.387906727,0.139219785,-0.672720196,0.412133203,0.788927271,1.25273582,39.0300642,-203.219222,2.34953943,-7.67452858,3.54000198,True,True
NGC 6624,-858.7,271.787669,-30.4892285,7.76434471,1.00144293,-4.82288729,-0.387997265,0.135215297,-0.651791451,0.410883261,0.770491499,0.515273409,39.2816227,-206.061187,2.41100567,-7.71173952,2.59483256,True,True
NGC 6624,-858.8,271.612484,-30.4400914,7.76245189,0.971608828,-4.66690224,-0.388011594,0.131184917,-0.630571734,0.409588183,0.751919671,-0.237665507,39.5364072,-208.909164,2.47234818,-7.74908942,1.61116082,True,True
NGC 6624,-858.9,271.435055,-30.3898138,7.76067217,0.941570093,-4.50864968,-0.38794811,0.127128311,-0.609060519,0.40824667,0.73322579,-1.00651431,39.7945116,-211.761351,2.53351355,-7.78654743,0.588015071,True,True
NGC 6624,-859,271.25539,-30.3383886,7.75900972,0.911324888,-4.34813045,-0.387805162,0.123045134,-0.58725748,0.406857406,0.714425852,-1.79170906,40.0560242,-214.61563,2.59444054,-7.82407789,-0.475577283,True,True
NGC 6624,-859.1,271.073502,-30.2858096,7.75746879,0.880871345,-4.18534758,-0.387581057,0.118935035,-0.565162529,0.405419065,0.695538139,-2.59368526,40.3210261,-217.469516,2.65505895,-7.86163961,-1.58058337,True,True
NGC 6624,-859.2,270.889403,-30.2320719,7.75605374,0.850207573,-4.02030654,-0.387274057,0.114797652,-0.542775849,0.403930311,0.676583563,-3.41287391,40.5895888,-220.3201,2.71528823,-7.8991851,-2.727957,True,True
NGC 6624,-859.3,270.703111,-30.1771717,7.75476903,0.819331668,-3.85301564,-0.386882379,0.110632618,-0.520097947,0.4023898,0.65758606,-4.24969648,40.8617713,-223.163984,2.77503602,-7.93665965,-3.91862891,True,True
NGC 6624,-859.4,270.514645,-30.121107,7.75361921,0.788241726,-3.68348645,-0.386404199,0.106439561,-0.497129707,0.400796189,0.638573042,-5.10455872,41.1376164,-225.997206,2.83419638,-7.97400024,-5.15349477,True,True
NGC 6624,-859.5,270.32403,-30.0638775,7.75260893,0.756935857,-3.51173427,-0.385837652,0.102218104,-0.473872449,0.399148136,0.619575929,-5.97784305,41.4171477,-228.815149,2.89264778,-8.01113434,-6.43340051,True,True
NGC 6624,-859.6,270.131293,-30.005485,7.7517429,0.725412206,-3.33777868,-0.385180836,0.0979678712,-0.450328002,0.397444311,0.600630743,-6.86989926,41.7003641,-231.612447,2.95025079,-8.04797854,-7.75912433,True,True
NGC 6624,-859.7,269.936468,-29.9459337,7.75102593,0.693668972,-3.16164417,-0.384431815,0.0936884859,-0.426498791,0.3956834,0.5817788,-7.78103317,41.9872345,-234.382863,3.00684545,-8.0844369,-9.13135502,True,True
NGC 6624,-859.8,269.739595,-29.8852306,7.7504629,0.661704438,-2.98336088,-0.383588626,0.0893795778,-0.402387923,0.393864117,0.563067477,-8.71149297,42.2776923,-237.119163,3.06224833,-8.12039918,-10.5506655,True,True
NGC 6624,-859.9,269.540717,-29.8233859,7.75005872,0.629517,-2.80296539,-0.382649281,0.0850407852,-0.377999307,0.391985213,0.544551084,-9.66145266,42.5716276,-239.812967,3.11624914,-8.15573875,-12.0174809,True,True
NGC 6624,-860,269.339889,-29.7604136,7.74981835,0.597105206,-2.62050171,-0.381611781,0.0806717603,-0.353337772,0.39004549,0.526291807,-10.6309924,42.8688796,-242.454586,3.16860713,-8.19031036,-13.5320405,True,True
NGC 6624,-860.1,269.13717,-29.6963318,7.74974677,0.564467801,-2.43602234,-0.380474125,0.0762721746,-0.328409214,0.388043818,0.508360715,-11.6200753,43.1692279,-245.032843,3.21904709,-8.2239476,-15.094352,True,True
NGC 6624,-860.2,268.932633,-29.6311637,7.74984894,0.531603774,-2.24958942,-0.379234322,0.0718417257,-0.303220755,0.385979151,0.490838804,-12.6285196,43.4723828,-247.534882,3.26725514,-8.25646027,-16.7041374,True,True
NGC 6624,-860.3,268.726357,-29.5649381,7.75012977,0.498512415,-2.06127614,-0.377890409,0.0673801446,-0.277780927,0.38385055,0.473817991,-13.6559671,43.777976,-249.94598,3.31287461,-8.28763169,-18.3607696,True,True
NGC 6624,-860.4,268.518438,-29.49769,7.75059411,0.465193384,-1.87116817,-0.376440469,0.0628872044,-0.252099866,0.381657212,0.457401978,-14.7018465,44.0855502,-252.249372,3.35550247,-8.3172162,-20.0631988,False,False
NGC 6624,-860.5,268.308982,-29.4294619,7.75124664,0.43164678,-1.6793653,-0.374882657,0.0583627301,-0.22618954,0.379398491,0.441706829,-15.7653329,44.3945504,-254.426114,3.39468665,-8.34493724,-21.809868,False,False
NGC 6624,-860.6,268.098113,-29.3603043,7.75209189,0.397873216,-1.48598304,-0.373215227,0.0538066087,-0.200063966,0.377073941,0.42686104,-16.8453031,44.7043161,-256.455045,3.42992564,-8.37048661,-23.5986205,False,False
NGC 6624,-860.7,267.885968,-29.2902768,7.75313413,0.363873906,-1.29115424,-0.371436565,0.0492188006,-0.173739432,0.374683349,0.413004846,-17.9402898,45.0140762,-258.312881,3.46067163,-8.3935257,-25.4266002,False,False
NGC 6624,-860.8,267.672707,-29.2194488,7.75437727,0.32965074,-1.09503055,-0.369545227,0.0445993502,-0.147234707,0.372226782,0.400288441,-19.0484373,45.3229481,-259.974554,3.48633917,-8.41369006,-27.2901518,False,False
NGC 6624,-860.9,267.458505,-29.1479001,7.75582483,0.295206371,-0.897783459,-0.36753998,0.0399483984,-0.120571184,0.369704628,0.388868772,-20.1674635,45.6299427,-261.413873,3.50632151,-8.43059848,-29.184732,False,False
NGC 6624,-861,267.243558,-29.0757214,7.75747982,0.260544283,-0.699604701,-0.365419847,0.0352661916,-0.0937729533,0.36711765,0.378904653,-21.2946355,45.9339753,-262.604599,3.5200166,-8.44386804,-31.1048464,False,False
NGC 6624,-861.1,267.02808,-29.003014,7.75934462,0.225668856,-0.500705602,-0.363184154,0.0305530918,-0.0668667235,0.364467037,0.370550104,-22.4267672,46.2338855,-263.521968,3.52686329,-8.45313545,-33.0440326,False,False
NGC 6624,-861.2,266.812301,-28.9298886,7.76142092,0.1905854,-0.301315164,-0.360832575,0.0258095819,-0.0398815834,0.36175445,0.363946181,-23.5602478,46.5284646,-264.144566,3.52638551,-8.45808375,-34.9949138,False,False
NGC 6624,-861.3,266.596465,-28.8564643,7.76370961,0.155300177,-0.10167664,-0.358365173,0.0210362699,-0.0128485561,0.358982063,0.359211925,-24.6911085,46.8164896,-264.456324,3.51823869,-8.45847093,-36.9493395,False,False
NGC 6624,-861.4,266.380822,-28.7828657,7.76621071,0.119820379,0.0979573666,-0.355782429,0.0162338876,0.0142000434,0.356152602,0.356435572,-25.8151287,47.096762,-264.44824,3.50224921,-8.45415494,-38.8986183,False,False
NGC 6624,-861.5,266.165627,-28.7092198,7.76892334,0.0841540916,0.297330811,-0.353085264,0.0114032867,0.0412313862,0.353269357,0.355667353,-26.9279782,47.3681463,-264.119398,3.47843717,-8.44510916,-40.8338283,False,False
NGC 6624,-861.6,265.951128,-28.6356532,7.77184571,0.048310212,0.496190562,-0.350275042,0.00654543021,0.0682129707,0.350336192,0.356915195,-28.0253803,47.6296052,-263.477023,3.44701612,-8.4314242,-42.7461668,False,False
NGC 6624,-861.7,265.737565,-28.5622888,7.77497515,0.0122983572,0.694292395,-0.34735355,0.00166138101,0.0951134149,0.347357523,0.360144153,-29.1032782,47.8802264,-262.535555,3.40836982,-8.41329561,-44.627291,False,False
NGC 6624,-861.8,265.525162,-28.4892431,7.77830817,-0.0238712539,0.891405956,-0.344322977,-0.00324771192,0.121903114,0.344338294,0.36527966,-30.157982,48.1192403,-261.31501,3.36301263,-8.39100132,-46.4696057,False,False
NGC 6624,-861.9,265.314126,-28.4166242,7.78184055,-0.0601879213,1.08731835,-0.341185864,-0.00818062846,0.148554713,0.341283924,0.372213943,-31.1862826,48.3460263,-259.83904,3.31154312,-8.3648744,-48.2664643,False,False
NGC 6624,-862,265.104645,-28.344531,7.78556744,-0.0966405872,1.28183622,-0.337945051,-0.0131360926,0.175043383,0.338200258,0.380814391,-32.1855201,48.5601104,-258.133086,3.25459997,-8.33527671,-50.0122782,False,False
NGC 6624,-862.1,264.896883,-28.2730524,7.78948347,-0.133217952,1.47478655,-0.334603622,-0.018112787,0.20134692,0.335093505,0.390932525,-33.153608,48.761156,-256.22285,3.19282589,-8.30257702,-51.7025392,False,False
NGC 6624,-862.2,264.690986,-28.2022674,7.79358287,-0.169908579,1.66601643,-0.331164846,-0.0231093662,0.227445713,0.331970176,0.402412413,-34.0890198,48.9489499,-254.133196,3.12684149,-8.26713487,-53.3337774,False,False
NGC 6624,-862.3,264.487081,-28.1322456,7.79785953,-0.206700988,1.85539215,-0.32763212,-0.0281244688,0.253322623,0.328837029,0.415097751,-34.9907462,49.123387,-251.887443,3.05722875,-8.22929013,-54.9034734,False,False
NGC 6624,-862.4,264.285277,-28.0630478,7.80230715,-0.243583733,2.04279781,-0.324008921,-0.0331567274,0.278962794,0.325701012,0.428837254,-35.858236,49.2844545,-249.50699,2.984522,-8.18935708,-56.4099476,False,False
NGC 6624,-862.5,264.085667,-27.9947265,7.80691929,-0.28054547,2.22813385,-0.320298762,-0.0382047774,0.304353459,0.32256922,0.443488365,-36.6913285,49.4322166,-247.011162,2.9092045,-8.14762183,-57.8522411,False,False
NGC 6624,-862.6,263.888327,-27.9273271,7.81168943,-0.317575008,2.41131536,-0.316505155,-0.043267264,0.329483716,0.319448852,0.458919479,-37.4901859,49.566801,-244.417215,2.83170856,-8.10434202,-59.2299978,False,False
NGC 6624,-862.7,263.693323,-27.8608883,7.81661103,-0.354661353,2.59227061,-0.312631581,-0.0483428483,0.354344329,0.316347177,0.475010989,-38.2552291,49.6883872,-241.740433,2.75241789,-8.05974781,-60.5433565,False,False
NGC 6624,-862.8,263.500709,-27.7954431,7.82167759,-0.391793743,2.77093946,-0.308681469,-0.053430212,0.378927529,0.313271506,0.491655478,-38.987081,49.7971955,-238.99427,2.67167111,-8.01404368,-61.7928543,False,False
NGC 6624,-862.9,263.310527,-27.7310193,7.82688269,-0.428961673,2.94727209,-0.304658174,-0.0585280608,0.403226837,0.310229168,0.508757328,-39.6865171,49.8934784,-236.190522,2.58976577,-7.96741057,-62.9793432,False,False
NGC 6624,-863,263.122813,-27.66764,7.83221997,-0.466154916,3.12122772,-0.300564967,-0.0636351278,0.427236902,0.307227487,0.526231983,-40.3544239,49.9775129,-233.339492,2.50696249,-7.92000819,-64.1039192,False,False
NGC 6624,-863.1,262.937593,-27.6053245,7.83768323,-0.503363532,3.29277349,-0.296405024,-0.0687501754,0.45095336,0.304273766,0.544005016,-40.9917651,50.0495939,-230.45016,2.42348897,-7.87197717,-65.1678634,False,False
NGC 6624,-863.2,262.754887,-27.5440886,7.84326636,-0.540577882,3.46188352,-0.292181419,-0.0738719965,0.4743727,0.30137527,0.562011132,-41.5995538,50.1100289,-227.530333,2.33954371,-7.82344126,-66.1725934,False,False
NGC 6624,-863.3,262.574709,-27.4839448,7.84896343,-0.577788631,3.62853801,-0.287897122,-0.0789994163,0.49749216,0.298539211,0.580193166,-42.1788302,50.159133,-224.586793,2.25529951,-7.77450917,-67.1196234,False,False
NGC 6624,-863.4,262.397069,-27.4249032,7.85476865,-0.614986752,3.79272245,-0.283554995,-0.0841312923,0.520309622,0.295772733,0.598501138,-42.730645,50.1972256,-221.625418,2.17090647,-7.72527639,-68.0105321,False,False
NGC 6624,-863.5,262.221971,-27.3669713,7.86067638,-0.652163519,3.95442698,-0.279157792,-0.0892665146,0.542823528,0.293082895,0.616891373,-43.2560452,50.2246269,-218.651297,2.08649481,-7.67582676,-68.8469369,False,False
NGC 6624,-863.6,262.049415,-27.3101547,7.86668117,-0.689310509,4.1136458,-0.274708163,-0.094404006,0.565032807,0.290476662,0.635325715,-43.7560642,50.2416552,-215.66883,2.0021773,-7.62623386,-69.6304734,False,False
NGC 6624,-863.7,261.879399,-27.2544571,7.8727777,-0.726419599,4.27037659,-0.270208651,-0.099542722,0.586936801,0.28796088,0.653770814,-44.2317142,50.2486253,-212.681816,1.91805141,-7.57656222,-70.362779,False,False
NGC 6624,-863.8,261.711919,-27.1998807,7.87896084,-0.763482955,4.42462012,-0.265661698,-0.10468165,0.60853522,0.285542266,0.672197515,-44.6839805,50.2458462,-209.693531,1.8342012,-7.5268685,-71.0454801,False,False
NGC 6624,-863.9,261.546965,-27.1464263,7.88522561,-0.800493029,4.57637979,-0.261069646,-0.109819808,0.62982808,0.283227382,0.690580307,-45.1138173,50.2336203,-206.706791,1.75069901,-7.47720235,-71.6801827,False,False
NGC 6624,-864,261.384528,-27.0940935,7.89156718,-0.837442547,4.72566133,-0.256434741,-0.114956245,0.650815665,0.281022623,0.708896851,-45.5221455,50.2122421,-203.724015,1.66760686,-7.42760733,-72.2684644,False,False
NGC 6624,-864.1,261.224596,-27.0428808,7.89798089,-0.874324504,4.87247246,-0.251759138,-0.12009004,0.671498491,0.278934188,0.727127571,-45.9098507,50.1819977,-200.747276,1.58497779,-7.3781216,-72.8118692,False,False
NGC 6624,-864.2,261.067157,-26.992786,7.90446223,-0.911132154,5.01682262,-0.247044903,-0.1252203,0.691877268,0.276968062,0.745255299,-46.2777823,50.1431639,-197.778342,1.50285693,-7.32877861,-73.3119031,False,False
NGC 6624,-864.3,260.912194,-26.9438058,7.91100683,-0.947859001,5.15872274,-0.242294014,-0.130346161,0.711952872,0.275129989,0.763264963,-46.6267536,50.0960084,-194.818719,1.42128247,-7.27960761,-73.7700315,False,False
NGC 6624,-864.4,260.759693,-26.8959364,7.91761048,-0.984498789,5.29818502,-0.237508373,-0.135466784,0.731726324,0.27342545,0.781143322,-46.9575418,50.0407888,-191.869681,1.34028654,-7.23063419,-74.187677,False,False
NGC 6624,-864.5,260.609636,-26.8491734,7.92426909,-1.02104549,5.43522277,-0.232689799,-0.140581359,0.751198761,0.271859635,0.798878739,-47.2708885,49.9777534,-188.932302,1.25989594,-7.18188072,-74.5662188,False,False
NGC 6624,-864.6,260.462006,-26.8035118,7.93097873,-1.05749331,5.56985022,-0.227840041,-0.145689097,0.770371425,0.270437418,0.816460978,-47.5675008,49.9071406,-186.007483,1.18013277,-7.13336667,-74.9069915,False,False
NGC 6624,-864.7,260.316786,-26.7589463,7.93773557,-1.09383666,5.70208239,-0.222960774,-0.150789236,0.789245638,0.269163335,0.833881033,-47.848052,49.8291792,-183.095967,1.10101504,-7.085109,-75.2112859,False,False
NGC 6624,-864.8,260.173956,-26.7154711,7.94453594,-1.13007015,5.83193497,-0.218053609,-0.155881036,0.807822794,0.268041552,0.851130977,-48.1131833,49.7440886,-180.198367,1.02255713,-7.03712244,-75.4803487,False,False
NGC 6624,-864.9,260.033497,-26.6730801,7.95137627,-1.16618859,5.95942418,-0.213120092,-0.160963777,0.826104342,0.267075853,0.868203832,-48.3635044,49.6520786,-177.315181,0.94477027,-6.98941974,-75.7153833,False,False
NGC 6624,-865,259.89539,-26.6317668,7.95825311,-1.20218698,6.08456674,-0.208161706,-0.166036764,0.844091777,0.266269605,0.885093459,-48.5995951,49.5533504,-174.4468,0.867662878,-6.94201187,-75.9175512,False,False
NGC 6624,-865.1,259.759616,-26.5915248,7.96516314,-1.23806051,6.20737969,-0.203179878,-0.171099318,0.86178663,0.265625751,0.901794453,-48.8220068,49.4480962,-171.593531,0.791240932,-6.89490827,-76.087972,False,False
NGC 6624,-865.2,259.626154,-26.5523471,7.97210313,-1.27380451,6.3278804,-0.198175982,-0.176150781,0.879190458,0.265146785,0.918302063,-49.0312635,49.3364994,-168.755601,0.715508254,-6.84811697,-76.2277257,False,False
NGC 6624,-865.3,259.494985,-26.5142268,7.97906997,-1.30941451,6.44608646,-0.193151336,-0.181190515,0.89630484,0.264834743,0.934612116,-49.2278632,49.2187357,-165.93317,0.640466776,-6.8016448,-76.3378529,False,False
NGC 6624,-865.4,259.366088,-26.4771568,7.98606064,-1.34488617,6.56201561,-0.18810721,-0.186217897,0.913131365,0.264691193,0.950720946,-49.4122792,49.0949723,-163.12634,0.566116762,-6.75549747,-76.4193568,False,False
NGC 6624,-865.5,259.239445,-26.4411298,7.99307224,-1.38021531,6.67568572,-0.183044828,-0.191232321,0.929671632,0.264717226,0.966625342,-49.5849614,48.9653692,-160.335159,0.492457022,-6.70967972,-76.4732042,False,False
NGC 6624,-865.6,259.115035,-26.4061385,8.00010193,-1.4153979,6.78711473,-0.177965367,-0.196233199,0.945927242,0.264913458,0.982322496,-49.7463374,48.8300788,-157.559633,0.419485083,-6.66419542,-76.5003268,False,False
NGC 6624,-865.7,258.992838,-26.3721755,8.00714701,-1.45043002,6.8963206,-0.172869963,-0.201219955,0.961899795,0.26528003,0.997809957,-49.8968135,48.6892464,-154.799727,0.347197349,-6.61904768,-76.5016227,False,False
NGC 6624,-865.8,258.872834,-26.3392335,8.01420482,-1.48530792,7.00332129,-0.16775971,-0.206192031,0.977590885,0.265816617,1.01308559,-50.0367762,48.5430107,-152.055374,0.275589244,-6.5742389,-76.4779572,False,False
NGC 6624,-865.9,258.755005,-26.3073049,8.02127281,-1.52002793,7.10813471,-0.162635665,-0.211148881,0.993002098,0.266522437,1.02814755,-50.1665928,48.3915037,-149.326477,0.204655331,-6.52977088,-76.4301649,False,False
NGC 6624,-866,258.639331,-26.2763822,8.0283485,-1.55458653,7.21077873,-0.157498847,-0.216089972,1.00813501,0.267396265,1.04299423,-50.2866129,48.2348513,-146.612911,0.134389427,-6.48564484,-76.3590501,False,False
NGC 6624,-866.1,258.525792,-26.2464581,8.03542951,-1.58898031,7.31127108,-0.152350241,-0.221014784,1.02299118,0.268436455,1.05762426,-50.3971688,48.0731735,-143.914534,0.0647846925,-6.44186154,-76.2653886,False,False
NGC 6624,-866.2,258.414369,-26.217525,8.04251352,-1.62320594,7.40962942,-0.147190799,-0.225922808,1.03757215,0.269640959,1.07203648,-50.4985768,47.9065843,-141.23118,-0.00416627362,-6.39842128,-76.1499287,False,False
NGC 6624,-866.3,258.305045,-26.1895754,8.04959828,-1.65726024,7.50587126,-0.142021441,-0.230813549,1.05187945,0.271007351,1.08622989,-50.5911377,47.7351925,-138.562671,-0.0724713649,-6.35532397,-76.013392,False,False
NGC 6624,-866.4,258.1978,-26.1626019,8.05668162,-1.69114008,7.60001395,-0.136843057,-0.235686521,1.06591459,0.272532857,1.10020365,-50.6751383,47.5591015,-135.908813,-0.140138896,-6.31256916,-75.8564751,False,False
NGC 6624,-866.5,258.092617,-26.1365971,8.06376143,-1.72484245,7.69207468,-0.131656507,-0.240541247,1.07967906,0.274214382,1.11395709,-50.7508511,47.3784099,-133.269399,-0.207177546,-6.27015611,-75.6798501,False,False
NGC 6624,-866.6,257.989477,-26.1115537,8.07083569,-1.75836442,7.78207048,-0.126462628,-0.245377262,1.09317433,0.276048541,1.12748965,-50.8185361,47.1932112,-130.644216,-0.273596299,-6.22808378,-75.484166,False,False
NGC 6624,-866.7,257.888362,-26.0874644,8.0779024,-1.79170316,7.87001816,-0.121262226,-0.25019411,1.10640183,0.278031689,1.14080087,-50.8784407,47.0035946,-128.033039,-0.339404403,-6.18635088,-75.2700494,False,False
NGC 6624,-866.8,257.789256,-26.0643218,8.08495966,-1.8248559,7.95593435,-0.116056085,-0.254991344,1.11936299,0.280159955,1.15389042,-50.9308006,46.8096448,-125.435637,-0.404611325,-6.1449559,-75.0381058,False,False
NGC 6624,-866.9,257.692141,-26.0421188,8.09200562,-1.85781995,8.03983547,-0.110844965,-0.259768524,1.1320592,0.28242927,1.16675804,-50.9758408,46.6114421,-122.851774,-0.469226714,-6.10389712,-74.7889198,False,False
NGC 6624,-867,257.597,-26.0208482,8.09903848,-1.89059271,8.12173771,-0.105629605,-0.264525219,1.14449184,0.2848354,1.17940357,-51.0137753,46.4090629,-120.28121,-0.533260369,-6.06317267,-74.5230567,False,False
NGC 6624,-867.1,257.503817,-26.000503,8.10605649,-1.92317163,8.20165707,-0.100410719,-0.269261007,1.15666226,0.287373976,1.19182691,-51.0448085,46.2025799,-117.723698,-0.596722205,-6.0227805,-74.241063,False,False
NGC 6624,-867.2,257.412576,-25.9810761,8.11305798,-1.95555425,8.27960929,-0.0951890039,-0.27397547,1.16857177,0.290040522,1.20402802,-51.0691352,45.9920618,-115.178993,-0.659622234,-5.98271842,-73.9434671,False,False
NGC 6624,-867.3,257.32326,-25.9625606,8.12004131,-1.98773814,8.35560988,-0.0899651359,-0.2786682,1.18022168,0.292830482,1.21600695,-51.0869412,45.7775739,-112.646844,-0.721970536,-5.94298413,-73.6307801,False,False
NGC 6624,-867.4,257.235855,-25.9449496,8.12700488,-2.01972096,8.42967414,-0.0847397728,-0.283338793,1.19161325,0.295739245,1.22776375,-51.0984039,45.5591781,-110.127,-0.78377724,-5.90357521,-73.3034965,False,False
NGC 6624,-867.5,257.150344,-25.9282364,8.13394718,-2.05150041,8.50181711,-0.0795135545,-0.287986854,1.20274773,0.298762168,1.23929857,-51.1036926,45.3369329,-107.619209,-0.845052508,-5.86448915,-72.9620952,False,False
NGC 6624,-867.6,257.066713,-25.9124142,8.1408667,-2.08307425,8.57205359,-0.0742871042,-0.29261199,1.21362634,0.301894602,1.25061155,-51.1029686,45.1108936,-105.12322,-0.905806516,-5.82572334,-72.6070395,False,False
NGC 6624,-867.7,256.984947,-25.8974763,8.14776201,-2.11444031,8.64039814,-0.0690610287,-0.297213818,1.22425028,0.305131905,1.26170291,-51.0963862,44.8811127,-102.63878,-0.966049442,-5.78727514,-72.2387783,False,False
NGC 6624,-867.8,256.905031,-25.8834163,8.1546317,-2.14559642,8.70686507,-0.0638359197,-0.301791957,1.23462072,0.308469463,1.27257287,-51.0840926,44.6476396,-100.165638,-1.02579145,-5.74914179,-71.8577465,False,False
NGC 6624,-867.9,256.826952,-25.8702277,8.16147443,-2.17654052,8.77146844,-0.058612354,-0.306346031,1.24473878,0.311902707,1.2832217,-51.0662283,44.410521,-97.7035419,-1.08504269,-5.71132052,-71.4643654,False,False
NGC 6624,-868,256.750696,-25.857904,8.16828887,-2.20727053,8.83422209,-0.0533908945,-0.31087567,1.2546056,0.315427123,1.29364968,-51.0429276,44.1698007,-95.2522423,-1.14381326,-5.6738085,-71.0590435,False,False
NGC 6624,-868.1,256.67625,-25.846439,8.17507375,-2.23778447,8.89513957,-0.0481720904,-0.315380508,1.26422227,0.319038266,1.30385711,-51.0143186,43.92552,-92.8114904,-1.20211324,-5.63660287,-70.642177,False,False
NGC 6624,-868.2,256.603599,-25.8358263,8.18182784,-2.26808036,8.95423422,-0.0429564784,-0.319860182,1.27358984,0.32273177,1.31384431,-50.9805239,43.6777178,-90.381039,-1.25995265,-5.59970071,-70.2141499,False,False
NGC 6624,-868.3,256.532732,-25.82606,8.18854994,-2.29815627,9.01151909,-0.0377445828,-0.324314336,1.28270937,0.326503356,1.32361164,-50.9416604,43.4264303,-87.9606424,-1.31734146,-5.5630991,-69.775335,False,False
NGC 6624,-868.4,256.463636,-25.8171338,8.19523888,-2.32801031,9.06700703,-0.0325369162,-0.328742612,1.29158186,0.33034884,1.33315943,-50.8978398,43.1716917,-85.5500568,-1.37428957,-5.52679511,-69.3260942,False,False
NGC 6624,-868.5,256.396299,-25.8090419,8.20189355,-2.35764062,9.1207106,-0.0273339802,-0.333144662,1.30020831,0.334264135,1.34248805,-50.8491688,42.9135336,-83.1490402,-1.43080683,-5.49078577,-68.8667788,False,False
NGC 6624,-868.6,256.330708,-25.8017782,8.20851285,-2.38704536,9.17264214,-0.0221362654,-0.337520135,1.30858969,0.33824526,1.35159788,-50.7957495,42.6519854,-80.7573526,-1.48690301,-5.45506811,-68.3977297,False,False
NGC 6624,-868.7,256.266852,-25.7953371,8.21509572,-2.41622274,9.22281373,-0.0169442525,-0.341868688,1.31672693,0.34228834,1.36048929,-50.7376791,42.3870747,-78.3747561,-1.54258782,-5.41963916,-67.9192785,False,False
NGC 6624,-868.8,256.204719,-25.7897128,8.22164115,-2.44517098,9.27123721,-0.0117584124,-0.346189977,1.32462095,0.346389608,1.36916267,-50.6750507,42.1188267,-76.0010149,-1.59787088,-5.38449594,-67.4317471,False,False
NGC 6624,-868.9,256.144299,-25.7848995,8.22814813,-2.47388834,9.31792418,-0.0065792067,-0.350483662,1.33227265,0.350545409,1.37761842,-50.6079532,41.8472647,-73.6358953,-1.65276173,-5.34963549,-66.9354488,False,False
NGC 6624,-869,256.085581,-25.7808919,8.23461571,-2.50237309,9.36288599,-0.00140708802,-0.354749406,1.3396829,0.354752197,1.38585692,-50.5364713,41.5724101,-71.2791659,-1.70726986,-5.31505484,-66.4306878,False,False
NGC 6624,-869.1,256.028555,-25.7776843,8.24104296,-2.53062354,9.40613374,0.00375749939,-0.358986873,1.34685255,0.359006537,1.39387857,-50.460686,41.2942823,-68.9305976,-1.76140465,-5.28075103,-65.9177603,False,False
NGC 6624,-869.2,255.973209,-25.7752713,8.24742896,-2.558638,9.44767832,0.0089141194,-0.363195728,1.35378241,0.363305104,1.40168377,-50.3806746,41.0128989,-66.5899632,-1.81517542,-5.2467211,-65.3969545,False,False
NGC 6624,-869.3,255.919535,-25.7736477,8.25377286,-2.58641481,9.48753036,0.0140623436,-0.36737564,1.36047328,0.36764468,1.40927292,-50.296511,40.7282757,-64.257038,-1.86859138,-5.21296214,-64.8685508,False,False
NGC 6624,-869.4,255.867522,-25.7728082,8.2600738,-2.61395233,9.52570024,0.019201751,-0.371526279,1.36692595,0.372022154,1.41664641,-50.2082654,40.4404267,-61.9315996,-1.92166168,-5.17947123,-64.3328224,False,False
NGC 6624,-869.5,255.817161,-25.7727476,8.26633096,-2.64124894,9.56219813,0.0243319275,-0.375647314,1.37314117,0.376434519,1.42380463,-50.1160051,40.1493643,-59.6134274,-1.97439538,-5.14624546,-63.7900352,False,False
NGC 6624,-869.6,255.768444,-25.7734609,8.27254354,-2.66830302,9.59703395,0.0294524659,-0.379738418,1.37911967,0.380878871,1.43074798,-50.0197939,39.8550991,-57.3023034,-2.02680146,-5.11328196,-63.2404484,False,False
NGC 6624,-869.7,255.721361,-25.774943,8.27871079,-2.69511298,9.63021739,0.0345629652,-0.383799264,1.38486215,0.385352402,1.43747684,-49.919693,39.5576402,-54.9980115,-2.07888882,-5.08057789,-62.6843146,False,False
NGC 6624,-869.8,255.675903,-25.777189,8.28483196,-2.72167722,9.66175792,0.0396630307,-0.387829526,1.39036932,0.389852404,1.4439916,-49.8157603,39.2569949,-52.7003379,-2.13066627,-5.04813041,-62.1218801,False,False
NGC 6624,-869.9,255.632064,-25.7801941,8.29090632,-2.74799419,9.69166476,0.0447522733,-0.391828877,1.39564183,0.39437626,1.45029264,-49.7080513,38.9531689,-50.4090707,-2.18214254,-5.01593671,-61.5533852,False,False
NGC 6624,-870,255.589834,-25.7839534,8.29693319,-2.7740623,9.71994692,0.0498303096,-0.395796993,1.40068033,0.398921445,1.45638034,-49.5966184,38.6461667,-48.1240001,-2.2333263,-4.98399404,-60.9790641,False,False
NGC 6624,-870.1,255.549206,-25.7884622,8.30291188,-2.79988001,9.74661318,0.0548967611,-0.39973355,1.40548543,0.40348552,1.46225506,-49.4815117,38.335991,-45.8449183,-2.2842261,-4.95229963,-60.3991458,False,False
NGC 6624,-870.2,255.510173,-25.793716,8.30884176,-2.82544577,9.77167209,0.0599512547,-0.403638222,1.41005775,0.408066131,1.46791718,-49.3627788,38.0226429,-43.5716195,-2.33485045,-4.92085078,-59.8138534,False,False
NGC 6624,-870.3,255.472727,-25.7997102,8.31472219,-2.85075802,9.79513198,0.0649934219,-0.407510685,1.41439787,0.412661003,1.47336704,-49.2404648,37.7061223,-41.3038997,-2.38520776,-4.88964479,-59.2234054,False,False
NGC 6624,-870.4,255.436862,-25.8064402,8.32055257,-2.87581523,9.81700096,0.0700228986,-0.411350616,1.41850634,0.417267942,1.47860501,-49.1146124,37.3864275,-39.041557,-2.43530638,-4.85867903,-58.6280147,False,False
NGC 6624,-870.5,255.40257,-25.8139017,8.32633232,-2.90061587,9.83728691,0.075039325,-0.415157688,1.4223837,0.421884826,1.48363142,-48.9852621,37.0635553,-36.7843908,-2.48515459,-4.82795087,-58.0278898,False,False
NGC 6624,-870.6,255.369846,-25.8220903,8.33206085,-2.9251584,9.85599752,0.0800423453,-0.418931577,1.42603048,0.426509605,1.48844663,-48.8524522,36.7375013,-34.5322028,-2.53476057,-4.79745772,-57.4232345,False,False
NGC 6624,-870.7,255.338683,-25.8310017,8.33773765,-2.94944128,9.87314022,0.0850316077,-0.422671957,1.42944716,0.431140299,1.49305095,-48.716219,36.4082594,-32.2847959,-2.58413245,-4.76719705,-56.814248,False,False
NGC 6624,-870.8,255.309076,-25.8406318,8.34336216,-2.97346299,9.88872228,0.0900067638,-0.426378502,1.43263424,0.435774993,1.49744473,-48.5765967,36.0758223,-30.041975,-2.6332783,-4.73716634,-56.2011256,False,False
NGC 6624,-870.9,255.281018,-25.8509763,8.3489339,-2.99722198,9.9027507,0.0949674685,-0.430050885,1.43559217,0.440411834,1.50162827,-48.4336173,35.7401813,-27.8035463,-2.6822061,-4.70736313,-55.584058,False,False
NGC 6624,-871,255.254506,-25.8620312,8.35445238,-3.02071673,9.91523231,0.0999133803,-0.433688776,1.43832139,0.445049029,1.50560189,-48.2873112,35.4013264,-25.5693176,-2.73092377,-4.67778496,-54.9632325,False,False
NGC 6624,-871.1,255.229532,-25.8737925,8.35991711,-3.0439457,9.92617371,0.10484416,-0.437291848,1.44082232,0.449684843,1.5093659,-48.1377066,35.0592459,-23.3390983,-2.77943919,-4.64842946,-54.3388322,False,False
NGC 6624,-871.2,255.206093,-25.8862562,8.36532766,-3.06690733,9.93558129,0.109759472,-0.440859769,1.44309536,0.454317596,1.51292058,-47.9848302,34.7139271,-21.1126988,-2.82776014,-4.61929427,-53.7110368,False,False
NGC 6624,-871.3,255.184184,-25.8994184,8.3706836,-3.08960007,9.94346125,0.114658983,-0.444392208,1.44514089,0.458945658,1.51626624,-47.8287066,34.3653559,-18.8899313,-2.87589437,-4.59037706,-53.0800224,False,False
NGC 6624,-871.4,255.163801,-25.9132754,8.37598449,-3.11202238,9.94981956,0.119542362,-0.447888831,1.44695927,0.463567451,1.51940314,-47.669359,34.0135165,-16.6706089,-2.92384956,-4.56167557,-52.445962,False,False
NGC 6624,-871.5,255.144939,-25.9278232,8.38122995,-3.13417269,9.95466201,0.124409281,-0.451349304,1.44855084,0.468181443,1.52233157,-47.5068086,33.6583923,-14.454546,-2.97163334,-4.53318756,-51.8090251,False,False
NGC 6624,-871.6,255.127595,-25.9430583,8.38641959,-3.15604942,9.95799416,0.129259412,-0.454773288,1.44991594,0.472786146,1.52505179,-47.3410751,33.2999649,-12.2415583,-3.01925327,-4.50491085,-51.1693783,False,False
NGC 6624,-871.7,255.111765,-25.958977,8.39155304,-3.177651,9.95982139,0.134092432,-0.458160446,1.45105486,0.477380116,1.52756407,-47.1721766,32.9382146,-10.0314624,-3.06671688,-4.4768433,-50.5271852,False,False
NGC 6624,-871.8,255.097445,-25.9755757,8.39662996,-3.19897582,9.96014886,0.138908017,-0.461510437,1.45196789,0.481961949,1.52986865,-47.0001296,32.5731207,-7.82407587,-3.11403164,-4.44898279,-49.8826067,False,False
NGC 6624,-871.9,255.084633,-25.9928507,8.40165,-3.22002228,9.95898156,0.143705846,-0.464822917,1.4526553,0.486530281,1.53196578,-46.8249491,32.2046606,-5.61921747,-3.16120498,-4.42132728,-49.2358009,False,False
NGC 6624,-872,255.073326,-26.0107988,8.40661286,-3.24078876,9.95632424,0.148485599,-0.468097541,1.45311734,0.491083782,1.53385569,-46.6466486,31.8328108,-3.4167067,-3.20824426,-4.39387475,-48.5869234,False,False
NGC 6624,-872.1,255.063521,-26.0294163,8.41151822,-3.26127364,9.95218149,0.153246959,-0.471333961,1.45335424,0.495621159,1.53553863,-46.4652399,31.4575462,-1.21636394,-3.25515683,-4.36662325,-47.9361273,False,False
NGC 6624,-872.2,255.055215,-26.0487,8.4163658,-3.28147526,9.94655768,0.157989607,-0.474531826,1.45336621,0.50014115,1.5370148,-46.2807337,31.0788402,0.981989667,-3.30194997,-4.33957084,-47.2835634,False,False
NGC 6624,-872.3,255.048407,-26.0686464,8.42115531,-3.30139196,9.93945699,0.162713227,-0.477690784,1.45315344,0.504642527,1.53828443,-46.0931389,30.6966651,3.17853223,-3.34863094,-4.31271567,-46.6293802,False,False
NGC 6624,-872.4,255.043094,-26.0892524,8.42588651,-3.32102205,9.93088342,0.167417505,-0.480810478,1.45271612,0.509124087,1.53934774,-45.9024634,30.3109916,5.37344122,-3.39520696,-4.28605591,-45.9737242,False,False
NGC 6624,-872.5,255.039276,-26.1105147,8.43055914,-3.34036385,9.92084076,0.172102124,-0.483890548,1.45205439,0.51358466,1.54020491,-45.7087134,29.9217889,7.56689348,-3.44168521,-4.25958978,-45.3167399,False,False
NGC 6624,-872.6,255.036949,-26.1324301,8.43517297,-3.35941563,9.90933261,0.176766772,-0.486930632,1.45116841,0.5180231,1.54085615,-45.5118939,29.529025,9.75906533,-3.48807282,-4.23331557,-44.6585696,False,False
NGC 6624,-872.7,255.036114,-26.1549954,8.43972779,-3.37817566,9.89636239,0.181411133,-0.489930364,1.45005829,0.522438284,1.54130166,-45.3120084,29.1326662,11.9501326,-3.53437693,-4.20723161,-43.9993542,False,False
NGC 6624,-872.8,255.03677,-26.1782076,8.44422338,-3.39664216,9.8819333,0.186034895,-0.492889375,1.44872413,0.526829117,1.54154161,-45.1090592,28.7326775,14.1402706,-3.58060462,-4.18133627,-43.3392325,False,False
NGC 6624,-872.9,255.038915,-26.2020636,8.44865956,-3.41481337,9.86604839,0.190637745,-0.495807291,1.44716603,0.531194521,1.54157618,-44.9030473,28.3290224,16.3296544,-3.62676295,-4.15562798,-42.678342,False,False
NGC 6624,-873,255.042549,-26.2265604,8.45303615,-3.43268747,9.84871049,0.19521937,-0.498683736,1.44538404,0.535533445,1.54140556,-44.6939723,27.9216627,18.5184587,-3.67285896,-4.13010524,-42.0168184,False,False
NGC 6624,-873.1,255.047672,-26.251695,8.45735298,-3.45026263,9.82992226,0.199779455,-0.501518328,1.44337823,0.539844852,1.54102991,-44.4818326,27.5105588,20.7068579,-3.71889967,-4.10476657,-41.3547962,False,False
NGC 6624,-873.2,255.054284,-26.2774645,8.4616099,-3.467537,9.80968616,0.204317687,-0.504310683,1.44114862,0.544127726,1.54044939,-44.2666253,27.0956695,22.8950262,-3.76489206,-4.07961058,-40.6924084,False,False
NGC 6624,-873.3,255.062385,-26.303866,8.46580678,-3.48450869,9.78800447,0.208833753,-0.507060412,1.43869523,0.54838107,1.53966417,-44.0483461,26.676952,25.0831376,-3.81084313,-4.05463592,-40.0297868,False,False
NGC 6624,-873.4,255.071976,-26.3308966,8.46994348,-3.50117579,9.76487928,0.213327338,-0.50976712,1.43601805,0.552603899,1.5386744,-43.8269896,26.254362,27.2713661,-3.85675982,-4.02984129,-39.3670619,False,False
NGC 6624,-873.5,255.083057,-26.3585535,8.47401988,-3.51753636,9.74031249,0.217798127,-0.512430409,1.43311707,0.556795248,1.53748024,-43.6025492,25.8278534,29.4598855,-3.90264909,-4.00522546,-38.7043634,False,False
NGC 6624,-873.6,255.09563,-26.3868339,8.4780359,-3.53358842,9.71430582,0.222245804,-0.515049877,1.42999224,0.560954163,1.53608183,-43.3750167,25.3973785,31.6488698,-3.94851788,-3.98078726,-38.0418198,False,False
NGC 6624,-873.7,255.109695,-26.415735,8.48199143,-3.54932996,9.68686081,0.226670053,-0.517625114,1.42664351,0.565079704,1.53447932,-43.1443831,24.9628877,33.8384928,-3.9943731,-3.95652557,-37.3795587,False,False
NGC 6624,-873.8,255.125254,-26.4452541,8.48588641,-3.56475897,9.65797881,0.231070555,-0.520155708,1.4230708,0.569170943,1.53267285,-42.9106378,24.5243299,36.0289284,-4.04022169,-3.93243934,-36.7177068,False,False
NGC 6624,-873.9,255.142309,-26.4753885,8.48972076,-3.57987334,9.62766098,0.235446993,-0.52264124,1.41927403,0.573226963,1.53066258,-42.6737691,24.0816521,38.2203509,-4.08607054,-3.90852758,-36.0563903,False,False
NGC 6624,-874,255.160862,-26.5061356,8.49349443,-3.59467099,9.5959083,0.239799045,-0.525081285,1.41525308,0.577246861,1.52844863,-42.433764,23.6347994,40.4129345,-4.13192657,-3.88478938,-35.3957343,False,False
NGC 6624,-874.1,255.180914,-26.5374925,8.49720738,-3.60914977,9.56272157,0.24412639,-0.527475415,1.41100783,0.581229737,1.52603116,-42.1906084,23.1837151,42.6068537,-4.1777967,-3.86122388,-34.7358638,False,False
NGC 6624,-874.2,255.202469,-26.5694569,8.50085958,-3.62330749,9.52810141,0.248428707,-0.529823192,1.40653812,0.585174707,1.52341029,-41.9442866,22.7283406,44.8022833,-4.22368782,-3.83783028,-34.076903,False,False
NGC 6624,-874.3,255.225529,-26.6020259,8.50445101,-3.63714193,9.49204825,0.252705668,-0.532124176,1.4018438,0.589080889,1.52058618,-41.6947821,22.2686154,46.9993984,-4.26960686,-3.81460787,-33.4189756,False,False
NGC 6624,-874.4,255.250097,-26.635197,8.50798167,-3.65065082,9.45456233,0.25695695,-0.534377919,1.39692468,0.592947412,1.51755896,-41.4420767,21.8044767,49.1983743,-4.31556072,-3.791556,-32.7622051,False,False
NGC 6624,-874.5,255.276176,-26.6689677,8.51145156,-3.66383185,9.41564372,0.261182222,-0.536583964,1.39178058,0.596773411,1.51432879,-41.1861511,21.33586,51.3993868,-4.36155632,-3.76867409,-32.1067146,False,False
NGC 6624,-874.6,255.30377,-26.7033354,8.5148607,-3.67668269,9.37529231,0.265381155,-0.538741852,1.38641125,0.600558025,1.5108958,-40.9269848,20.8626984,53.6026122,-4.40760061,-3.74596166,-31.4526272,False,False
NGC 6624,-874.7,255.332882,-26.7382975,8.51820911,-3.68920091,9.3335078,0.269553416,-0.540851114,1.38081648,0.604300399,1.50726014,-40.664556,20.384923,55.8082269,-4.45370052,-3.72341827,-30.8000657,False,False
NGC 6624,-874.8,255.363516,-26.7738516,8.52149684,-3.7013841,9.2902897,0.27369867,-0.542911274,1.37499602,0.607999682,1.50342198,-40.3988413,19.9024627,58.0164081,-4.49986299,-3.70104359,-30.1491528,False,False
NGC 6624,-874.9,255.395677,-26.809995,8.52472394,-3.71322974,9.24563736,0.277816581,-0.54492185,1.36894957,0.611655029,1.49938148,-40.1298164,19.4152439,60.2273332,-4.54609501,-3.67883735,-29.5000113,False,False
NGC 6624,-875,255.429369,-26.8467252,8.52789047,-3.72473529,9.19954993,0.281906807,-0.546882351,1.36267687,0.615265596,1.49513879,-39.8574553,18.9231909,62.4411803,-4.59240355,-3.65679939,-28.8527642,False,False
NGC 6624,-875.1,255.464596,-26.8840398,8.5309965,-3.73589816,9.15202638,0.285969007,-0.548792278,1.3561776,0.61883054,1.4906941,-39.5817309,18.4262253,64.6581279,-4.6387956,-3.63492961,-28.2075345,False,False
NGC 6624,-875.2,255.501364,-26.9219363,8.53404212,-3.7467157,9.10306551,0.290002835,-0.550651126,1.34945143,0.622349023,1.4860476,-39.3026145,17.9242665,66.8783551,-4.68527818,-3.61322801,-27.5644454,False,False
NGC 6624,-875.3,255.539678,-26.9604121,8.53702743,-3.7571852,9.05266593,0.294007942,-0.552458378,1.34249802,0.625820206,1.48119947,-39.0200764,17.4172311,69.1020413,-4.73185834,-3.5916947,-26.9236208,False,False
NGC 6624,-875.4,255.579543,-26.9994647,8.53995253,-3.76730389,9.00082606,0.297983978,-0.554213512,1.335317,0.629243251,1.47614991,-38.7340849,16.9050331,71.3293667,-4.77854312,-3.57032986,-26.2851846,False,False
NGC 6624,-875.5,255.620966,-27.0390916,8.54281755,-3.77706896,8.94754414,0.301930587,-0.555915996,1.32790801,0.63261732,1.47089916,-38.4446075,16.387584,73.5605119,-4.82533961,-3.54913378,-25.6492613,False,False
NGC 6624,-875.6,255.663951,-27.0792903,8.54562262,-3.78647751,8.89281826,0.305847412,-0.557565287,1.32027062,0.635941576,1.46544744,-38.1516097,15.8647922,75.7956579,-4.87225491,-3.52810685,-25.015976,False,False
NGC 6624,-875.7,255.708507,-27.1200582,8.54836788,-3.7955266,8.83664628,0.309734089,-0.559160834,1.31240444,0.639215178,1.459795,-37.855056,15.3365635,78.0349863,-4.91929614,-3.50724959,-24.3854546,False,False
NGC 6624,-875.8,255.754638,-27.1613928,8.55105349,-3.80421321,8.77902591,0.313590254,-0.560702076,1.30430901,0.642437285,1.45394211,-37.554909,14.8028004,80.278679,-4.96647047,-3.48656259,-23.7578234,False,False
NGC 6624,-875.9,255.802352,-27.2032915,8.55367961,-3.81253426,8.71995467,0.317415538,-0.562188442,1.29598388,0.645607054,1.44788905,-37.25113,14.2634027,82.5269185,-5.01378507,-3.46604659,-23.1332096,False,False
NGC 6624,-876,255.851657,-27.2457518,8.55624642,-3.8204866,8.6594299,0.321209566,-0.563619351,1.28742859,0.648723638,1.44163613,-36.9436788,13.7182668,84.7798875,-5.06124715,-3.44570242,-22.5117414,False,False
NGC 6624,-876.1,255.902559,-27.288771,8.55875411,-3.828067,8.59744876,0.324971961,-0.564994211,1.27864263,0.651786187,1.43518369,-36.6325133,13.1672858,87.0377691,-5.10886394,-3.42553106,-21.8935479,False,False
NGC 6624,-876.2,255.955066,-27.3323465,8.56120288,-3.83527217,8.53400822,0.328702341,-0.566312417,1.2696255,0.654793848,1.42853208,-36.3175901,12.6103496,89.3007464,-5.15664269,-3.40553361,-21.2787592,False,False
NGC 6624,-876.3,256.009187,-27.3764757,8.56359295,-3.84209873,8.46910508,0.33240032,-0.567573356,1.26037666,0.657745761,1.42168168,-35.9988641,12.0473445,91.5690028,-5.2045907,-3.3857113,-20.6675065,False,False
NGC 6624,-876.4,256.064929,-27.4211558,8.56592454,-3.84854322,8.40273594,0.336065505,-0.568776399,1.25089557,0.660641065,1.41463293,-35.6762882,11.4781534,93.8427216,-5.25271528,-3.3660655,-20.0599223,False,False
NGC 6624,-876.5,256.122301,-27.4663842,8.56819789,-3.85460211,8.33489726,0.339697502,-0.56992091,1.24118165,0.663478889,1.40738627,-35.349814,10.9026552,96.1220862,-5.30102376,-3.34659774,-19.4561403,False,False
NGC 6624,-876.6,256.181312,-27.512158,8.57041325,-3.86027177,8.26558528,0.343295908,-0.571006236,1.23123432,0.666258359,1.3999422,-35.0193911,10.3207252,98.4072796,-5.3495235,-3.32730969,-18.8562957,False,False
NGC 6624,-876.7,256.241971,-27.5584744,8.57257088,-3.86554849,8.19479607,0.346860317,-0.572031713,1.22105298,0.668978594,1.39230124,-34.6849674,9.73223464,100.698484,-5.39822189,-3.30820318,-18.260525,False,False
NGC 6624,-876.8,256.304288,-27.6053306,8.57467105,-3.87042848,8.12252554,0.350390317,-0.572996663,1.210637,0.671638705,1.38446397,-34.3464888,9.13705083,102.995882,-5.44712633,-3.28928022,-17.6689665,False,False
NGC 6624,-876.9,256.368273,-27.6527236,8.57671406,-3.87490783,8.0487694,0.353885491,-0.573900394,1.19998573,0.674237794,1.37643102,-34.0038995,8.53503673,105.299654,-5.49624424,-3.27054298,-17.08176,False,False
NGC 6624,-877,256.433934,-27.7006506,8.5787002,-3.87898256,7.9735232,0.357345415,-0.574742202,1.18909853,0.676774959,1.36820307,-33.6571418,7.926051,107.609981,-5.54558306,-3.25199382,-16.499047,False,False
NGC 6624,-877.1,256.501284,-27.7491083,8.58062978,-3.88264859,7.8967823,0.360769661,-0.575521365,1.1779747,0.679249284,1.35978086,-33.3061558,7.3099478,109.927042,-5.59515023,-3.23363531,-15.920971,False,False
NGC 6624,-877.2,256.570331,-27.7980938,8.58250313,-3.88590171,7.8185419,0.364157791,-0.576237149,1.16661355,0.681659848,1.35116517,-32.9508797,6.68657667,112.251012,-5.6449532,-3.2154702,-15.3476773,False,False
NGC 6624,-877.3,256.641088,-27.8476037,8.58432059,-3.88873763,7.73879702,0.367509365,-0.576888801,1.15501436,0.684005718,1.34235688,-32.5912498,6.05578235,114.582068,-5.69499941,-3.19750146,-14.7793134,False,False
NGC 6624,-877.4,256.713566,-27.897635,8.58608251,-3.89115194,7.65754251,0.370823934,-0.577475555,1.1431764,0.686285951,1.33335693,-32.2272001,5.41740464,116.920381,-5.74529632,-3.17973229,-14.2160289,False,False
NGC 6624,-877.5,256.787776,-27.9481841,8.58778925,-3.89314013,7.57477304,0.374101042,-0.577996626,1.13109893,0.688499593,1.32416633,-31.8586625,4.77127824,119.266123,-5.79585135,-3.16216613,-13.6579756,False,False
NGC 6624,-877.6,256.86373,-27.9992477,8.58944119,-3.89469755,7.49048313,0.377340227,-0.578451214,1.11878116,0.690645679,1.3147862,-31.4855666,4.1172326,121.619458,-5.84667191,-3.14480667,-13.1053077,False,False
NGC 6624,-877.7,256.94144,-28.0508221,8.59103873,-3.89581944,7.40466713,0.380541019,-0.578838499,1.10622232,0.692723231,1.30521772,-31.1078399,3.45509176,123.980549,-5.89776537,-3.12765786,-12.5581819,False,False
NGC 6624,-877.8,257.020919,-28.1029039,8.59258227,-3.89650093,7.31731924,0.38370294,-0.579157644,1.09342161,0.69473126,1.29546221,-30.7254076,2.78467416,126.349554,-5.94913905,-3.11072392,-12.0167575,False,False
NGC 6624,-877.9,257.10218,-28.155489,8.59407224,-3.896737,7.22843348,0.386825505,-0.579407794,1.0803782,0.696668762,1.28552107,-30.3381923,2.10579249,128.726626,-6.00080023,-3.09400939,-11.4811965,False,False
NGC 6624,-878,257.185235,-28.2085737,8.59550906,-3.89652251,7.13800374,0.389908222,-0.579588073,1.06709127,0.698534721,1.27539584,-29.9461146,1.41825351,131.11191,-6.0527561,-3.07751911,-10.9516638,False,False
NGC 6624,-878.1,257.270099,-28.262154,8.59689318,-3.89585218,7.04602375,0.392950588,-0.579697585,1.05355997,0.700328105,1.26508816,-29.5490921,0.721857915,133.505544,-6.10501376,-3.06125825,-10.4283271,False,False
NGC 6624,-878.2,257.356784,-28.3162256,8.59822508,-3.89472058,6.95248711,0.395952094,-0.579735415,1.03978343,0.70204787,1.25459986,-29.1470405,0.0164001114,135.907661,-6.1575802,-3.04523233,-9.91135753,False,False
NGC 6624,-878.3,257.445306,-28.3707842,8.59950523,-3.89312215,6.85738728,0.39891222,-0.579700624,1.02576079,0.703692953,1.24393287,-28.7398726,-0.698331898,138.318381,-6.21046229,-3.02944727,-9.40092907,False,False
NGC 6624,-878.4,257.535677,-28.4258253,8.60073412,-3.89105117,6.76071757,0.40183044,-0.579592253,1.01149116,0.705262279,1.23308931,-28.3274986,-1.42255669,140.737815,-6.26366672,-3.01390938,-8.8972193,False,False
NGC 6624,-878.5,257.627914,-28.4813442,8.60191228,-3.88850175,6.66247121,0.404706215,-0.579409319,0.996973637,0.706754752,1.22207148,-27.9098263,-2.15649958,143.166062,-6.3172,-2.99862536,-8.40040925,False,False
NGC 6624,-878.6,257.722031,-28.5373361,8.60304021,-3.88546788,6.56264129,0.407538999,-0.579150818,0.982207321,0.708169264,1.21088188,-27.4867606,-2.90039276,145.603206,-6.3710684,-2.98360243,-7.91068362,False,False
NGC 6624,-878.7,257.818044,-28.5937959,8.60411848,-3.88194335,6.4612208,0.410328237,-0.578815719,0.967191297,0.709504685,1.1995232,-27.0582039,-3.6544754,148.049316,-6.42527797,-2.96884825,-7.42823092,False,False
NGC 6624,-878.8,257.915967,-28.6507184,8.60514763,-3.87792178,6.35820266,0.41307336,-0.578402967,0.951924646,0.71075987,1.18799837,-26.6240558,-4.41899384,150.504443,-6.4798344,-2.95437101,-6.95324365,False,False
NGC 6624,-878.9,258.015817,-28.708098,8.60612825,-3.87339663,6.2535797,0.415773792,-0.577911482,0.936406444,0.711933654,1.17631057,-26.1842132,-5.19420163,152.968619,-6.53474306,-2.94017947,-6.48591843,False,False
NGC 6624,-879,258.117609,-28.7659289,8.60706092,-3.86836116,6.14734469,0.418428945,-0.577340159,0.920635764,0.713024853,1.16446325,-25.7385703,-5.98035959,155.441851,-6.59000891,-2.92628297,-6.02645619,False,False
NGC 6624,-879.1,258.221361,-28.8242053,8.60794627,-3.86280848,6.03949036,0.42103822,-0.576687863,0.904611681,0.714032264,1.15246014,-25.2870186,-6.77773589,157.924121,-6.64563642,-2.91269152,-5.57506236,False,False
NGC 6624,-879.2,258.327088,-28.8829207,8.60878492,-3.85673146,5.93000941,0.423601008,-0.575953432,0.888333274,0.714954663,1.1403053,-24.829447,-7.58660605,160.415382,-6.70162951,-2.89941579,-5.13194701,False,False
NGC 6624,-879.3,258.434808,-28.9420685,8.60957751,-3.85012281,5.81889455,0.426116686,-0.575135678,0.871799625,0.715790807,1.12800313,-24.3657416,-8.4072529,162.915552,-6.75799149,-2.88646723,-4.69732507,False,False
NGC 6624,-879.4,258.544537,-29.0016419,8.61032473,-3.84297502,5.7061385,0.428584623,-0.574233381,0.855009831,0.71653943,1.11555841,-23.8957861,-9.23996648,165.424514,-6.81472493,-2.87385807,-4.27141653,False,False
NGC 6624,-879.5,258.656293,-29.0616336,8.61102725,-3.83528036,5.59173404,0.431004171,-0.573245292,0.837962998,0.717199247,1.10297631,-23.4194616,-10.0850439,167.942107,-6.87183157,-2.86160141,-3.85444659,False,False
NGC 6624,-879.6,258.770093,-29.1220358,8.61168578,-3.82703092,5.47567402,0.433374675,-0.57217013,0.820658256,0.717768951,1.09026246,-22.9366471,-10.9427891,170.46812,-6.92931219,-2.8497113,-3.4466459,False,False
NGC 6624,-879.7,258.885954,-29.1828407,8.61230105,-3.81821855,5.3579514,0.435695464,-0.571006584,0.803094756,0.718247211,1.07742296,-22.4472191,-11.8135125,173.00229,-6.9871665,-2.83820283,-3.04825078,False,False
NGC 6624,-879.8,259.003894,-29.2440397,8.61287381,-3.80883486,5.23855934,0.437965854,-0.569753312,0.78527168,0.718632678,1.06446444,-21.9510523,-12.6975306,175.544291,-7.04539293,-2.82709216,-2.65950338,False,False
NGC 6624,-879.9,259.123931,-29.3056238,8.61340482,-3.79887127,5.11749114,0.440185151,-0.568408936,0.767188246,0.718923978,1.05139407,-21.4480198,-13.5951656,178.093726,-7.1039885,-2.81639669,-2.28065194,False,False
NGC 6624,-880,259.246082,-29.3675837,8.61389488,-3.78831894,4.99474041,0.442352646,-0.566972048,0.748843719,0.719119717,1.03821967,-20.9379929,-14.5067442,180.65012,-7.16294857,-2.80613513,-1.91195098,False,False
NGC 6624,-880.1,259.370364,-29.4299093,8.6143448,-3.7771688,4.87030104,0.444467616,-0.565441205,0.730237413,0.719218478,1.02494971,-20.4208424,-15.4325975,183.212906,-7.22226665,-2.79632762,-1.55366151,False,False
NGC 6624,-880.2,259.496795,-29.4925901,8.61475541,-3.76541154,4.74416729,0.446529327,-0.563814929,0.71136871,0.719218823,1.01159337,-19.896438,-16.3730589,185.781417,-7.28193407,-2.78699588,-1.20605127,False,False
NGC 6624,-880.3,259.625393,-29.555615,8.61512758,-3.75303761,4.61633392,0.44853703,-0.56209171,0.692237062,0.719119294,0.998160663,-19.3646496,-17.3284638,188.354866,-7.34193971,-2.77816336,-0.869394844,False,False
NGC 6624,-880.4,259.756173,-29.618972,8.61546219,-3.74003722,4.48679617,0.450489964,-0.560270002,0.67284201,0.718918412,0.984662406,-18.8253478,-18.2991472,190.932337,-7.40226965,-2.7698554,-0.543973931,False,False
NGC 6624,-880.5,259.889153,-29.6826487,8.61576015,-3.72640032,4.35554996,0.452387352,-0.558348226,0.653183196,0.71861468,0.971110368,-18.2784044,-19.2854423,193.512762,-7.46290674,-2.76209944,-0.230077431,False,False
NGC 6624,-880.6,260.024348,-29.7466315,8.61602239,-3.71211664,4.22259193,0.454228408,-0.556324768,0.63326038,0.718206582,0.957517312,-17.7236938,-20.2876778,196.094902,-7.52383012,-2.75492522,0.0719984174,False,False
NGC 6624,-880.7,260.161774,-29.8109063,8.61624987,-3.69717564,4.08791961,0.456012331,-0.554197981,0.613073458,0.717692586,0.943897088,-17.1610933,-21.3061752,198.677322,-7.58501471,-2.74836501,0.361949978,False,False
NGC 6624,-880.8,260.301446,-29.8754579,8.61644358,-3.68156658,3.95153153,0.457738307,-0.551966186,0.592622484,0.717071146,0.930264713,-16.5904854,-22.3412456,201.258365,-7.64643058,-2.74245394,0.639466213,False,False
NGC 6624,-880.9,260.443376,-29.94027,8.61660454,-3.66527847,3.81342741,0.459405512,-0.549627673,0.571907694,0.716340704,0.916636468,-16.0117584,-23.393186,203.83612,-7.70804223,-2.73723024,0.904228793,False,False
NGC 6624,-881,260.587578,-30.0053254,8.61673377,-3.64830009,3.67360831,0.461013111,-0.547180702,0.550929535,0.715499692,0.903029989,-15.4248087,-24.4622743,206.408385,-7.76980777,-2.73273565,1.15591232,False,False
NGC 6624,-881.1,260.734063,-30.0706055,8.61683236,-3.63062003,3.5320769,0.462560257,-0.544623506,0.529688694,0.714546538,0.889464371,-14.8295424,-25.5487643,208.972628,-7.83167799,-2.7290158,1.39418469,False,False
NGC 6624,-881.2,260.88284,-30.1360905,8.61690141,-3.61222669,3.38883765,0.464046095,-0.541954295,0.508186138,0.713479668,0.875960265,-14.2258779,-26.6528794,211.525934,-7.89359527,-2.72612065,1.61870777,False,False
NGC 6624,-881.3,261.033916,-30.2017589,8.61694204,-3.59310829,3.24389712,0.465469764,-0.539171254,0.486423151,0.71229751,0.862539984,-13.6137489,-27.7748053,214.064957,-7.95549231,-2.72410504,1.82913821,False,False
NGC 6624,-881.4,261.187298,-30.2675878,8.61695541,-3.57325291,3.0972643,0.466830394,-0.536272556,0.464401388,0.710998503,0.849227602,-12.9931066,-28.9146821,216.585851,-8.01729073,-2.72302929,2.02512877,False,False
NGC 6624,-881.5,261.342987,-30.3335526,8.61694271,-3.55264853,2.94895096,0.468127114,-0.53325636,0.442122922,0.709581102,0.836049053,-12.3639244,-30.0725942,219.084204,-8.07889943,-2.7229598,2.20633007,False,False
NGC 6624,-881.6,261.500983,-30.3996264,8.61690516,-3.53128304,2.79897206,0.46935905,-0.530120819,0.419590312,0.708043785,0.823032217,-11.726201,-31.24856,221.554948,-8.1402127,-2.72396991,2.37239292,False,False
NGC 6624,-881.7,261.661282,-30.4657805,8.61684401,-3.50914431,2.64734623,0.47052533,-0.52686409,0.396806672,0.706385062,0.810207005,-11.0799658,-32.4425196,223.992276,-8.20110811,-2.72614068,2.52297158,False,False
NGC 6624,-881.8,261.823875,-30.5319835,8.61676053,-3.48622025,2.49409634,0.471625085,-0.523484339,0.373775752,0.704603487,0.797605408,-10.4252837,-33.6543211,226.389528,-8.26144414,-2.72956189,2.65772788,False,False
NGC 6624,-881.9,261.98875,-30.5982016,8.61665604,-3.46249885,2.33925007,0.472657458,-0.519979754,0.350502032,0.702697671,0.785261543,-9.76226094,-34.8837051,228.73908,-8.32105748,-2.73433307,2.77633678,False,False
NGC 6624,-882,262.155887,-30.6643979,8.61653187,-3.43796826,2.18284066,0.473621603,-0.516348555,0.326990826,0.700666292,0.773211648,-9.09105197,-36.130289,231.032212,-8.37976014,-2.74056467,2.87849349,False,False
NGC 6624,-882.1,262.32526,-30.7305322,8.61638938,-3.4126169,2.02490768,0.474516692,-0.512589008,0.303248402,0.698508112,0.761494042,-8.41186626,-37.3935483,233.258975,-8.43733634,-2.7483792,2.96392266,False,False
NGC 6624,-882.2,262.496836,-30.7965608,8.61622994,-3.38643354,1.86549793,0.475341924,-0.508699442,0.279282115,0.696221995,0.750149029,-7.72497628,-38.6727983,235.408049,-8.49353925,-2.75791244,3.03238998,False,False
NGC 6624,-882.3,262.670574,-30.8624358,8.61605494,-3.3594074,1.70466641,0.476096527,-0.504678264,0.255100551,0.693806927,0.739218739,-7.03072571,-39.9671747,237.466612,-8.54808793,-2.76931443,3.08371675,False,False
NGC 6624,-882.4,262.846421,-30.928105,8.6158658,-3.33152831,1.5424774,0.476779769,-0.500523979,0.230713692,0.691262036,0.728746876,-6.32953809,-41.2756141,239.42023,-8.60066474,-2.7827501,3.11779795,False,False
NGC 6624,-882.5,263.024314,-30.9935114,8.61566391,-3.30278681,1.37900558,0.477390967,-0.496235213,0.206133079,0.688586612,0.718778386,-5.62192543,-42.5968363,241.252797,-8.65091372,-2.79839927,3.1346239,False,False
NGC 6624,-882.6,263.204178,-31.0585924,8.61545068,-3.27317431,1.21433717,0.477929493,-0.491810734,0.181371987,0.685780138,0.709359004,-4.9084965,-43.9293282,242.946568,-8.69844089,-2.8164554,3.13430553,False,False
NGC 6624,-882.7,263.385925,-31.1232802,8.61522746,-3.24268327,1.04857101,0.478394788,-0.487249477,0.156445583,0.682842314,0.700534686,-4.18996388,-45.2713317,244.482321,-8.74281741,-2.83712266,3.11710254,False,False
NGC 6624,-882.8,263.569449,-31.1875008,8.61499559,-3.21130734,0.881819448,0.478786372,-0.48255057,0.131371058,0.679773082,0.692350921,-3.46714915,-46.6208375,245.839737,-8.78358712,-2.86061036,3.08345266,False,False
NGC 6624,-882.9,263.754631,-31.2511745,8.61475635,-3.17904152,0.714208907,0.479103853,-0.477713359,0.106167714,0.676572653,0.68485191,-2.74098474,-47.9755866,246.998029,-8.82027958,-2.8871242,3.03399852,False,False
NGC 6624,-883,263.941337,-31.3142158,8.61451093,-3.14588237,0.545879893,0.479346941,-0.472737433,0.0808569627,0.673241539,0.678079655,-2.01251135,-49.3330818,247.936885,-8.85242966,-2.9168539,2.96960727,False,False
NGC 6624,-883.1,264.129415,-31.3765343,8.61426041,-3.11182809,0.376986279,0.479515457,-0.467622649,0.0554622185,0.669780572,0.672072967,-1.28286931,-50.6906104,248.637692,-8.87960328,-2.94995748,2.8913765,False,False
NGC 6624,-883.2,264.3187,-31.4380356,8.61400576,-3.07687873,0.207693696,0.479609344,-0.462369149,0.030008653,0.666190928,0.666866458,-0.55328309,-52.0452803,249.084942,-8.90142717,-2.98654393,2.80062052,False,False
NGC 6624,-883.3,264.509016,-31.4986232,8.61374779,-3.04103624,0.0381769274,0.479628673,-0.456977381,0.00452280481,0.662474143,0.662489582,0.174961389,-53.3940677,249.267603,-8.91761835,-3.02665682,2.69883303,False,False
NGC 6624,-883.4,264.700179,-31.5582,8.61348716,-3.00430455,-0.131383508,0.479573648,-0.451448103,-0.0209679352,0.658632123,0.658965801,0.900545641,-54.7338756,249.180191,-8.92800762,-3.0702626,2.58762794,False,False
NGC 6624,-883.5,264.891999,-31.616671,8.61322435,-2.96668963,-0.300805348,0.479444609,-0.445782393,-0.0464359237,0.654667148,0.656311945,1.62215144,-56.0615978,248.823286,-8.93255176,-3.11724646,2.46866571,False,False
NGC 6624,-883.6,265.084288,-31.6739451,8.6129597,-2.92819947,-0.469908695,0.479242028,-0.439981643,-0.0718538833,0.650581869,0.654537813,2.33849444,-57.3741853,248.203367,-8.93133155,-3.1674174,2.34357733,False,False
NGC 6624,-883.7,265.27686,-31.7299375,8.61269336,-2.88884398,-0.638519788,0.478966508,-0.434047553,-0.0971954685,0.646379296,0.653646046,3.04835516,-58.6687081,247.332014,-8.92453669,-3.22052128,2.21389878,False,False
NGC 6624,-883.8,265.469537,-31.7845709,8.61242534,-2.84863497,-0.806474076,0.47861877,-0.427982113,-0.122435728,0.642062782,0.653632254,3.75060472,-59.9424097,246.224689,-8.91244166,-3.27625894,2.08102476,False,False
NGC 6624,-883.9,265.662149,-31.8377765,8.61215553,-2.80758598,-0.973618401,0.478199645,-0.421787584,-0.147551433,0.637635998,0.654485364,4.44422362,-61.1927504,244.899374,-8.89537818,-3.33430579,1.94618487,False,False
NGC 6624,-884,265.854537,-31.8894944,8.61188368,-2.76571212,-1.13981227,0.477710063,-0.415466474,-0.172521266,0.63310291,0.656188145,5.12831342,-62.4174386,243.375291,-8.87370919,-3.39432951,1.81043958,False,False
NGC 6624,-884.1,266.046555,-31.9396741,8.61160949,-2.72302994,-1.30492832,0.477151038,-0.409021513,-0.197325893,0.628467749,0.65871786,5.80210178,-63.6144508,241.671861,-8.84780747,-3.45600419,1.6746906,False,False
NGC 6624,-884.2,266.238066,-31.9882736,8.61133255,-2.67955726,-1.4688522,0.47652366,-0.402455623,-0.221947946,0.623734981,0.66204699,6.46494226,-64.7820405,239.807954,-8.8180399,-3.51902035,1.53969937,False,False
NGC 6624,-884.3,266.428946,-32.035259,8.61105238,-2.63531292,-1.631482,0.475829075,-0.39577189,-0.246371934,0.61890928,0.666143999,7.11631012,-65.9187382,237.8014,-8.78475724,-3.583091,1.40610855,False,False
NGC 6624,-884.4,266.619081,-32.0806041,8.61076847,-2.5903167,-1.79272746,0.475068478,-0.388973538,-0.270584126,0.613995498,0.670974098,7.75579532,-67.0233448,235.668728,-8.74828824,-3.6479548,1.27446324,False,False
NGC 6624,-884.5,266.808369,-32.1242894,8.61048025,-2.54458905,-1.95250905,0.474243101,-0.382063898,-0.294572407,0.608998638,0.676499996,8.38309385,-68.0949186,233.425046,-8.70893691,-3.71337689,1.1452299,False,False
NGC 6624,-884.6,266.996713,-32.1663017,8.61018713,-2.49815103,-2.11075695,0.473354202,-0.375046388,-0.318326136,0.603923831,0.682682593,8.99799815,-69.1327588,231.084041,-8.666982,-3.77914845,1.01881217,True,True
NGC 6624,-884.7,267.184028,-32.2066329,8.60988846,-2.45102406,-2.26741018,0.472403055,-0.367924482,-0.341836002,0.598776312,0.689481634,9.60038711,-70.1363863,228.658034,-8.62267765,-3.84508525,0.895563739,True,True
NGC 6624,-884.8,267.370237,-32.2452797,8.60958361,-2.40322986,-2.42241561,0.471390944,-0.360701697,-0.365093887,0.5935614,0.696856285,10.1902161,-71.1055232,226.158063,-8.57625483,-3.91102588,0.775798233,True,True
NGC 6624,-884.9,267.555267,-32.2822432,8.60927189,-2.35479027,-2.57572721,0.470319151,-0.353381565,-0.388092739,0.588284484,0.704765641,10.7675075,-72.0400711,223.593994,-8.52792309,-3.97682968,0.659796873,True,True
NGC 6624,-885,267.739053,-32.3175276,8.60895261,-2.30572719,-2.72730524,0.469188956,-0.345967622,-0.410826462,0.582951004,0.713169163,11.3323414,-72.9400902,220.974626,-8.47787237,-4.04237475,0.547814109,True,True
NGC 6624,-885.1,267.921537,-32.3511408,8.60862506,-2.25606243,-2.87711557,0.468001627,-0.338463392,-0.43328981,0.577566438,0.722027042,11.8848472,-73.8057789,218.307795,-8.42627483,-4.10755596,0.440081808,True,True
NGC 6624,-885.2,268.102664,-32.3830928,8.60828851,-2.20581767,-3.02512909,0.466758415,-0.330872369,-0.455478291,0.572136297,0.731300496,12.4251959,-74.6374541,215.600479,-8.37328659,-4.17228312,0.336812293,True,True
NGC 6624,-885.3,268.282386,-32.4133963,8.60794224,-2.15501437,-3.17132112,0.465460554,-0.323198011,-0.477388088,0.566666111,0.740952002,12.9535929,-75.4355333,212.85888,-8.31904924,-4.23647928,0.238200511,True,True
NGC 6624,-885.4,268.460658,-32.4420658,8.6075855,-2.1036737,-3.31567093,0.464109255,-0.315443729,-0.499015984,0.561161427,0.75094547,13.4702717,-76.2005181,210.088515,-8.26369131,-4.30007919,0.144425614,True,True
NGC 6624,-885.5,268.63744,-32.4691174,8.60721754,-2.05181652,-3.45816132,0.462705703,-0.30761288,-0.520359291,0.5556278,0.761246375,13.9754881,-76.9329786,207.294285,-8.20732955,-4.36302794,0.0556520934,True,True
NGC 6624,-885.6,268.812693,-32.4945686,8.6068376,-1.99946328,-3.59877819,0.461251056,-0.299708758,-0.541415796,0.550070793,0.771821833,14.4695153,-77.6335407,204.480544,-8.1500701,-4.42527967,-0.0279693944,True,True
NGC 6624,-885.7,268.986385,-32.518438,8.60644491,-1.94663408,-3.73751023,0.459746445,-0.291734592,-0.562183706,0.544495974,0.782640649,14.9526395,-78.3028735,201.651159,-8.0920095,-4.48679653,-0.106301395,True,True
NGC 6624,-885.8,269.158485,-32.5407453,8.60603871,-1.89334855,-3.87434857,0.458192969,-0.283693539,-0.582661599,0.538908917,0.793673333,15.425156,-78.9416791,198.809559,-8.03323565,-4.54754764,-0.179219145,True,True
NGC 6624,-885.9,269.328965,-32.5615108,8.60561822,-1.83962589,-4.00928652,0.456591697,-0.275588684,-0.602848385,0.533315199,0.80489209,15.8873661,-79.5506832,195.958787,-7.97382862,-4.60750825,-0.246610145,True,True
NGC 6624,-886,269.497799,-32.5807555,8.60518267,-1.78548484,-4.14231934,0.454943669,-0.267423039,-0.622743266,0.527720403,0.816270788,16.3395742,-80.1306274,193.10154,-7.91386139,-4.66665899,-0.308373761,True,True
NGC 6624,-886.1,269.664965,-32.5985007,8.60473129,-1.73094365,-4.27344397,0.453249892,-0.259199536,-0.642345705,0.522130122,0.827784917,16.7820852,-80.6822622,190.240206,-7.85340052,-4.72498513,-0.364420843,True,True
NGC 6624,-886.2,269.830442,-32.6147683,8.60426329,-1.67602014,-4.40265889,0.451511341,-0.250921032,-0.661655393,0.516549954,0.839411529,17.2152031,-81.2063414,187.376897,-7.79250676,-4.78247603,-0.414673342,True,True
NGC 6624,-886.3,269.99421,-32.6295802,8.6037779,-1.62073161,-4.52996391,0.449728962,-0.242590307,-0.680672227,0.510985515,0.851129178,17.6392288,-81.703617,184.51348,-7.73123558,-4.8391246,-0.459063927,True,True
NGC 6624,-886.4,270.156253,-32.6429586,8.60327434,-1.56509491,-4.65536001,0.44790367,-0.234210064,-0.699396282,0.505442432,0.862917847,18.054459,-82.1748356,181.6516,-7.66963764,-4.89492685,-0.497535575,True,True
NGC 6624,-886.5,270.316555,-32.6549257,8.60275185,-1.50912643,-4.7788492,0.446036349,-0.225782929,-0.71782779,0.49992635,0.874758876,18.461185,-82.6207343,178.792708,-7.60775922,-4.94988142,-0.530041159,True,True
NGC 6624,-886.6,270.475102,-32.6655039,8.60220965,-1.45284208,-4.90043444,0.444127854,-0.217311456,-0.735967123,0.494442939,0.886634889,18.8596921,-83.0420386,175.938079,-7.54564264,-5.0039893,-0.55654302,True,True
NGC 6624,-886.7,270.631881,-32.6747152,8.60164697,-1.39625732,-5.02011943,0.442179012,-0.208798123,-0.753814776,0.488997889,0.898529717,19.2502587,-83.43946,173.08883,-7.48332658,-5.05725347,-0.577012531,True,True
NGC 6624,-886.8,270.786881,-32.6825817,8.60106306,-1.33938718,-5.13790863,0.440190621,-0.200245337,-0.77137135,0.483596917,0.910428327,19.6331556,-83.8136941,170.245939,-7.42084643,-5.10967862,-0.591429657,True,True
NGC 6624,-886.9,270.940092,-32.6891255,8.60045715,-1.28224625,-5.25380706,0.438163451,-0.191655433,-0.788637541,0.478245769,0.922316749,20.0086463,-84.1654193,167.410258,-7.35823453,-5.16127092,-0.59978251,True,True
NGC 6624,-887,271.091506,-32.6943682,8.5998285,-1.2248487,-5.3678203,0.436098248,-0.183030682,-0.805614123,0.472950222,0.93418201,20.376986,-84.4952961,164.582525,-7.29552049,-5.2120378,-0.602066904,True,True
NGC 6624,-887.1,271.241113,-32.6983314,8.59917636,-1.16720827,-5.47995436,0.433995729,-0.174373283,-0.822301944,0.467716083,0.946012062,20.738422,-84.8039658,161.76338,-7.23273136,-5.26198778,-0.598285923,True,True
NGC 6624,-887.2,271.388906,-32.7010363,8.59849999,-1.10933833,-5.59021566,0.431856588,-0.165685374,-0.83870191,0.462549192,0.957795724,21.0931933,-85.0920507,158.953371,-7.1698919,-5.31113026,-0.588449481,True,True
NGC 6624,-887.3,271.534881,-32.7025042,8.59779866,-1.05125184,-5.69861094,0.429681495,-0.156969029,-0.85481498,0.457455422,0.969522622,21.4415307,-85.3601529,156.152966,-7.10702473,-5.35947544,-0.572573907,True,True
NGC 6624,-887.4,271.67903,-32.7027556,8.59707164,-0.992961414,-5.80514722,0.427471096,-0.148226262,-0.870642158,0.452440674,0.981183128,21.7836572,-85.6088553,153.362561,-7.04415053,-5.40703412,-0.550681533,True,True
NGC 6624,-887.5,271.821349,-32.7018112,8.59631822,-0.934479282,-5.90983176,0.425226017,-0.139459028,-0.886184484,0.447510878,0.992768314,22.1197873,-85.8387208,150.582487,-6.98128821,-5.45381766,-0.522800294,True,True
NGC 6624,-887.6,271.961834,-32.6996909,8.5955377,-0.875817336,-6.01267201,0.422946859,-0.130669225,-0.901443028,0.442671991,1.0042699,22.4501282,-86.0502925,147.813016,-6.91845499,-5.49983783,-0.48896335,True,True
NGC 6624,-887.7,272.100482,-32.6964148,8.59472937,-0.81698713,-6.11367555,0.420634204,-0.121858697,-0.916418887,0.437929989,1.01568019,22.7748789,-86.2440946,145.054369,-6.85566663,-5.54510676,-0.449208717,True,True
NGC 6624,-887.8,272.23729,-32.6920022,8.59389254,-0.757999895,-6.21285011,0.418288614,-0.113029236,-0.931113177,0.433290864,1.02699207,23.0942314,-86.4206318,142.306721,-6.79293745,-5.58963685,-0.403578917,True,True
NGC 6624,-887.9,272.372255,-32.6864723,8.59302654,-0.698866551,-6.31020349,0.415910631,-0.104182583,-0.94552703,0.428760613,1.03819893,23.40837,-86.5803904,139.570205,-6.73028053,-5.6334407,-0.352120644,True,True
NGC 6624,-888,272.505375,-32.6798441,8.59213069,-0.639597719,-6.40574355,0.41350078,-0.0953204286,-0.959661589,0.424345236,1.04929464,23.7174722,-86.7238384,136.844914,-6.66770772,-5.67653106,-0.294884448,True,True
NGC 6624,-888.1,272.636649,-32.672136,8.59120434,-0.580203732,-6.4994782,0.411059568,-0.0864444186,-0.973518006,0.420050718,1.06027351,24.0217086,-86.8514259,134.130912,-6.60522981,-5.71892079,-0.231924435,True,True
NGC 6624,-888.2,272.766076,-32.6633661,8.59024683,-0.520694645,-6.59141534,0.408587482,-0.0775561526,-0.987097438,0.415883021,1.07113026,24.3212433,-86.9635857,131.428229,-6.54285656,-5.76062282,-0.163297983,True,True
NGC 6624,-888.3,272.893655,-32.6535523,8.58925752,-0.461080249,-6.6815629,0.406084996,-0.068657187,-1.00040104,0.411848071,1.08186001,24.6162339,-87.0607338,128.736871,-6.48059681,-5.80165007,-0.0890654739,True,True
NGC 6624,-888.4,273.019385,-32.6427121,8.58823579,-0.401370078,-6.76992874,0.403552567,-0.0597490364,-1.01342998,0.40795174,1.09245821,24.906832,-87.14327,126.05682,-6.41845851,-5.84201547,-0.0092900469,True,True
NGC 6624,-888.5,273.143268,-32.6308624,8.58718102,-0.341573422,-6.85652072,0.400990637,-0.0508331755,-1.02618539,0.40419983,1.10292065,25.1931832,-87.2115782,123.388033,-6.35644884,-5.88173191,0.0759626394,True,True
NGC 6624,-888.6,273.265302,-32.6180203,8.58609259,-0.281699337,-6.94134662,0.398399632,-0.0419110405,-1.03866845,0.400598056,1.11324343,25.4754276,-87.2660268,120.730453,-6.29457421,-5.92081223,0.166624629,True,True
NGC 6624,-888.7,273.385488,-32.604202,8.58496991,-0.221756651,-7.02441416,0.395779966,-0.0329840305,-1.05088027,0.397152021,1.12342293,25.7536999,-87.3069698,118.084002,-6.23284033,-5.95926915,0.262625871,True,True
NGC 6624,-888.8,273.503828,-32.5894237,8.5838124,-0.161753977,-7.105731,0.393132039,-0.0240535093,-1.06282201,0.3938672,1.13345578,26.0281294,-87.3347468,115.448589,-6.1712523,-5.99711534,0.363894412,True,True
NGC 6624,-888.9,273.620321,-32.5737012,8.58261947,-0.101699722,-7.18530468,0.390456236,-0.0151208066,-1.07449478,0.390748911,1.14333886,26.2988407,-87.3496835,112.824109,-6.10981461,-6.0343633,0.470356576,True,True
NGC 6624,-889,273.73497,-32.5570499,8.58139057,-0.0416020941,-7.26314265,0.387752933,-0.00618721953,-1.0858997,0.387802293,1.15306928,26.5659533,-87.3520926,110.210443,-6.04853117,-6.07102545,0.58193713,True,True
NGC 6624,-889.1,273.847775,-32.5394849,8.58012515,0.0185308908,-7.33925226,0.38502249,0.00274598611,-1.09703786,0.385032282,1.16264437,26.8295826,-87.3422737,107.607464,-5.9874054,-6.10711405,0.698559435,True,True
NGC 6624,-889.2,273.958739,-32.5210211,8.57882265,0.0786913971,-7.41364075,0.382265259,0.0116775746,-1.10791035,0.382443583,1.17206162,27.0898392,-87.3205143,105.015035,-5.92644023,-6.14264119,0.820145595,True,True
NGC 6624,-889.3,274.067862,-32.5016728,8.57748255,0.138871764,-7.48631523,0.37948158,0.0206063389,-1.11851824,0.380040643,1.18131874,27.3468298,-87.2870899,102.43301,-5.86563813,-6.17761885,0.94661658,True,True
NGC 6624,-889.4,274.175146,-32.4814544,8.57610433,0.199064499,-7.55728267,0.37667178,0.0295310997,-1.1288626,0.377827627,1.19041357,27.600657,-87.2422647,99.8612347,-5.80500116,-6.21205882,1.07789235,True,True
NGC 6624,-889.5,274.280594,-32.4603795,8.57468749,0.259262266,-7.62654994,0.373836179,0.038450704,-1.13894445,0.375808389,1.19934416,27.8514196,-87.1862919,97.2995502,-5.74453098,-6.24597271,1.21389199,True,True
NGC 6624,-889.6,274.384207,-32.4384619,8.57323151,0.319457887,-7.69412374,0.370975084,0.0473640242,-1.14876482,0.373986449,1.20810864,28.0992128,-87.1194138,94.7477908,-5.68422889,-6.27937199,1.35453376,True,True
NGC 6624,-889.7,274.485988,-32.4157147,8.57173593,0.379644326,-7.76001064,0.368088796,0.056269957,-1.15832472,0.372364968,1.21670532,28.3441283,-87.0418629,92.2057862,-5.62409583,-6.31226794,1.49973524,True,True
NGC 6624,-889.8,274.585937,-32.3921508,8.57020027,0.439814688,-7.82421707,0.365177602,0.0651674223,-1.16762514,0.370946727,1.22513263,28.5862546,-86.9538615,89.6733615,-5.56413242,-6.34467167,1.6494134,True,True
NGC 6624,-889.9,274.684059,-32.3677831,8.56862406,0.499962213,-7.88674931,0.362241786,0.0740553624,-1.17666705,0.369734104,1.2333891,28.8256769,-86.8556229,87.1503382,-5.50433899,-6.3765941,1.80348468,True,True
NGC 6624,-890,274.780355,-32.3426237,8.56700685,0.560080268,-7.94761347,0.359281618,0.0829327407,-1.1854514,0.368729061,1.24147338,29.0624772,-86.7473507,84.6365347,-5.44471557,-6.408046,1.96186503,True,True
NGC 6624,-890.1,274.874826,-32.3166849,8.5653482,0.620162341,-8.00681554,0.356297363,0.0917985412,-1.19397912,0.367933123,1.24938422,29.2967351,-86.6292402,82.1317664,-5.38526194,-6.43903792,2.12447005,True,True
NGC 6624,-890.2,274.967477,-32.2899785,8.56364769,0.680202037,-8.06436131,0.353289276,0.100651767,-1.20225113,0.367347371,1.25712047,29.5285269,-86.5014781,79.6358465,-5.32597759,-6.46958027,2.29121497,True,True
NGC 6624,-890.3,275.058308,-32.2625159,8.56190489,0.740193074,-8.12025644,0.350257607,0.109491441,-1.21026833,0.366972434,1.26468106,29.7579267,-86.3642428,77.1485861,-5.26686182,-6.49968327,2.46201476,True,True
NGC 6624,-890.4,275.147323,-32.2343086,8.56011939,0.800129273,-8.17450642,0.347202597,0.118316603,-1.21803158,0.366808481,1.27206501,29.9850058,-86.217705,74.6697949,-5.20791368,-6.52935696,2.63678412,True,True
NGC 6624,-890.5,275.234523,-32.2053675,8.55829081,0.860004559,-8.22711658,0.344124478,0.127126309,-1.22554175,0.366855223,1.27927141,30.2098333,-86.0620279,72.1992811,-5.14913201,-6.5586112,2.81543759,True,True
NGC 6624,-890.6,275.319912,-32.1757034,8.55641875,0.91981295,-8.27809209,0.341023478,0.135919633,-1.23279967,0.367111917,1.28629942,30.4324759,-85.8973672,69.736852,-5.09051546,-6.58745569,2.99788955,True,True
NGC 6624,-890.7,275.403491,-32.1453268,8.55450285,0.97954856,-8.32743794,0.337899818,0.144695664,-1.23980617,0.367577369,1.29314827,30.6529981,-85.7238717,67.2823139,-5.03206247,-6.61589994,3.18405426,True,True
NGC 6624,-890.8,275.485262,-32.114248,8.55254274,1.03920559,-8.37515897,0.33475371,0.153453506,-1.24656203,0.368249949,1.29981726,30.8714624,-85.5416833,64.8354727,-4.97377133,-6.64395332,3.37384587,True,True
NGC 6624,-890.9,275.565229,-32.0824771,8.55053807,1.09877831,-8.42125985,0.331585362,0.162192276,-1.25306803,0.369127602,1.30630573,31.0879292,-85.3509373,62.3961337,-4.91564015,-6.671625,3.56717848,True,True
NGC 6624,-891,275.643393,-32.0500237,8.54848849,1.1582611,-8.46574506,0.328394975,0.170911107,-1.25932493,0.370207869,1.3126131,31.3024572,-85.1517629,59.9641021,-4.85766686,-6.69892399,3.76396616,True,True
NGC 6624,-891.1,275.719758,-32.0168974,8.54639369,1.21764838,-8.50861894,0.325182745,0.179609142,-1.26533347,0.371487902,1.31873881,31.515103,-84.9442829,57.539183,-4.79984927,-6.72585916,3.96412292,True,True
NGC 6624,-891.2,275.794324,-31.9831077,8.54425334,1.27693466,-8.54988565,0.321948862,0.188285538,-1.27109437,0.372964493,1.32468238,31.7259217,-84.7286142,55.1211814,-4.74218503,-6.7524392,4.16756279,True,True
NGC 6624,-891.3,275.867094,-31.9486635,8.54206713,1.33611451,-8.58954918,0.318693508,0.196939463,-1.27660832,0.374634094,1.33044335,31.9349668,-84.5048682,52.7099027,-4.68467165,-6.77867263,4.37419979,True,True
NGC 6624,-891.4,275.93807,-31.9135737,8.53983476,1.39518258,-8.62761335,0.315416864,0.205570098,-1.28187601,0.376492846,1.33602132,32.14229,-84.2731503,50.3051523,-4.62730651,-6.80456785,4.58394795,True,True
NGC 6624,-891.5,276.007255,-31.8778471,8.53755595,1.45413356,-8.6640818,0.312119103,0.21417663,-1.28689808,0.378536608,1.3414159,32.3479416,-84.033561,47.9067361,-4.57008686,-6.83013306,4.79672133,True,True
NGC 6624,-891.6,276.07465,-31.841492,8.53523043,1.5129622,-8.69895801,0.308800393,0.222758262,-1.29167518,0.380760983,1.34662678,32.5519706,-83.7861954,45.5144603,-4.51300984,-6.85537635,5.01243398,True,True
NGC 6624,-891.7,276.140258,-31.8045166,8.53285793,1.5716633,-8.73224529,0.305460898,0.231314201,-1.29620792,0.383161349,1.35165365,32.7544244,-83.5311433,43.1281315,-4.45607248,-6.88030564,5.23100003,True,True
NGC 6624,-891.8,276.20408,-31.7669291,8.53043819,1.63023173,-8.76394677,0.302100776,0.239843666,-1.3004969,0.38573289,1.35649624,32.9553494,-83.2684899,40.7475571,-4.39927168,-6.90492871,5.45233358,True,True
NGC 6624,-891.9,276.266118,-31.7287372,8.52797097,1.68866239,-8.79406542,0.298720181,0.248345884,-1.30454271,0.388470622,1.36115433,33.1547904,-82.9983156,38.3725449,-4.34260426,-6.9292532,5.67634879,True,True
NGC 6624,-892,276.326374,-31.6899486,8.52545603,1.74695023,-8.82260403,0.295319263,0.256820089,-1.3083459,0.391369423,1.3656277,33.3527915,-82.7206961,36.0029031,-4.28606691,-6.9532866,5.90295982,True,True
NGC 6624,-892.1,276.384849,-31.6505706,8.52289317,1.80509023,-8.84956522,0.291898167,0.265265525,-1.31190701,0.39442406,1.36991618,33.5493952,-82.4357025,33.6384409,-4.22965626,-6.97703627,6.13208084,True,True
NGC 6624,-892.2,276.441545,-31.6106105,8.52028216,1.86307741,-8.87495143,0.288457035,0.273681439,-1.31522656,0.397629213,1.37401961,33.7446432,-82.1434016,31.2789679,-4.1733688,-7.00050943,6.36362604,True,True
NGC 6624,-892.3,276.496464,-31.5700754,8.5176228,1.92090684,-8.89876495,0.284996001,0.282067089,-1.31830505,0.400979505,1.37793787,33.9385761,-81.8438561,28.9242943,-4.11720098,-7.02371317,6.5975096,True,True
NGC 6624,-892.4,276.549606,-31.5289722,8.5149149,1.97857362,-8.92100788,0.281515199,0.290421736,-1.32114296,0.404469519,1.38167084,34.1312336,-81.5371242,26.5742312,-4.06114912,-7.04665445,6.83364567,True,True
NGC 6624,-892.5,276.600974,-31.4873074,8.51215829,2.03607285,-8.94168214,0.278014757,0.298744648,-1.32374076,0.408093825,1.38521845,34.3226545,-81.2232603,24.2285901,-4.00520948,-7.06934011,7.07194839,True,True
NGC 6624,-892.6,276.650568,-31.4450877,8.50935279,2.0933997,-8.96078951,0.2744948,0.307035098,-1.32609888,0.411846994,1.38858064,34.5128767,-80.9023147,21.8871835,-3.94937824,-7.09177684,7.31233185,True,True
NGC 6624,-892.7,276.69839,-31.4023193,8.50649824,2.15054934,-8.97833156,0.270955449,0.315292364,-1.32821775,0.415723622,1.39175735,34.7019372,-80.574334,19.5498241,-3.89365148,-7.11397123,7.5547101,True,True
NGC 6624,-892.8,276.74444,-31.3590085,8.5035945,2.20751695,-8.99430972,0.26739682,0.32351573,-1.33009778,0.419718342,1.39474858,34.8898723,-80.2393607,17.2163258,-3.83802523,-7.13592974,7.79899709,True,True
NGC 6624,-892.9,276.788719,-31.3151611,8.50064142,2.26429776,-9.00872522,0.263819027,0.331704481,-1.33173935,0.423825839,1.39755431,35.0767175,-79.8974339,14.8865026,-3.78249541,-7.15765871,8.04510669,True,True
NGC 6624,-893,276.831228,-31.270783,8.49763889,2.32088699,-9.02157914,0.260222179,0.339857909,-1.33314282,0.428040864,1.40017455,35.2625078,-79.5485889,12.5601695,-3.72705791,-7.17916438,8.29295269,True,True
NGC 6624,-893.1,276.871969,-31.2258799,8.49458678,2.37727989,-9.03287238,0.256606383,0.347975308,-1.33430855,0.432358244,1.40260934,35.4472773,-79.1928575,10.237142,-3.67170851,-7.20045285,8.54244871,True,True
NGC 6624,-893.2,276.91094,-31.1804573,8.49148499,2.43347171,-9.04260566,0.25297174,0.356055975,-1.33523686,0.436772892,1.40485872,35.6310595,-78.8302679,7.91723604,-3.61644295,-7.22153013,8.79350824,True,True
NGC 6624,-893.3,276.948143,-31.1345204,8.48833342,2.48945773,-9.05077953,0.249318352,0.36409921,-1.33592806,0.441279815,1.40692276,35.8138876,-78.460845,5.60026834,-3.56125688,-7.2424021,9.04604461,True,True
NGC 6624,-893.4,276.983578,-31.0880746,8.48513199,2.54523321,-9.05739438,0.245646312,0.372104315,-1.33638245,0.445874121,1.40880154,35.9957939,-78.0846102,3.28605604,-3.50614589,-7.26307454,9.29997095,True,True
NGC 6624,-893.5,277.017245,-31.0411248,8.48188062,2.60079344,-9.06245041,0.241955715,0.380070595,-1.33660029,0.450551024,1.41049514,36.1768103,-77.7015816,0.974416799,-3.45110551,-7.28355314,9.55520016,True,True
NGC 6624,-893.6,277.049144,-30.9936758,8.47857925,2.6561337,-9.06594766,0.238246649,0.387997355,-1.33658184,0.455305845,1.41200369,36.3569684,-77.3117741,-1.33483123,-3.3961312,-7.30384347,9.81164492,True,True
NGC 6624,-893.7,277.079275,-30.9457326,8.47522782,2.71124927,-9.06788599,0.2345192,0.395883902,-1.33632733,0.460134023,1.4133273,36.5362991,-76.9151993,-3.64186944,-3.34121835,-7.323951,10.0692176,True,True
NGC 6624,-893.8,277.107638,-30.8972995,8.4718263,2.76613543,-9.06826509,0.230773452,0.403729546,-1.33583699,0.465031109,1.41446612,36.7148331,-76.5118654,-5.94687878,-3.2863623,-7.34388109,10.3278304,True,True
NGC 6624,-893.9,277.134233,-30.8483811,8.46837465,2.82078745,-9.06708447,0.227009485,0.411533595,-1.33511101,0.469992773,1.41542029,36.8926005,-76.1017778,-8.25003983,-3.23155831,-7.36363903,10.5873951,True,True
NGC 6624,-894,277.159059,-30.7989817,8.46487285,2.87520062,-9.06434347,0.223227375,0.419295359,-1.33414956,0.475014799,1.41619,37.0696311,-75.6849386,-10.5515328,-3.17680161,-7.38322997,10.847823,True,True
NGC 6624,-894.1,277.182114,-30.7491054,8.46132089,2.92937018,-9.06004125,0.219427197,0.427014147,-1.33295282,0.480093091,1.41677542,37.2459547,-75.2613466,-12.8515375,-3.12208732,-7.40265901,11.1090253,True,True
NGC 6624,-894.2,277.2034,-30.6987563,8.45771876,2.9832914,-9.05417682,0.21560902,0.434689267,-1.33152092,0.485223669,1.41717676,37.4216003,-74.8309979,-15.1502335,-3.06741055,-7.42193112,11.3709127,True,True
NGC 6624,-894.3,277.222914,-30.6479382,8.45406649,3.03695951,-9.04674898,0.211772914,0.44232003,-1.32985399,0.490402667,1.41739424,37.5965971,-74.3938852,-17.4478001,-3.01276631,-7.4410512,11.6333954,True,True
NGC 6624,-894.4,277.240655,-30.596655,8.4503641,3.09036973,-9.03775638,0.207918942,0.449905743,-1.32795214,0.495626335,1.41742808,37.7709737,-73.9499983,-19.7444164,-2.95814958,-7.46002405,11.8963831,True,True
NGC 6624,-894.5,277.256623,-30.5449103,8.44661161,3.14351729,-9.02719749,0.204047167,0.457445711,-1.32581545,0.500891031,1.41727853,37.9447587,-73.4993241,-22.040261,-2.90355527,-7.47885438,12.1597851,True,True
NGC 6624,-894.6,277.270816,-30.4927075,8.44280907,3.19639736,-9.01507059,0.200157648,0.464939241,-1.32344399,0.506193226,1.41694586,38.1179804,-73.0418462,-24.3355127,-2.84897821,-7.49754681,12.4235101,True,True
NGC 6624,-894.7,277.283232,-30.4400501,8.43895654,3.24900512,-9.0013738,0.19625044,0.472385636,-1.32083782,0.511529495,1.41643036,38.2906672,-72.5775454,-26.6303499,-2.79441321,-7.51610587,12.6874664,True,True
NGC 6624,-894.8,277.29387,-30.3869414,8.43505409,3.30133571,-8.98610507,0.192325599,0.479784196,-1.31799696,0.516896518,1.41573232,38.4628471,-72.1063995,-28.924951,-2.73985498,-7.53453601,12.9515614,True,True
NGC 6624,-894.9,277.302727,-30.3333844,8.43110179,3.35338425,-8.96926214,0.188383172,0.48713422,-1.31492144,0.522291076,1.41485206,38.6345481,-71.6283832,-31.2194941,-2.68529822,-7.5528416,13.2157021,True,True
NGC 6624,-895,277.309803,-30.2793823,8.42709973,3.40514583,-8.95084262,0.184423209,0.494435004,-1.31161125,0.527710047,1.41378993,38.8057982,-71.1434682,-33.5141575,-2.63073752,-7.57102691,13.4797948,True,True
NGC 6624,-895.1,277.315094,-30.2249378,8.42304801,3.45661553,-8.9308439,0.180445755,0.501685842,-1.30806636,0.533150405,1.41254627,38.9766252,-70.6516233,-35.8091191,-2.57616744,-7.58909613,13.743745,True,True
NGC 6624,-895.2,277.318599,-30.1700538,8.41894675,3.50778836,-8.90926321,0.176450849,0.508886022,-1.30428675,0.538609214,1.41112147,39.1470572,-70.1528141,-38.1045569,-2.52158248,-7.60705338,14.0074576,True,True
NGC 6624,-895.3,277.320315,-30.114733,8.41479607,3.55865934,-8.8860976,0.172438533,0.51603483,-1.30027234,0.544083628,1.40951593,39.3171219,-69.6470034,-40.400649,-2.46697708,-7.62490269,14.2708365,True,True
NGC 6624,-895.4,277.320239,-30.058978,8.4105961,3.60922341,-8.86134395,0.168408841,0.523131549,-1.29602307,0.549570883,1.40773007,39.4868473,-69.1341507,-42.6975734,-2.41234562,-7.64264799,14.533785,True,True
NGC 6624,-895.5,277.318369,-30.0027911,8.406347,3.65947551,-8.83499894,0.164361808,0.530175456,-1.29153884,0.555068301,1.40576435,39.6562616,-68.6142126,-44.9955081,-2.35768242,-7.66029316,14.7962054,True,True
NGC 6624,-895.6,277.314701,-29.9461748,8.40204892,3.70941051,-8.8070591,0.160297463,0.537165824,-1.28681954,0.560573277,1.40361922,39.8253928,-68.0871427,-47.2946309,-2.30298175,-7.67784197,15.0579992,True,True
NGC 6624,-895.7,277.309232,-29.8891313,8.39770204,3.75902326,-8.77752074,0.156215834,0.544101921,-1.28186504,0.566083287,1.40129521,39.9942691,-67.5528913,-49.59512,-2.24823781,-7.69529813,15.3190668,True,True
NGC 6624,-895.8,277.30196,-29.8316627,8.39330654,3.80830855,-8.74638003,0.152116945,0.55098301,-1.27667518,0.571595874,1.39879282,40.162919,-67.0114058,-51.8971533,-2.19344475,-7.71266526,15.5793078,True,True
NGC 6624,-895.9,277.29288,-29.773771,8.38886261,3.85726113,-8.71363292,0.148000819,0.557808349,-1.27124981,0.577108652,1.39611263,40.3313711,-66.4626301,-54.2009089,-2.13859666,-7.7299469,15.8386206,True,True
NGC 6624,-896,277.281988,-29.7154583,8.38437047,3.90587569,-8.67927522,0.143867474,0.564577188,-1.26558873,0.582619302,1.39325521,40.4996542,-65.9065052,-56.5065648,-2.08368759,-7.74714651,16.0969026,True,True
NGC 6624,-896.1,277.269282,-29.6567263,8.37983034,3.95414688,-8.64330252,0.139716926,0.571288773,-1.25969175,0.588125566,1.3902212,40.6677974,-65.3429687,-58.8142989,-2.02871151,-7.76426746,16.3540501,True,True
NGC 6624,-896.2,277.254756,-29.5975768,8.37524244,4.0020693,-8.60571024,0.135549188,0.577942343,-1.25355863,0.593625247,1.38701124,40.83583,-64.7719552,-61.1242892,-1.97366234,-7.78131306,16.6099582,True,True
NGC 6624,-896.3,277.238407,-29.5380114,8.37060704,4.04963747,-8.56649363,0.131364269,0.584537129,-1.24718915,0.599116205,1.38362604,41.0037816,-64.1933957,-63.4367136,-1.91853395,-7.79828651,16.8645208,True,True
NGC 6624,-896.4,277.220231,-29.4780317,8.36592439,4.09684586,-8.52564775,0.127162176,0.591072356,-1.24058305,0.604596353,1.38006632,41.1716822,-63.6072179,-65.7517499,-1.86332015,-7.81519095,17.1176305,True,True
NGC 6624,-896.5,277.200222,-29.4176391,8.36119476,4.1436889,-8.48316746,0.122942914,0.597547242,-1.23374004,0.610063658,1.37633286,41.3395622,-63.0133463,-68.0695755,-1.80801471,-7.83202943,17.3691786,True,True
NGC 6624,-896.6,277.178375,-29.3568351,8.35641845,4.19016092,-8.43904745,0.118706481,0.603960995,-1.22665983,0.615516134,1.37242648,41.5074523,-62.4117017,-70.3903681,-1.75261133,-7.84880489,17.619055,True,True
NGC 6624,-896.7,277.154687,-29.2956208,8.35159574,4.2362562,-8.39328223,0.114452877,0.610312815,-1.21934211,0.620951845,1.36834805,41.6753837,-61.8022016,-72.7143046,-1.69710367,-7.86552022,17.8671482,True,True
NGC 6624,-896.8,277.129151,-29.2339976,8.34672697,4.28196896,-8.34586612,0.110182094,0.616601897,-1.21178655,0.626368895,1.36409847,41.843388,-61.1847598,-75.0415618,-1.64148533,-7.88217821,18.1133454,True,True
NGC 6624,-896.9,277.101763,-29.1719665,8.34181244,4.32729333,-8.29679326,0.105894125,0.622827421,-1.20399281,0.631765433,1.35967873,42.0114974,-60.5592866,-77.3723162,-1.58574987,-7.89878155,18.357532,True,True
NGC 6624,-897,277.072516,-29.1095285,8.33685252,4.37222337,-8.24605759,0.101588956,0.628988563,-1.19596051,0.637139646,1.35508983,42.1797446,-59.9256885,-79.7067434,-1.52989081,-7.91533284,18.5995919,True,True
NGC 6624,-897.1,277.041406,-29.0466847,8.33184756,4.41675306,-8.19365288,0.097266571,0.635084487,-1.18768926,0.64248976,1.35033288,42.3481629,-59.2838684,-82.0450185,-1.47390162,-7.93183461,18.8394075,True,True
NGC 6624,-897.2,277.008425,-28.9834358,8.32679792,4.4608763,-8.13957272,0.092926952,0.641114346,-1.17917868,0.647814035,1.345409,42.516786,-58.6337253,-84.3873158,-1.41777571,-7.94828925,19.0768594,True,True
NGC 6624,-897.3,276.973568,-28.9197827,8.32170401,4.50458691,-8.08381051,0.0885700759,0.647077284,-1.17042833,0.653110764,1.34031942,42.6856487,-57.9751544,-86.7338087,-1.36150649,-7.9646991,19.3118263,True,True
NGC 6624,-897.4,276.936829,-28.8557262,8.31656621,4.54787862,-8.02635947,0.0841959162,0.652972434,-1.16143779,0.658378274,1.33506542,42.854786,-57.308047,-89.0846692,-1.30508731,-7.98106636,19.5441854,True,True
NGC 6624,-897.5,276.898201,-28.7912669,8.31138494,4.59074507,-7.96721262,0.0798044432,0.658798917,-1.15220658,0.66361492,1.32964836,43.0242339,-56.6322902,-91.4400682,-1.2485115,-7.99739314,19.7738117,True,True
NGC 6624,-897.6,276.857677,-28.7264053,8.30616065,4.6331798,-7.90636281,0.0753956232,0.664555842,-1.14273425,0.668819084,1.32406969,43.1940292,-55.9477671,-93.8001747,-1.19177237,-8.01368143,20.0005785,True,True
NGC 6624,-897.7,276.815251,-28.6611421,8.30089378,4.67517625,-7.84380272,0.0709694186,0.670242307,-1.1330203,0.673989175,1.31833092,43.3642094,-55.2543568,-96.1651563,-1.13486318,-8.02993313,20.2243569,True,True
NGC 6624,-897.8,276.770914,-28.5954776,8.29558479,4.71672778,-7.77952483,0.0665257881,0.675857395,-1.12306423,0.679123626,1.31243368,43.5348129,-54.5519339,-98.535178,-1.07777722,-8.04614999,20.4450161,True,True
NGC 6624,-897.9,276.724661,-28.5294123,8.29023417,4.75782762,-7.71352146,0.0620646863,0.68140018,-1.1128655,0.684220893,1.30637967,43.7058791,-53.8403688,-100.910403,-1.02050774,-8.06233365,20.662423,True,True
NGC 6624,-898,276.676483,-28.4629466,8.28484241,4.79846893,-7.64578474,0.0575860641,0.686869719,-1.10242358,0.689279454,1.30017073,43.8774481,-53.1195275,-103.29099,-0.963048019,-8.07848564,20.8764424,True,True
NGC 6624,-898.1,276.626372,-28.3960807,8.27941003,4.83864471,-7.57630663,0.0530898678,0.692265057,-1.09173792,0.694297805,1.29380877,44.0495612,-52.3892715,-105.677097,-0.905391321,-8.09460731,21.0869367,True,True
NGC 6624,-898.2,276.574321,-28.3288149,8.27393756,4.87834789,-7.50507892,0.0485760397,0.697585222,-1.08080794,0.699274463,1.28729584,44.2222606,-51.6494579,-108.068875,-0.847530943,-8.1106999,21.293766,True,True
NGC 6624,-898.3,276.520322,-28.2611493,8.26842556,4.91757125,-7.43209322,0.0440445176,0.702829232,-1.06963305,0.704207958,1.28063411,44.3955899,-50.8999389,-110.466475,-0.789460214,-8.12676449,21.4967879,True,True
NGC 6624,-898.4,276.464365,-28.1930842,8.26287459,4.95630748,-7.357341,0.0394952347,0.707996084,-1.05821266,0.70909684,1.27382587,44.5695934,-50.1405622,-112.870039,-0.731172506,-8.14280199,21.6958577,True,True
NGC 6624,-898.5,276.406444,-28.1246197,8.25728524,4.99454911,-7.28081353,0.03492812,0.713084763,-1.04654613,0.71393967,1.26687358,44.7443169,-49.3711706,-115.279705,-0.67266125,-8.15881316,21.8908278,True,True
NGC 6624,-898.6,276.346548,-28.0557558,8.25165811,5.03228857,-7.20250196,0.0303430972,0.718094236,-1.03463285,0.718735025,1.25977981,44.9198073,-48.5916021,-117.695606,-0.613919953,-8.17479857,22.081548,True,True
NGC 6624,-898.7,276.28467,-27.9864926,8.24599383,5.06951814,-7.12239725,0.0257400855,0.723023455,-1.02247217,0.723481491,1.25254733,45.0961128,-47.8016898,-120.117866,-0.554942215,-8.19075859,22.2678655,True,True
NGC 6624,-898.8,276.220799,-27.9168301,8.24029304,5.10622996,-7.04049025,0.0211189991,0.727871352,-1.01006343,0.728177668,1.24517904,45.2732829,-47.0012618,-122.546602,-0.495721752,-8.2066934,22.4496246,True,True
NGC 6624,-898.9,276.154927,-27.8467684,8.23455641,5.14241605,-6.95677163,0.0164797469,0.732636843,-0.997405965,0.732822165,1.23767806,45.4513685,-46.1901412,-124.981923,-0.436252418,-8.22260295,22.6266663,True,True
NGC 6624,-899,276.087045,-27.7763073,8.22878461,5.17806827,-6.87123195,0.0118222326,0.737318825,-0.984499096,0.737413598,1.23004768,45.630422,-45.3681459,-127.423924,-0.37652823,-8.23848696,22.7988291,True,True
NGC 6624,-899.1,276.017142,-27.705447,8.22297836,5.21317832,-6.78386164,0.00714635449,0.741916176,-0.971342135,0.741950594,1.22229138,45.8104972,-44.5350889,-129.872694,-0.3165434,-8.25434491,22.965948,True,True
NGC 6624,-899.2,275.945209,-27.6341875,8.21713837,5.24773777,-6.69465101,0.00245200531,0.746427757,-0.957934386,0.746431784,1.2144129,45.9916493,-43.6907778,-132.328304,-0.256292369,-8.27017599,23.1278548,True,True
NGC 6624,-899.3,275.871236,-27.5625286,8.2112654,5.28173801,-6.60359026,-0.00226092799,0.750852404,-0.944275147,0.750855808,1.20641618,46.1739351,-42.8350154,-134.790813,-0.195769839,-8.28597911,23.2843781,True,True
NGC 6624,-899.4,275.795214,-27.4904704,8.20536021,5.31517028,-6.51066951,-0.00699256436,0.755188938,-0.930363709,0.75522131,1.19830541,46.3574132,-41.9675993,-137.260263,-0.134970823,-8.30175288,23.435343,True,True
NGC 6624,-899.5,275.717131,-27.418013,8.19942359,5.34802566,-6.41587877,-0.0117430288,0.759436155,-0.916199361,0.759526939,1.19008506,46.5421434,-41.0883217,-139.736679,-0.073890686,-8.31749554,23.5805709,True,True
NGC 6624,-899.6,275.636977,-27.3451563,8.19345636,5.38029503,-6.319208,-0.0165124524,0.763592831,-0.901781391,0.763771349,1.18175985,46.7281873,-40.1969703,-142.220062,-0.0125252046,-8.33320498,23.7198796,True,True
NGC 6624,-899.7,275.554743,-27.2719006,8.18745934,5.41196913,-6.22064712,-0.0213009728,0.767657722,-0.887109087,0.767953195,1.17333484,46.9156083,-39.2933275,-144.710393,0.0491293766,-8.3488787,23.8530833,True,True
NGC 6624,-899.8,275.470417,-27.1982459,8.18143341,5.4430385,-6.120186,-0.0261087342,0.771629557,-0.87218174,0.772071137,1.16481536,47.1044711,-38.3771711,-147.207624,0.111076274,-8.36451373,23.9799919,True,True
NGC 6624,-899.9,275.383989,-27.1241925,8.17537945,5.47349349,-6.0178145,-0.0309358874,0.775507047,-0.856998649,0.776123836,1.15620712,47.2948422,-37.4482744,-149.71168,0.17331809,-8.38010666,24.1004115,True,True
NGC 6624,-900,275.295449,-27.0497407,8.16929836,5.50332429,-5.9135225,-0.03578259,0.779288876,-0.84155912,0.780109958,1.14751614,47.4867896,-36.506406,-152.22245,0.235856722,-8.39565354,24.2141439,True,True
NGC 6624,-900.1,275.204785,-26.9748908,8.16319108,5.53252088,-5.80729992,-0.0406490069,0.782973706,-0.825862474,0.784028167,1.13874887,47.6803828,-35.5513306,-154.739787,0.298693267,-8.41114986,24.3209866,True,True
NGC 6624,-900.2,275.111987,-26.8996434,8.15705857,5.56107303,-5.69913676,-0.0455353101,0.786560174,-0.809908049,0.78787713,1.12991213,47.8756928,-34.5828093,-157.263504,0.361827907,-8.42659048,24.4207324,True,True
NGC 6624,-900.3,275.017045,-26.8239991,8.15090181,5.58897034,-5.5890231,-0.0504416786,0.790046891,-0.793695205,0.791655514,1.12101317,48.0727919,-33.6005995,-159.793362,0.425259783,-8.44196957,24.5131696,True,True
NGC 6624,-900.4,274.919948,-26.7479586,8.14472182,5.6162022,-5.47694917,-0.0553682994,0.793432447,-0.777223327,0.795361991,1.11205971,48.2717536,-32.6044561,-162.329072,0.488986853,-8.45728057,24.5980816,True,True
NGC 6624,-900.5,274.820686,-26.671523,8.13851965,5.64275777,-5.3629054,-0.0603153666,0.796715403,-0.760491834,0.798995229,1.10305993,48.4726523,-31.5941317,-164.870285,0.553005726,-8.47251606,24.6752468,True,True
NGC 6624,-900.6,274.719248,-26.5946933,8.13229635,5.66862604,-5.24688243,-0.0652830822,0.799894296,-0.743500185,0.802553902,1.09402253,48.6755634,-30.5693772,-167.416582,0.617311476,-8.4876677,24.7444381,True,True
NGC 6624,-900.7,274.615624,-26.5174709,8.12605304,5.69379577,-5.12887122,-0.0702716559,0.802967637,-0.726247883,0.806036682,1.08495674,48.8805625,-29.5299433,-169.967468,0.681897436,-8.50272614,24.8054234,True,True
NGC 6624,-900.8,274.509804,-26.4398574,8.11979083,5.71825551,-5.00886306,-0.0752813052,0.805933913,-0.708734488,0.809442245,1.07587235,49.0877256,-28.4755807,-172.522364,0.746754956,-8.5176809,24.8579644,True,True
NGC 6624,-900.9,274.40178,-26.3618546,8.11351089,5.7419936,-4.88684965,-0.0803122551,0.808791584,-0.690959625,0.812769269,1.06677978,49.2971283,-27.4060421,-175.080589,0.811873129,-8.5325202,24.9018173,True,True
NGC 6624,-901,274.291541,-26.2834648,8.10721441,5.76499817,-4.7628232,-0.0853647386,0.811539086,-0.672922992,0.816016438,1.05769002,49.5088453,-26.3210829,-177.641356,0.877238481,-8.54723091,24.9367319,True,True
NGC 6624,-901.1,274.179079,-26.2046905,8.10090261,5.78725715,-4.63677653,-0.0904389962,0.814174829,-0.654624374,0.819182436,1.04861477,49.7229499,-25.2204633,-180.20375,0.94283462,-8.5617983,24.9624517,True,True
NGC 6624,-901.2,274.064387,-26.1255347,8.09457674,5.80875823,-4.50870311,-0.0955352756,0.816697199,-0.636063658,0.822265957,1.03956639,49.9395133,-24.1039501,-182.766715,1.00864183,-8.57620587,24.9787134,True,True
NGC 6624,-901.3,273.947457,-26.0460007,8.08823809,5.82948894,-4.37859725,-0.100653832,0.81910456,-0.617240847,0.825265699,1.03055797,50.1586035,-22.9713188,-185.329035,1.0746366,-8.59043517,24.9852468,True,True
NGC 6624,-901.4,273.828282,-25.9660925,8.08188799,5.84943658,-4.24645417,-0.105794927,0.821395252,-0.598156076,0.828180371,1.02160336,50.3802842,-21.8223563,-187.889313,1.14079113,-8.60446554,24.9817744,True,True
NGC 6624,-901.5,273.706857,-25.8858147,8.0755278,5.86858827,-4.11227017,-0.110958828,0.823567594,-0.578809634,0.831008691,1.01271716,50.6046138,-20.6568638,-190.445942,1.20707268,-8.6182738,24.9680113,True,True
NGC 6624,-901.6,273.583178,-25.8051722,8.0691589,5.88693096,-3.97604282,-0.11614581,0.825619887,-0.559201987,0.833749391,1.00391479,50.8316437,-19.4746601,-192.997085,1.27344292,-8.631834,24.9436649,True,True
NGC 6624,-901.7,273.457241,-25.7241712,8.06278273,5.9044514,-3.8377711,-0.12135615,0.827550413,-0.5393338,0.836401221,0.995212515,51.0614167,-18.275586,-195.540632,1.33985712,-8.64511698,24.9084344,True,True
NGC 6624,-901.8,273.329045,-25.6428182,8.05640077,5.92113623,-3.69745567,-0.126590131,0.82935744,-0.519205971,0.838962946,0.98662742,51.2939646,-17.059508,-198.074176,1.40626327,-8.65809002,24.8620114,True,True
NGC 6624,-901.9,273.19859,-25.561121,8.05001451,5.9369719,-3.55509907,-0.131848037,0.831039224,-0.498819661,0.841433358,0.978177463,51.5293065,-15.8263243,-200.594958,1.47260104,-8.67071629,24.8040791,True,True
NGC 6624,-902,273.065878,-25.4790882,8.0436255,5.9519448,-3.41070603,-0.137130156,0.83259401,-0.478176331,0.843811273,0.969881472,51.7674457,-14.5759698,-203.099831,1.53880061,-8.6829544,24.7343129,True,True
NGC 6624,-902.1,272.930914,-25.3967298,8.03723535,5.9660412,-3.26428377,-0.142436771,0.834020042,-0.457277791,0.846095541,0.961759139,52.0083663,-13.3084236,-205.585196,1.60478132,-8.69475766,24.6523809,True,True
NGC 6624,-902.2,272.793705,-25.3140571,8.03084567,5.97924731,-3.11584238,-0.147768167,0.835315562,-0.43612624,0.848285046,0.953831021,52.2520305,-12.0237157,-208.046947,1.6704502,-8.70607347,24.5579445,True,True
NGC 6624,-902.3,272.654261,-25.2310828,8.02445815,5.99154934,-2.96539523,-0.15312462,0.83647882,-0.414724326,0.850378719,0.946118509,52.4983738,-10.721936,-210.480397,1.73570019,-8.71684243,24.4506594,True,True
NGC 6624,-902.4,272.512596,-25.1478214,8.01807449,6.00293352,-2.81295941,-0.1585064,0.837508076,-0.393075213,0.852375537,0.938643798,52.7473014,-9.4032435,-212.8802,1.80040826,-8.72699747,24.330178,True,True
NGC 6624,-902.5,272.368728,-25.0642896,8.01169647,6.01338614,-2.6585563,-0.163913765,0.838401614,-0.371182646,0.854274539,0.931429839,52.9986827,-8.06787674,-215.240264,1.86443324,-8.73646277,24.1961517,True,True
NGC 6624,-902.6,272.22268,-24.9805059,8.00532587,6.02289363,-2.50221215,-0.169346958,0.839157742,-0.349051036,0.856074826,0.924500262,53.2523464,-6.71616546,-217.553655,1.92761343,-8.74515265,24.048235,True,True
NGC 6624,-902.7,272.074479,-24.8964917,7.99896455,6.03144262,-2.34395879,-0.1748062,0.839774812,-0.32668555,0.857775578,0.91787929,53.5080751,-5.34854306,-219.812491,1.98976409,-8.75297031,23.8860913,True,True
NGC 6624,-902.8,271.92416,-24.8122711,7.9926144,6.03902001,-2.18383436,-0.180291691,0.840251222,-0.304092217,0.859376059,0.911591623,53.7655993,-3.96556019,-222.007829,2.05067463,-8.75980647,23.7093999,True,True
NGC 6624,-902.9,271.771763,-24.7278712,7.98627733,6.04561307,-2.02188415,-0.185803597,0.840585437,-0.281278038,0.860875631,0.905662292,54.0245915,-2.56789917,-224.129557,2.11010587,-8.76553802,23.5178662,True,True
NGC 6624,-903,271.617336,-24.6433232,7.97995532,6.05120951,-1.85816158,-0.191342049,0.840775994,-0.258251111,0.862273769,0.900116486,54.2846611,-1.15638881,-226.166281,2.16778742,-8.7700267,23.3112347,False,False
NGC 6624,-903.1,271.460938,-24.558662,7.97365035,6.05579761,-1.69272916,-0.196907135,0.840821529,-0.235020767,0.863570068,0.894979343,54.545349,0.267980627,-228.105249,2.22341551,-8.77311807,23.0893058,False,False
NGC 6624,-903.2,271.302635,-24.4739271,7.96736444,6.05936635,-1.52565962,-0.20249889,0.840720782,-0.211597721,0.864764265,0.890275704,54.8061238,1.70404278,-229.932288,2.27665156,-8.77464079,22.8519573,False,False
NGC 6624,-903.3,271.142504,-24.3891632,7.96109962,6.06190549,-1.35703693,-0.208117295,0.840472627,-0.187994202,0.86585625,0.886029833,55.0663786,3.15044206,-231.631826,2.32712246,-8.77440692,22.599169,False,False
NGC 6624,-903.4,270.980637,-24.3044202,7.95485793,6.06340576,-1.18695739,-0.213762261,0.840076083,-0.164224103,0.866846082,0.882265088,55.3254307,4.6056228,-233.187009,2.3744231,-8.77221329,22.3310531,False,False
NGC 6624,-903.5,270.817136,-24.2197541,7.94864138,6.063859,-1.01553053,-0.219433626,0.839530342,-0.140303094,0.86773401,0.879003567,55.5825226,6.06782239,-234.579963,2.41812236,-8.76784491,22.0478861,False,False
NGC 6624,-903.6,270.652115,-24.135227,7.94245196,6.06325826,-0.842879746,-0.22513115,0.838834784,-0.116248706,0.868520483,0.876265708,55.8368257,7.53507,-235.79225,2.45777367,-8.76108074,21.7501417,False,False
NGC 6624,-903.7,270.485705,-24.0509069,7.93629161,6.06159802,-0.669142574,-0.230854501,0.837989002,-0.092080358,0.869206172,0.874069883,56.0874475,9.00519285,-236.805556,2.49293091,-8.75170254,21.4385193,False,False
NGC 6624,-903.8,270.318049,-23.9668682,7.93016218,6.05887429,-0.494470296,-0.236603255,0.836992822,-0.0678192964,0.869791978,0.87243197,56.3334403,10.475832,-237.602608,2.52316982,-8.73950672,21.1139623,False,False
NGC 6624,-903.9,270.1493,-23.8831904,7.92406542,6.05508475,-0.31902683,-0.242376889,0.835846318,-0.0434884341,0.870279049,0.871364945,56.5738131,11.944469,-238.168275,2.54811369,-8.72431852,20.7776601,False,False
NGC 6624,-904,269.979625,-23.7999574,7.91800295,6.05022886,-0.142986781,-0.248174774,0.83454983,-0.0191120741,0.870668787,0.870878527,56.8075446,13.4084641,-238.490721,2.56746048,-8.70600705,20.4310269,False,False
NGC 6624,-904.1,269.809195,-23.7172563,7.91197624,6.04430794,0.0334673792,-0.25399618,0.833103969,0.00528448442,0.870962848,0.87097888,57.0335977,14.8651053,-238.562425,2.58100688,-8.68449855,20.075656,False,False
NGC 6624,-904.2,269.638188,-23.6351751,7.90598659,6.03732522,0.210148761,-0.259840268,0.831509629,0.0296754248,0.871163146,0.871668434,57.2509345,16.3116644,-238.380865,2.58866475,-8.65978518,19.7132524,False,False
NGC 6624,-904.3,269.466781,-23.5538016,7.90003512,6.02928582,0.386869854,-0.265706093,0.829767977,0.0540349379,0.871271843,0.872945816,57.458531,17.7454574,-237.948707,2.59046607,-8.63192738,19.3455529,False,False
NGC 6624,-904.4,269.295149,-23.4732209,7.89412279,6.02019672,0.563446298,-0.27159261,0.827880453,0.0783377405,0.871291335,0.874805916,57.6553917,19.1639032,-237.273464,2.58655569,-8.60104905,18.9742456,False,False
NGC 6624,-904.5,269.123461,-23.393514,7.88825038,6.0100667,0.739700238,-0.277498669,0.825848752,0.102559534,0.871224237,0.877240064,57.8405645,20.5645759,-236.366705,2.57717362,-8.56732687,18.6009025,False,False
NGC 6624,-904.6,268.951878,-23.3147568,7.88241851,5.99890616,0.915462982,-0.28342303,0.823674807,0.126677364,0.871073362,0.880236307,58.0131537,21.9452467,-235.243004,2.5626312,-8.53097604,18.2269319,False,False
NGC 6624,-904.7,268.780549,-23.2370187,7.87662767,5.98672705,1.09057688,-0.289364363,0.821360768,0.150669875,0.870841688,0.883779756,58.1723322,23.3039153,-233.918838,2.54328577,-8.49223518,17.8535538,False,False
NGC 6624,-904.8,268.609614,-23.1603625,7.87087824,5.97354267,1.26489641,-0.295321258,0.818908977,0.17451745,0.870532342,0.887852971,58.3173524,24.6388279,-232.411566,2.51951757,-8.45135263,17.4817969,False,False
NGC 6624,-904.9,268.439199,-23.0848444,7.86517047,5.9593675,1.43828853,-0.301292231,0.816321943,0.198202255,0.870148564,0.892436361,58.4475545,25.9484853,-230.738629,2.49171106,-8.40857543,17.1125098,False,False
NGC 6624,-905,268.269421,-23.0105136,7.85950456,5.94421704,1.61063263,-0.307275738,0.813602315,0.221708221,0.869693685,0.897508574,58.5623719,27.2316411,-228.916953,2.46024138,-8.36414129,16.7463818,False,False
NGC 6624,-905.1,268.100383,-22.9374133,7.85388061,5.92810763,1.78181999,-0.313270181,0.810752855,0.245020963,0.869171098,0.903046882,58.6613347,28.4872934,-226.96257,2.42546539,-8.31827343,16.3839679,False,False
NGC 6624,-905.2,267.93218,-22.8655807,7.8482987,5.91105627,1.95175309,-0.319273917,0.807776418,0.268127683,0.868584237,0.909027519,58.7440697,29.7146712,-224.8904,2.38771658,-8.27117769,16.0257138,False,False
NGC 6624,-905.3,267.764896,-22.7950476,7.84275881,5.89308052,2.12034477,-0.325285273,0.804675927,0.291017046,0.867936551,0.915426009,58.8102986,30.9132173,-222.714153,2.34730272,-8.22304131,15.671978,False,False
NGC 6624,-905.4,267.598607,-22.7258408,7.83726094,5.87419832,2.2875174,-0.33130255,0.801454349,0.313679057,0.867231488,0.922217438,58.8598343,32.0825689,-220.446315,2.30450533,-8.17403295,15.3230521,False,False
NGC 6624,-905.5,267.433381,-22.657983,7.83180499,5.85442784,2.45320197,-0.337324034,0.798114682,0.336104936,0.866472475,0.929376715,58.8925743,33.2225379,-218.098189,2.2595804,-8.12430331,14.9791759,False,False
NGC 6624,-905.6,267.269277,-22.5914928,7.82639089,5.83378744,2.61733729,-0.343348007,0.794659933,0.358287002,0.865662904,0.936878775,58.9084953,34.3330904,-215.679956,2.21275975,-8.07398627,14.6405502,False,False
NGC 6624,-905.7,267.10635,-22.5263853,7.8210185,5.81229551,2.77986919,-0.349372749,0.791093108,0.380218562,0.864806119,0.944698776,58.9076444,35.4143278,-213.200762,2.16425275,-8.0232002,14.3073464,False,False
NGC 6624,-905.8,266.944647,-22.4626728,7.81568767,5.7899704,2.94074986,-0.355396551,0.787417193,0.401893807,0.863905402,0.952812246,58.8901322,36.4664676,-210.668799,2.11424812,-7.97204936,13.9797131,False,False
NGC 6624,-905.9,266.784209,-22.4003647,7.81039823,5.76683037,3.09993712,-0.361417718,0.783635149,0.423307722,0.86296397,0.961195215,58.8561245,37.4898261,-208.091399,2.06291583,-7.92062526,13.6577811,False,False
NGC 6624,-906,266.625076,-22.3394681,7.80514998,5.74289347,3.25739389,-0.367434571,0.7797499,0.444456003,0.86198496,0.969824319,58.8058348,38.4848029,-205.475111,2.01040877,-7.86900797,13.3416673,False,False
NGC 6624,-906.1,266.46728,-22.2799881,7.79994271,5.71817757,3.41308762,-0.37344546,0.775764325,0.465334976,0.860971428,0.978676882,58.7395166,39.451866,-202.82578,1.95686447,-7.81726738,13.0314765,False,False
NGC 6624,-906.2,266.31085,-22.2219279,7.79477619,5.69270024,3.56698985,-0.379448758,0.771681253,0.485941533,0.859926344,0.987730981,58.6574571,40.3915393,-200.148619,1.9024066,-7.76546431,12.7273031,False,False
NGC 6624,-906.3,266.155812,-22.1652894,7.78965017,5.66647875,3.71907573,-0.385442873,0.767503456,0.506273072,0.858852585,0.996965489,58.5599705,41.3043906,-197.448276,1.84714631,-7.71365153,12.4292317,False,False
NGC 6624,-906.4,266.00219,-22.1100729,7.78456437,5.63953006,3.86932366,-0.391426243,0.763233647,0.526327435,0.857752938,1.00636011,58.4473925,42.1910219,-194.728887,1.79118355,-7.66187469,12.1373381,False,False
NGC 6624,-906.5,265.850002,-22.0562776,7.77951851,5.61187076,4.01771493,-0.397397342,0.758874474,0.546102869,0.856630092,1.0158954,58.3200748,43.0520604,-191.994137,1.73460816,-7.61017316,11.8516888,False,False
NGC 6624,-906.6,265.699267,-22.0039017,7.77451231,5.58351707,4.16423344,-0.403354682,0.754428524,0.565597971,0.855486644,1.02555276,58.1783814,43.8881511,-189.247301,1.67750088,-7.55858076,11.5723419,False,False
NGC 6624,-906.7,265.55,-21.9529426,7.76954543,5.55448484,4.30886538,-0.409296812,0.749898313,0.58481166,0.854325091,1.03531446,58.0226837,44.6999499,-186.49129,1.6199343,-7.50712642,11.2993461,False,False
NGC 6624,-906.8,265.402214,-21.903397,7.76461757,5.52478954,4.45159901,-0.415222319,0.745286293,0.603743129,0.853147837,1.04516362,57.8533578,45.4881182,-183.728689,1.56197366,-7.4558348,11.0327417,False,False
NGC 6624,-906.9,265.255921,-21.8552608,7.75972839,5.49444623,4.59242442,-0.421129827,0.740594846,0.622391827,0.851957192,1.05508419,57.6707813,46.2533185,-180.961793,1.50367758,-7.40472674,10.7725596,False,False
NGC 6624,-907,265.11113,-21.8085296,7.75487754,5.46346962,4.73133335,-0.427018002,0.735826287,0.640757418,0.85075537,1.06506092,57.4753306,46.9962099,-178.192633,1.44509873,-7.35381979,10.518822,False,False
NGC 6624,-907.1,264.967849,-21.7631984,7.75006466,5.43187398,4.86831898,-0.432885545,0.730982865,0.658839766,0.849544492,1.07507938,57.2673791,47.7174453,-175.423008,1.38628443,-7.30312857,10.2715419,False,False
NGC 6624,-907.2,264.826087,-21.719262,7.7452894,5.39967324,5.00337582,-0.438731197,0.726066761,0.676638905,0.848326591,1.0851259,57.0472956,48.4176686,-172.654508,1.32727716,-7.25266516,10.0307235,False,False
NGC 6624,-907.3,264.685849,-21.6767146,7.74055138,5.36688093,5.13649951,-0.444553736,0.721080092,0.694155025,0.847103609,1.09518753,56.8154421,49.0975123,-169.888534,1.26811504,-7.20243941,9.79636227,False,False
NGC 6624,-907.4,264.547139,-21.6355505,7.73585023,5.33351023,5.26768672,-0.450351977,0.71602491,0.711388448,0.8458774,1.10525205,56.5721737,49.757596,-167.126321,1.20883227,-7.15245918,9.56844492,False,False
NGC 6624,-907.5,264.409962,-21.5957636,7.73118557,5.29957393,5.39693506,-0.456124769,0.710903205,0.728339615,0.844649733,1.11530792,56.3178366,50.398525,-164.368954,1.1494595,-7.10273066,9.34694972,False,False
NGC 6624,-907.6,264.274322,-21.5573477,7.72655702,5.26508449,5.5242429,-0.461870998,0.705716906,0.745009071,0.843422297,1.12534425,56.0527684,51.0208893,-161.617383,1.09002418,-7.05325852,9.13184671,False,False
NGC 6624,-907.7,264.14022,-21.5202967,7.72196419,5.23005402,5.64960937,-0.467589584,0.700467882,0.761397453,0.842196695,1.13535076,55.7772968,51.6252628,-158.872435,1.03055087,-7.00404613,8.92309791,False,False
NGC 6624,-907.8,264.007658,-21.484604,7.71740668,5.19449429,5.77303422,-0.473279479,0.695157944,0.777505476,0.840974453,1.14531777,55.4917393,52.2122027,-156.134833,0.971061493,-6.95509575,8.72065761,False,False
NGC 6624,-907.9,263.876638,-21.4502633,7.71288412,5.15841675,5.89451773,-0.478939666,0.689788847,0.793333924,0.839757022,1.15523615,55.1964035,52.7822493,-153.405199,0.911575627,-6.90640861,8.52447265,False,False
NGC 6624,-908,263.74716,-21.4172682,7.70839611,5.12183254,6.01406072,-0.484569162,0.684362292,0.808883639,0.838545777,1.16509732,54.8915863,53.3359259,-150.684071,0.852110696,-6.85798511,8.3344827,False,False
NGC 6624,-908.1,263.619225,-21.3856122,7.70394226,5.0847525,6.13166439,-0.490167011,0.678879927,0.824155516,0.837342018,1.17489317,54.5775741,53.8737384,-147.971907,0.792682181,-6.80982492,8.15062059,False,False
NGC 6624,-908.2,263.492832,-21.355289,7.69952218,5.04718716,6.24733034,-0.495732288,0.67334335,0.839150492,0.836146978,1.18461611,54.2546427,54.3961757,-145.269097,0.733303807,-6.76192704,7.9728126,False,False
NGC 6624,-908.3,263.367981,-21.3262921,7.69513549,5.0091468,6.36106051,-0.501264093,0.667754109,0.85386954,0.83496182,1.19425895,53.9230577,54.9037101,-142.575967,0.6739877,-6.71428994,7.80097875,False,False
NGC 6624,-908.4,263.244672,-21.2986152,7.69078181,4.9706414,6.47285708,-0.506761555,0.662113705,0.868313666,0.833787642,1.20381496,53.583074,55.3967969,-139.892786,0.614744539,-6.66691159,7.63503314,False,False
NGC 6624,-908.5,263.122903,-21.2722522,7.68646077,4.93168069,6.58272251,-0.512223827,0.656423591,0.882483898,0.832625474,1.2132778,53.2349367,55.8758752,-137.219774,0.555583689,-6.61978959,7.47488424,False,False
NGC 6624,-908.6,263.002673,-21.2471967,7.68217198,4.89227417,6.69065945,-0.517650088,0.65068518,0.896381285,0.831476288,1.2226415,52.8788807,56.3413681,-134.557104,0.496513317,-6.57292116,7.32043515,False,False
NGC 6624,-908.7,262.88398,-21.2234427,7.67791508,4.85243106,6.79667073,-0.52303954,0.64489984,0.910006893,0.830340993,1.23190045,52.5151312,56.7936831,-131.90491,0.43754051,-6.52630325,7.17158391,False,False
NGC 6624,-908.8,262.766824,-21.2009842,7.67368971,4.81216038,6.90075931,-0.528391406,0.639068898,0.923361797,0.829220438,1.24104937,52.1439038,57.2332126,-129.263288,0.378671363,-6.47993254,7.0282238,False,False
NGC 6624,-908.9,262.651202,-21.1798152,7.66949552,4.77147091,7.00292828,-0.533704933,0.633193642,0.936447083,0.828115417,1.25008331,51.765405,57.6603342,-126.632302,0.319911078,-6.43380554,6.89024353,False,False
NGC 6624,-909,262.537112,-21.15993,7.66533216,4.73037124,7.10318083,-0.538979387,0.627275323,0.94926384,0.827026669,1.2589976,51.3798321,58.0754112,-124.011987,0.261264036,-6.38791854,6.75752757,False,False
NGC 6624,-909.1,262.424553,-21.1413228,7.66119928,4.68886974,7.20152021,-0.544214054,0.621315155,0.96181316,0.825954877,1.26778784,50.9873737,58.478793,-121.402351,0.202733877,-6.34226774,6.62995635,False,False
NGC 6624,-909.2,262.313523,-21.123988,7.65709657,4.64697458,7.29794973,-0.54940824,0.615314316,0.974096136,0.824900674,1.27644992,50.5882101,58.8708159,-118.803378,0.144323563,-6.2968492,6.50740647,False,False
NGC 6624,-909.3,262.204019,-21.10792,7.65302368,4.60469375,7.39247274,-0.554561267,0.609273951,0.986113855,0.823864641,1.28497995,50.1825131,59.2518028,-116.215033,0.0860354389,-6.2516589,6.38975096,False,False
NGC 6624,-909.4,262.096039,-21.0931136,7.64898032,4.56203507,7.48509261,-0.559672476,0.603195174,0.997867402,0.822847312,1.29337429,49.7704469,59.6220647,-113.637259,0.0278712874,-6.20669275,6.27685948,False,False
NGC 6624,-909.5,261.989582,-21.0795633,7.64496617,4.51900618,7.57581271,-0.564741224,0.597079065,1.00935785,0.82184917,1.30162949,49.3521679,59.9819001,-111.069985,-0.0301676215,-6.16194663,6.16859847,False,False
NGC 6624,-909.6,261.884645,-21.0672641,7.64098094,4.47561456,7.6646364,-0.569766882,0.590926676,1.02058628,0.820870657,1.30974234,48.9278249,60.3315962,-108.513124,-0.0880804851,-6.11741636,6.06483136,False,False
NGC 6624,-909.7,261.781226,-21.0562109,7.63702435,4.43186753,7.75156704,-0.574748838,0.584739029,1.03155374,0.819912166,1.31770979,48.4975598,60.671429,-105.966573,-0.145866927,-6.07309777,5.96541875,False,False
NGC 6624,-909.8,261.679323,-21.0463987,7.63309613,4.38777225,7.83660796,-0.579686493,0.578517121,1.04226129,0.818974047,1.32552898,48.0615076,61.0016638,-103.430222,-0.20352696,-6.02898667,5.87021855,False,False
NGC 6624,-909.9,261.578935,-21.0378227,7.62919601,4.34333576,7.91976243,-0.584579263,0.572261919,1.05270996,0.818056611,1.33319724,47.6197967,61.3225556,-100.903946,-0.261060952,-5.98507887,5.77908612,False,False
NGC 6624,-910,261.480058,-21.0304783,7.62532374,4.29856496,8.0010337,-0.589426574,0.565974367,1.06290077,0.817160125,1.34071202,47.1725488,61.6343493,-98.3876119,-0.318469594,-5.94137021,5.69187442,False,False
NGC 6624,-910.1,261.382692,-21.0243607,7.62147909,4.25346659,8.08042495,-0.594227866,0.559655382,1.07283473,0.816284817,1.34807094,46.7198798,61.9372805,-95.881079,-0.375753872,-5.89785654,5.60843413,False,False
NGC 6624,-910.2,261.286834,-21.0194656,7.61766183,4.20804729,8.15793931,-0.598982591,0.553305859,1.08251285,0.815430878,1.35527177,46.2618995,62.2315756,-93.3841982,-0.432915043,-5.85453374,5.52861377,False,False
NGC 6624,-910.3,261.192483,-21.0157885,7.61387174,4.16231359,8.23357984,-0.60369021,0.546926671,1.09193609,0.814598461,1.3623124,45.7987119,62.5174521,-90.8968141,-0.489954609,-5.81139775,5.45225979,False,False
NGC 6624,-910.4,261.099637,-21.0133251,7.61010863,4.11627188,8.30734953,-0.608350196,0.540518667,1.10110542,0.813787682,1.36919083,45.3304155,62.7951192,-88.4187654,-0.546874297,-5.76844452,5.3792167,False,False
NGC 6624,-910.5,261.008294,-21.0120714,7.6063723,4.06992847,8.37925129,-0.612962032,0.534082677,1.11002179,0.812998622,1.3759052,44.8571036,63.0647777,-85.9498859,-0.603676038,-5.72567006,5.30932713,False,False
NGC 6624,-910.6,260.918452,-21.0120232,7.60266259,4.02328953,8.44928795,-0.61752521,0.52761951,1.11868613,0.812231329,1.38245375,44.3788641,63.326621,-83.4900048,-0.660361952,-5.68307041,5.24243192,False,False
NGC 6624,-910.7,260.830111,-21.0131766,7.59897932,3.97636117,8.51746226,-0.622039228,0.521129956,1.12709934,0.811485818,1.38883482,43.8957803,63.5808346,-81.0389473,-0.716934326,-5.6406417,5.1783702,False,False
NGC 6624,-910.8,260.743269,-21.0155277,7.59532236,3.92914937,8.58377687,-0.626503597,0.514614786,1.13526232,0.81076207,1.39504684,43.4079303,63.8275972,-78.5965356,-0.773395606,-5.59838009,5.11697944,False,False
NGC 6624,-910.9,260.657924,-21.0190729,7.59169156,3.88166006,8.64823435,-0.630917832,0.508074752,1.14317595,0.810060038,1.40108834,42.9153879,64.0670801,-76.1625885,-0.829748375,-5.55628179,5.05809553,False,False
NGC 6624,-911,260.574076,-21.0238084,7.58808681,3.83389904,8.71083716,-0.635281457,0.501510592,1.15084109,0.809379641,1.40695793,42.4182223,64.2994485,-73.7369228,-0.885995351,-5.51434308,5.00155282,False,False
NGC 6624,-911.1,260.491723,-21.0297307,7.58450801,3.78587207,8.7715877,-0.639594003,0.494923024,1.15825856,0.808720773,1.4126543,41.9164984,64.5248607,-71.3193527,-0.942139363,-5.47256031,4.94718415,False,False
NGC 6624,-911.2,260.410865,-21.0368364,7.58095505,3.73758479,8.83048822,-0.643855006,0.488312752,1.16542919,0.808083296,1.41817623,41.4102771,64.7434692,-68.9096911,-0.998183352,-5.43092988,4.89482092,False,False
NGC 6624,-911.3,260.3315,-21.0451221,7.57742788,3.68904281,8.88754091,-0.64806401,0.481680464,1.17235378,0.807467046,1.42352254,40.899615,64.9554204,-66.507749,-1.05413035,-5.38944825,4.84429311,False,False
NGC 6624,-911.4,260.253628,-21.0545845,7.57392642,3.64025165,8.94274783,-0.652220563,0.475026834,1.1790331,0.806871834,1.42869214,40.384565,65.1608552,-64.1133364,-1.10998349,-5.34811196,4.79542931,False,False
NGC 6624,-911.5,260.177249,-21.0652205,7.57045062,3.59121674,8.99611095,-0.65632422,0.468352522,1.18546793,0.806297442,1.43368399,39.8651762,65.3599089,-61.7262623,-1.16574597,-5.30691759,4.74805673,False,False
NGC 6624,-911.6,260.102362,-21.077027,7.56700047,3.54194349,9.04763213,-0.660374537,0.461658172,1.19165899,0.80574363,1.43849711,39.341494,65.5527117,-59.3463349,-1.22142106,-5.26586182,4.70200125,False,False
NGC 6624,-911.7,260.028967,-21.090001,7.56357594,3.49243723,9.09731313,-0.664371079,0.454944419,1.19760701,0.805210132,1.44313059,38.8135602,65.7393884,-56.9733619,-1.27701212,-5.22494136,4.65708739,False,False
NGC 6624,-911.8,259.957063,-21.1041395,7.56017704,3.44270321,9.1451556,-0.668313414,0.448211883,1.20331269,0.804696658,1.44758355,38.2814134,65.9200593,-54.6071505,-1.33252253,-5.18415302,4.61313837,False,False
NGC 6624,-911.9,259.88665,-21.1194398,7.55680377,3.39274667,9.19116108,-0.67220111,0.441461171,1.20877671,0.804202896,1.45185517,37.7450886,66.0948398,-52.2475076,-1.38795576,-5.14349364,4.56997606,False,False
NGC 6624,-912,259.817729,-21.1358991,7.55345619,3.34257276,9.23533099,-0.676033744,0.43469288,1.21399974,0.803728514,1.45594467,37.2046177,66.263841,-49.8942402,-1.44331531,-5.10296016,4.52742102,False,False
NGC 6624,-912.1,259.7503,-21.1535146,7.55013432,3.29218661,9.27766667,-0.679810893,0.427907597,1.21898241,0.803273155,1.45985132,36.6600295,66.4271693,-47.5471549,-1.49860472,-5.06254957,4.48529251,False,False
NGC 6624,-912.2,259.684363,-21.1722839,7.54683825,3.24159328,9.31816931,-0.683532137,0.421105895,1.22372535,0.802836445,1.46357442,36.1113497,66.5849273,-45.2060588,-1.55382758,-5.02225892,4.44340841,False,False
NGC 6624,-912.3,259.619918,-21.1922044,7.54356804,3.19079781,9.35684004,-0.687197058,0.414288341,1.22822917,0.802417987,1.46711333,35.5586009,66.7372133,-42.870759,-1.60898751,-4.98208536,4.40158531,False,False
NGC 6624,-912.4,259.556967,-21.2132736,7.5403238,3.13980518,9.39367983,-0.690805241,0.407455487,1.23249443,0.802017366,1.4704674,35.0018029,66.8841217,-40.5410627,-1.66408815,-4.94202606,4.35963841,False,False
NGC 6624,-912.5,259.49551,-21.2354892,7.53710565,3.08862034,9.42868958,-0.694356274,0.40060788,1.23652172,0.801634149,1.47363607,34.4409727,67.0257433,-38.2167776,-1.71913319,-4.90207828,4.31738156,False,False
NGC 6624,-912.6,259.435547,-21.2588488,7.53391372,3.03724821,9.46187006,-0.697849745,0.393746055,1.24031156,0.801267884,1.47661877,33.8761244,67.1621651,-35.8977117,-1.77412632,-4.86223937,4.2746272,False,False
NGC 6624,-912.7,259.377081,-21.2833502,7.53074816,2.98569366,9.49322192,-0.701285243,0.386870541,1.24386449,0.800918103,1.47941498,33.3072695,67.2934707,-33.5836734,-1.82907127,-4.82250671,4.23118637,False,False
NGC 6624,-912.8,259.320112,-21.3089913,7.52760913,2.93396154,9.52274573,-0.704662358,0.379981857,1.24718101,0.800584318,1.4820242,32.7344169,67.4197402,-31.2744715,-1.88397177,-4.78287777,4.18686866,False,False
NGC 6624,-912.9,259.264641,-21.3357698,7.52449682,2.88205667,9.55044193,-0.707980684,0.373080513,1.25026161,0.800266029,1.48444596,32.1575728,67.5410504,-28.9699153,-1.93883158,-4.74335007,4.1414822,False,False
NGC 6624,-913,259.210671,-21.3636838,7.52141144,2.82998383,9.57631086,-0.711239811,0.366167013,1.25310674,0.799962718,1.48667981,31.5767409,67.6574752,-26.6698147,-1.99365446,-4.70392122,4.09483362,False,False
NGC 6624,-913.1,259.158202,-21.3927312,7.5183532,2.77774779,9.60035275,-0.714439331,0.359241852,1.25571686,0.79967385,1.48872533,30.9919222,67.769085,-24.3739799,-2.0484442,-4.66458887,4.046728,False,False
NGC 6624,-913.2,259.107237,-21.4229101,7.51532235,2.7253533,9.6225677,-0.717578838,0.352305521,1.2580924,0.79939888,1.49058212,30.4031157,67.8759475,-22.0822217,-2.10320457,-4.62535076,3.99696887,False,False
NGC 6624,-913.3,259.057777,-21.4542186,7.51231914,2.67280506,9.64295575,-0.720657923,0.345358501,1.26023375,0.799137244,1.49224979,29.8103176,67.9781275,-19.7943514,-2.15793937,-4.5862047,3.94535812,False,False
NGC 6624,-913.4,259.009825,-21.4866548,7.50934384,2.62010778,9.66151678,-0.723676177,0.338401267,1.26214131,0.798888369,1.49372799,29.2135218,68.075687,-17.5101809,-2.21265241,-4.54714854,3.89169602,False,False
NGC 6624,-913.5,258.963383,-21.520217,7.50639676,2.56726613,9.67825061,-0.726633191,0.331434289,1.26381544,0.798651665,1.49501637,28.6127199,68.1686852,-15.2295225,-2.26734746,-4.50818024,3.83578112,False,False
NGC 6624,-913.6,258.918454,-21.5549034,7.50347821,2.51428478,9.69315691,-0.729528555,0.324458032,1.2652565,0.798426532,1.49611462,28.0079012,68.2571786,-12.9521891,-2.32202835,-4.46929778,3.77741023,False,False
NGC 6624,-913.7,258.875039,-21.5907123,7.50058852,2.46116836,9.70623529,-0.732361858,0.317472952,1.26646482,0.798212356,1.49702241,27.3990527,68.3412214,-10.677994,-2.37669887,-4.43049926,3.71637839,False,False
NGC 6624,-913.8,258.833142,-21.6276421,7.49772804,2.40792152,9.71748522,-0.735132686,0.310479502,1.26744071,0.798008513,1.49773947,26.7861591,68.4208651,-8.4067511,-2.43136281,-4.39178282,3.65247876,False,False
NGC 6624,-913.9,258.792765,-21.6656911,7.49489715,2.35454888,9.72690608,-0.737840625,0.30347813,1.26818445,0.797814366,1.49826552,26.1692029,68.4961589,-6.13827461,-2.48602398,-4.35314667,3.58550262,False,False
NGC 6624,-914,258.753912,-21.7048578,7.49209623,2.30105503,9.73449714,-0.740485259,0.296469278,1.26869633,0.797629269,1.49860029,25.5481642,68.5671495,-3.87237928,-2.54068617,-4.3145891,3.51523932,False,False
NGC 6624,-914.1,258.716586,-21.7451406,7.4893257,2.24744458,9.74025759,-0.743066169,0.289453383,1.2689766,0.797452564,1.49874354,24.9230213,68.6338814,-1.60888028,-2.59535317,-4.27610847,3.44147616,False,False
NGC 6624,-914.2,258.68079,-21.786538,7.486586,2.19372212,9.7441865,-0.745582934,0.28243088,1.26902549,0.797283584,1.49869504,24.2937498,68.6963969,0.652406863,-2.65002875,-4.23770321,3.36399839,False,False
NGC 6624,-914.3,258.646528,-21.8290485,7.48387756,2.13989224,9.74628283,-0.74803513,0.275402198,1.26884322,0.797121651,1.49845456,23.6603235,68.754736,2.91166619,-2.70471668,-4.19937182,3.28258913,False,False
NGC 6624,-914.4,258.613804,-21.8726707,7.48120087,2.08595951,9.74654547,-0.750422331,0.26836776,1.26843,0.796966078,1.49802189,23.0227137,68.8089368,5.16908144,-2.75942073,-4.16111289,3.1970293,False,False
NGC 6624,-914.5,258.58262,-21.9174032,7.47855643,2.03192851,9.74497317,-0.752744108,0.26132799,1.26778598,0.796816171,1.49739685,22.3808897,68.859035,7.42483601,-2.81414466,-4.12292507,3.10709753,False,False
NGC 6624,-914.6,258.552983,-21.9632446,7.47594473,1.9778038,9.74156464,-0.755000028,0.254283305,1.26691135,0.796671226,1.49657924,21.7348187,68.9050645,9.67911299,-2.86889219,-4.08480708,3.01257016,False,False
NGC 6624,-914.7,258.524894,-22.0101934,7.47336633,1.92358997,9.73631843,-0.757189655,0.247234118,1.26580624,0.796530529,1.49556889,21.0844655,68.9470571,11.9320952,-2.92366707,-4.04675774,2.91322108,False,False
NGC 6624,-914.8,258.49836,-22.0582484,7.47082178,1.86929157,9.72923305,-0.759312549,0.240180842,1.26447077,0.79639336,1.49436566,20.4297929,68.9850427,14.1839653,-2.97847299,-4.00877592,2.80882175,False,False
NGC 6624,-914.9,258.473384,-22.1074083,7.46831167,1.81491318,9.72030688,-0.761368266,0.233123885,1.26290505,0.796258992,1.49296937,19.7707615,69.0190493,16.4349056,-3.03331367,-3.9708606,2.69914103,False,False
NGC 6624,-915,258.449972,-22.1576716,7.46583658,1.76045937,9.70953822,-0.763356358,0.226063653,1.26110916,0.796126689,1.4913799,19.1073294,69.049103,18.6850982,-3.08819278,-3.93301082,2.58394517,False,False
NGC 6624,-915.1,258.428127,-22.2090372,7.46339715,1.70593472,9.69692529,-0.765276374,0.219000548,1.25908317,0.795995709,1.48959713,18.439453,69.075228,20.9347253,-3.14311399,-3.89522571,2.4629977,False,False
NGC 6624,-915.2,258.407856,-22.2615036,7.46099403,1.6513438,9.68246619,-0.767127856,0.211934971,1.25682713,0.795865302,1.48762093,17.7670859,69.0974467,23.1839687,-3.19808095,-3.85750447,2.33605936,False,False
NGC 6624,-915.3,258.389163,-22.3150696,7.45862789,1.5966912,9.66615896,-0.768910342,0.204867321,1.25434107,0.795734713,1.4854512,17.0901801,69.1157798,25.4330102,-3.25309728,-3.81984641,2.202888,False,False
NGC 6624,-915.4,258.372054,-22.369734,7.45629942,1.54198151,9.64800154,-0.770623367,0.197797993,1.251625,0.79560318,1.48308785,16.4086847,69.1302462,27.6820315,-3.30816658,-3.78225092,2.06323849,False,False
NGC 6624,-915.5,258.356534,-22.4254954,7.45400934,1.48721932,9.62799178,-0.772266457,0.190727383,1.24867892,0.795469933,1.4805308,15.7225469,69.140863,29.9312142,-3.36329245,-3.74471745,1.91686266,False,False
NGC 6624,-915.6,258.34261,-22.4823525,7.45175839,1.43240925,9.60612745,-0.773839134,0.183655883,1.24550279,0.7953342,1.47777999,15.0317116,69.1476458,32.18074,-3.41847843,-3.70724559,1.76350918,False,False
NGC 6624,-915.7,258.330286,-22.5403042,7.44954734,1.37755591,9.58240625,-0.775340917,0.176583886,1.24209657,0.7951952,1.47483535,14.3361212,69.1506081,34.4307903,-3.47372807,-3.66983499,1.60292346,False,False
NGC 6624,-915.8,258.319569,-22.599349,7.44737697,1.32266392,9.55682577,-0.776771315,0.16951178,1.23846021,0.795052149,1.47169685,13.6357158,69.1497622,36.6815468,-3.52904485,-3.63248541,1.43484757,False,False
NGC 6624,-915.9,258.310466,-22.6594857,7.44524812,1.26773793,9.52938354,-0.778129833,0.162439954,1.23459361,0.794904256,1.46836445,12.9304331,69.1451185,38.933191,-3.58443227,-3.59519669,1.25902016,False,False
NGC 6624,-916,258.302983,-22.7207129,7.4431616,1.21278258,9.50007702,-0.779415969,0.155368798,1.23049668,0.794750726,1.46483815,12.2202085,69.1366856,41.1859046,-3.63989377,-3.55796879,1.07517628,False,False
NGC 6624,-916.1,258.297126,-22.7830293,7.4411183,1.15780255,9.46890357,-0.780629214,0.148298697,1.2261693,0.794590758,1.46111794,11.5049747,69.1244709,43.4398692,-3.69543275,-3.52080176,0.883047367,False,False
NGC 6624,-916.2,258.292903,-22.8464337,7.43911911,1.10280249,9.4358605,-0.781769051,0.141230039,1.22161134,0.794423548,1.45720384,10.7846621,69.1084797,45.6952664,-3.75105259,-3.48369577,0.682361072,False,False
NGC 6624,-916.3,258.29032,-22.9109245,7.43716495,1.04778712,9.40094502,-0.782834959,0.134163209,1.21682263,0.794248286,1.45309588,10.0591985,69.0887162,47.952278,-3.80675663,-3.44665108,0.472841172,False,False
NGC 6624,-916.4,258.289385,-22.9765004,7.43525675,0.992761149,9.3641543,-0.783826406,0.127098593,1.211803,0.794064158,1.44879412,9.32850904,69.0651824,50.2110856,-3.86254817,-3.40966808,0.254207452,False,False
NGC 6624,-916.5,258.290104,-23.04316,7.43339551,0.937729295,9.32548543,-0.784742854,0.120036577,1.20655226,0.793870347,1.44429861,8.59251628,69.0378793,52.471871,-3.91843047,-3.37274726,0.0261755866,False,False
NGC 6624,-916.6,258.292486,-23.1109018,7.43158221,0.882696309,9.28493542,-0.785583757,0.112977546,1.2010702,0.793666029,1.43960946,7.8511401,69.0068058,54.7348159,-3.97440673,-3.33588924,-0.211542983,False,False
NGC 6624,-916.7,258.296538,-23.1797242,7.42981789,0.827666958,9.24250123,-0.786348559,0.105921886,1.19535659,0.793450378,1.43472676,7.1042976,68.9719596,57.000102,-4.03048012,-3.29909476,-0.45924117,False,False
NGC 6624,-916.8,258.302268,-23.2496259,7.42810361,0.772646028,9.19817976,-0.787036698,0.0988699827,1.18941118,0.793222565,1.42965065,6.35190313,68.9333366,59.2679111,-4.08665376,-3.26236467,-0.717216356,False,False
NGC 6624,-916.9,258.309684,-23.3206051,7.42644046,0.717638329,9.15196786,-0.787647601,0.0918222226,1.18323369,0.792981755,1.42438128,5.59386818,68.8909311,61.5384246,-4.14293068,-3.22569998,-0.985770534,False,False
NGC 6624,-917,258.318795,-23.3926602,7.42482954,0.662648693,9.1038623,-0.788180686,0.0847789932,1.17682386,0.79272711,1.41891884,4.83010131,68.8447358,63.811824,-4.1993139,-3.18910181,-1.26521044,False,False
NGC 6624,-917.1,258.329609,-23.4657896,7.42327201,0.607681974,9.05385983,-0.788635363,0.0777406824,1.17018136,0.79245779,1.41326352,4.06050812,68.794742,66.0882906,-4.25580633,-3.15257143,-1.55584768,False,False
NGC 6624,-917.2,258.342135,-23.5399915,7.42176905,0.552743051,9.00195712,-0.78901103,0.0707076791,1.16330589,0.792172949,1.40741556,3.28499116,68.7409391,68.3680053,-4.31241086,-3.11611025,-1.85799888,False,False
NGC 6624,-917.3,258.356381,-23.6152641,7.42032187,0.497836829,8.94815081,-0.789307078,0.0636803737,1.15619709,0.79187174,1.40137524,2.50344989,68.683315,70.6511487,-4.36913028,-3.07971982,-2.17198582,False,False
NGC 6624,-917.4,258.372357,-23.6916055,7.4189317,0.442968241,8.8924375,-0.789522883,0.0566591575,1.14885461,0.79155331,1.39514284,1.71578055,68.6218561,72.9379011,-4.42596729,-3.04340187,-2.49813558,False,False
NGC 6624,-917.5,258.390071,-23.7690137,7.41759981,0.388142246,8.83481375,-0.789657815,0.0496444236,1.14127806,0.791216806,1.38871871,0.921876171,68.556547,75.2284421,-4.48292453,-3.00715827,-2.8367807,False,False
NGC 6624,-917.6,258.409534,-23.8474869,7.41632752,0.333363831,8.77527607,-0.78971123,0.0426365665,1.13346706,0.790861368,1.38210321,0.12162642,68.4873706,77.5229505,-4.54000454,-2.97099106,-3.18825929,False,False
NGC 6624,-917.7,258.430754,-23.9270227,7.41511616,0.278638015,8.71382096,-0.789682473,0.0356359827,1.12542119,0.790486136,1.37529676,-0.685082432,68.4143082,79.8216047,-4.59720978,-2.93490245,-3.55291525,False,False
NGC 6624,-917.8,258.453742,-24.0076191,7.4139671,0.223969845,8.65044488,-0.789570877,0.0286430706,1.11714001,0.790090245,1.36829982,-1.49836761,68.3373395,82.1245818,-4.65454258,-2.89889484,-3.93109834,False,False
NGC 6624,-917.9,258.478508,-24.0892738,7.41288174,0.169364404,8.58514427,-0.789375764,0.0216582309,1.10862308,0.789672829,1.36111289,-2.3183499,68.2564424,84.4320576,-4.71200517,-2.86297081,-4.32316442,False,False
NGC 6624,-918,258.505062,-24.1719844,7.41186153,0.114826804,8.51791556,-0.789096443,0.0146818665,1.09986991,0.789233016,1.35373653,-3.14515376,68.171593,86.744207,-4.76959968,-2.82713313,-4.72947555,False,False
NGC 6624,-918.1,258.533413,-24.2557484,7.41090795,0.0603621937,8.44875516,-0.78873221,0.00771438294,1.09088004,0.788769935,1.34617134,-3.97890739,68.0827658,89.0612028,-4.82732807,-2.79138479,-5.15040017,False,False
NGC 6624,-918.2,258.563573,-24.3405631,7.4100225,0.00597575633,8.37765947,-0.788282347,0.00075618842,1.08165295,0.788282709,1.33841799,-4.81974282,67.9899334,91.3832162,-4.8851922,-2.75572897,-5.58631329,False,False
NGC 6624,-918.3,258.595553,-24.426426,7.40920674,-0.0483272884,8.3046249,-0.787746122,-0.00619230597,1.07218812,0.78777046,1.33047723,-5.667796,67.8930666,93.7104161,-4.94319375,-2.7201691,-6.03759659,False,False
NGC 6624,-918.4,258.629363,-24.5133341,7.40846226,-0.102541683,8.22964788,-0.787122791,-0.013130686,1.06248501,0.787232306,1.32234984,-6.52320692,67.7921345,96.0429687,-5.00133426,-2.68470881,-6.50463866,False,False
NGC 6624,-918.5,258.665013,-24.6012844,7.40779067,-0.156662131,8.15272481,-0.786411594,-0.0200585344,1.05254307,0.786667363,1.3140367,-7.38611964,67.6871042,98.3810375,-5.05961507,-2.64935201,-6.9878351,False,False
NGC 6624,-918.6,258.702517,-24.6902739,7.40719365,-0.210683296,8.07385215,-0.785611755,-0.0269754301,1.04236172,0.786074744,1.30553876,-8.25668247,67.5779409,100.724782,-5.11803735,-2.61410282,-7.48758876,False,False
NGC 6624,-918.7,258.741884,-24.7802993,7.40667289,-0.2645998,7.99302636,-0.784722486,-0.0338809486,1.03194037,0.785453562,1.29685706,-9.13504798,67.464608,103.07436,-5.17660205,-2.57896568,-8.0043098,False,False
NGC 6624,-918.8,258.783127,-24.8713572,7.40623014,-0.318406224,7.91024395,-0.783742979,-0.0407746617,1.02127843,0.784802925,1.28799273,-10.0213732,67.3470668,105.429921,-5.23530991,-2.54394527,-8.53841597,False,False
NGC 6624,-918.9,258.826257,-24.963444,7.40586719,-0.372097103,7.82550149,-0.782672413,-0.0476561367,1.01037527,0.784121938,1.27894699,-10.9158194,67.2252767,107.791614,-5.2941614,-2.50904658,-9.09033262,False,False
NGC 6624,-919,258.871286,-25.0565559,7.40558586,-0.425666926,7.73879556,-0.781509948,-0.054524937,0.999230261,0.783409706,1.26972118,-11.8185528,67.099195,110.159578,-5.35315674,-2.47427492,-9.66049298,False,False
NGC 6624,-919.1,258.918226,-25.1506891,7.40538802,-0.479110139,7.65012285,-0.780254729,-0.0613806215,0.987842747,0.782665333,1.26031675,-12.7297438,66.9687769,112.533948,-5.41229588,-2.43963592,-10.2493382,False,False
NGC 6624,-919.2,258.967089,-25.2458393,7.4052756,-0.532421137,7.5594801,-0.778905881,-0.0682227442,0.97621207,0.781887917,1.25073527,-13.649568,66.8339756,114.914852,-5.47157841,-2.40513556,-10.8573177,False,False
NGC 6624,-919.3,259.017888,-25.3420023,7.40525053,-0.585594267,7.46686416,-0.777462513,-0.0750508543,0.964337557,0.781076558,1.24097845,-14.5782053,66.694742,117.302408,-5.53100361,-2.3707802,-11.4848888,False,False
NGC 6624,-919.4,259.070635,-25.4391735,7.40531483,-0.638623824,7.37227195,-0.775923713,-0.0818644961,0.95221852,0.780230353,1.23104814,-15.5158409,66.5510249,119.696726,-5.59057039,-2.33657657,-12.1325176,False,False
NGC 6624,-919.5,259.125342,-25.5373481,7.40547055,-0.691504052,7.27570053,-0.774288552,-0.0886632082,0.939854263,0.779348398,1.22094634,-16.4626646,66.4027709,122.097904,-5.65027722,-2.30253183,-12.8006783,False,False
NGC 6624,-919.6,259.182022,-25.6365212,7.40571977,-0.74422914,7.17714709,-0.77255608,-0.0954465239,0.927244081,0.778429788,1.21067523,-17.4188713,66.2499241,124.50603,-5.71012216,-2.26865357,-13.4898538,False,False
NGC 6624,-919.7,259.240689,-25.7366873,7.40606465,-0.796793225,7.07660896,-0.770725327,-0.10221397,0.914387257,0.777473617,1.20023718,-18.3846608,66.0924265,126.921175,-5.77010274,-2.23494987,-14.2005354,False,False
NGC 6624,-919.8,259.301354,-25.8378411,7.40650737,-0.849190383,6.97408362,-0.768795303,-0.108965069,0.901283073,0.776478978,1.18963473,-19.3602379,65.9302175,129.343399,-5.83021599,-2.20142927,-14.9332232,False,False
NGC 6624,-919.9,259.36403,-25.9399767,7.40705018,-0.901414634,6.86956878,-0.766764996,-0.115699335,0.887930801,0.775444966,1.17887065,-20.3458124,65.7632344,131.772743,-5.89045832,-2.16810089,-15.6884259,False,False
NGC 6624,-920,259.428731,-26.0430879,7.40769536,-0.953459939,6.76306231,-0.764633373,-0.122416276,0.874329712,0.774370673,1.16794794,-21.3415991,65.5914116,134.209226,-5.95082551,-2.13497438,-16.4666604,False,False
NGC 6624,-920.1,259.49547,-26.1471684,7.40844525,-1.0053202,6.65456233,-0.762399378,-0.129115394,0.860479076,0.773255195,1.15686984,-22.3478173,65.4146814,136.65285,-6.01131263,-2.10206004,-17.2684526,False,False
NGC 6624,-920.2,259.564259,-26.2522113,7.40930225,-1.05698924,6.54406723,-0.760061932,-0.135796184,0.846378163,0.772097626,1.14563988,-23.3646916,65.2329732,139.103589,-6.07191396,-2.0693688,-18.0943363,False,False
NGC 6624,-920.3,259.635112,-26.3582096,7.41026881,-1.10846084,6.43157566,-0.757619936,-0.142458133,0.832026249,0.770897066,1.13426186,-24.3924508,65.0462142,141.561391,-6.1326229,-2.03691231,-18.9448535,False,False
NGC 6624,-920.4,259.708041,-26.4651557,7.41134741,-1.15972871,6.3170866,-0.755072262,-0.14910072,0.817422614,0.769652614,1.1227399,-25.4313282,64.8543286,144.026172,-6.19343192,-2.00470298,-19.8205541,False,False
NGC 6624,-920.5,259.783059,-26.5730418,7.41254062,-1.21078647,6.20059938,-0.752417763,-0.155723418,0.802566551,0.768363373,1.11107846,-26.4815613,64.6572382,146.497814,-6.25433244,-1.97275404,-20.7219955,False,False
NGC 6624,-920.6,259.860179,-26.6818595,7.41385105,-1.2616277,6.08211372,-0.749655264,-0.162325689,0.787457366,0.767028451,1.09928238,-27.5433914,64.4548621,148.976159,-6.31531467,-1.94107962,-21.6497419,False,False
NGC 6624,-920.7,259.939414,-26.7915999,7.41528134,-1.3122459,5.96162975,-0.746783567,-0.168906989,0.772094384,0.76564696,1.08735689,-28.6170633,64.2471166,151.461005,-6.37636758,-1.9096948,-22.6043642,False,False
NGC 6624,-920.8,260.020775,-26.902254,7.41683423,-1.36263449,5.83914809,-0.743801448,-0.175466765,0.756476951,0.764218018,1.07530766,-29.7028246,64.0339154,153.952099,-6.43747867,-1.87861573,-23.5864388,False,False
NGC 6624,-920.9,260.104276,-27.0138118,7.41851249,-1.41278681,5.71466989,-0.740707658,-0.182004453,0.740604444,0.762740753,1.06314082,-30.8009254,63.8151696,156.449134,-6.49863387,-1.84785969,-24.5965469,False,False
NGC 6624,-921,260.189928,-27.1262631,7.42031894,-1.46269616,5.58819688,-0.737500922,-0.188519483,0.724476274,0.761214297,1.05086302,-31.9116172,63.5907876,158.951737,-6.55981731,-1.81744521,-25.6352735,False,False
NGC 6624,-921.1,260.277742,-27.239597,7.42225648,-1.51235571,5.45973141,-0.73417994,-0.195011272,0.708091894,0.759637796,1.03848145,-33.0351525,63.3606751,161.459464,-6.62101119,-1.78739217,-26.7032061,False,False
NGC 6624,-921.2,260.36773,-27.3538019,7.42432805,-1.5617586,5.32927658,-0.730743386,-0.201479231,0.691450806,0.758010406,1.0260039,-34.1717833,63.1247355,163.971792,-6.68219546,-1.75772197,-27.8009332,False,False
NGC 6624,-921.3,260.459903,-27.4688657,7.42653666,-1.61089787,5.19683624,-0.727189906,-0.207922757,0.674552569,0.756331298,1.0134388,-35.3217602,62.8828693,166.488105,-6.74334766,-1.72845762,-28.9290424,False,False
NGC 6624,-921.4,260.55427,-27.5847753,7.42888536,-1.65976648,5.06241514,-0.723518123,-0.21434124,0.657396812,0.754599657,1.00079529,-36.4853308,62.6349752,169.007683,-6.80444254,-1.69962396,-30.0881182,False,False
NGC 6624,-921.5,260.650841,-27.7015172,7.43137727,-1.70835731,4.92601898,-0.719726636,-0.220734058,0.639983244,0.752814688,0.988083249,-37.6627381,62.3809493,171.52969,-6.86545181,-1.67124778,-31.2787396,False,False
NGC 6624,-921.6,260.749624,-27.8190767,7.43401556,-1.75666317,4.78765457,-0.715814016,-0.227100579,0.622311663,0.750975617,0.975313377,-38.8542185,62.1206858,174.053158,-6.9263437,-1.64335809,-32.5014772,False,False
NGC 6624,-921.7,260.850628,-27.9374386,7.43680345,-1.80467678,4.64732986,-0.711778812,-0.233440158,0.604381975,0.749081694,0.96249725,-40.0599993,61.8540773,176.57697,-6.98708259,-1.61598633,-33.7568895,False,False
NGC 6624,-921.8,260.953859,-28.0565862,7.43974423,-1.85239077,4.50505419,-0.707619551,-0.239752142,0.586194211,0.747132196,0.949647394,-41.2802962,61.5810146,179.099836,-7.04762849,-1.58916662,-35.0455188,False,False
NGC 6624,-921.9,261.059323,-28.1765023,7.44284122,-1.8997977,4.36083833,-0.703334738,-0.246035865,0.567748541,0.745126432,0.936777352,-42.5153102,61.3013878,181.620276,-7.10793653,-1.56293609,-36.3678868,False,False
NGC 6624,-922,261.167023,-28.2971681,7.4460978,-1.94689007,4.21469472,-0.698922858,-0.25229065,0.549045298,0.743063748,0.923901766,-43.7652236,61.0150861,184.13659,-7.16795629,-1.53733517,-37.7244882,False,False
NGC 6624,-922.1,261.276964,-28.4185639,7.4495174,-1.99366028,4.06663763,-0.694382379,-0.258515808,0.530085002,0.740943528,0.911036454,-45.0301963,60.7219985,186.64683,-7.22763113,-1.51240803,-39.1157854,False,False
NGC 6624,-922.2,261.389144,-28.5406684,7.45310348,-2.04010065,3.91668339,-0.689711754,-0.26471064,0.510868385,0.738765204,0.898198493,-46.3103606,60.4220147,189.148763,-7.2868974,-1.48820299,-40.5421998,False,False
NGC 6624,-922.3,261.503564,-28.6634591,7.45685953,-2.08620345,3.76485061,-0.684909424,-0.270874435,0.491396424,0.736528261,0.885406304,-47.6058159,60.1150255,191.639837,-7.34568346,-1.46477299,-42.0041039,False,False
NGC 6624,-922.4,261.62022,-28.7869115,7.46078909,-2.13196088,3.61116046,-0.679973821,-0.277006471,0.471670375,0.73423224,0.872679738,-48.9166222,59.8009238,194.117132,-7.4039087,-1.44217617,-43.5018107,False,False
NGC 6624,-922.5,261.739107,-28.9109996,7.46489573,-2.17736506,3.45563699,-0.674903375,-0.283106015,0.451691816,0.731876753,0.860040161,-50.2427928,59.4796059,196.577311,-7.46148233,-1.42047652,-45.0355625,False,False
NGC 6624,-922.6,261.860214,-29.0356954,7.469183,-2.22240808,3.29830746,-0.669696516,-0.289172325,0.431462687,0.729461484,0.847510535,-51.5842867,59.1509725,199.016566,-7.51830202,-1.39974452,-46.6055171,False,False
NGC 6624,-922.7,261.983529,-29.1609688,7.4736545,-2.26708197,3.13920276,-0.664351681,-0.295204647,0.410985345,0.726986203,0.835115497,-52.9409987,58.8149299,201.430547,-7.57425244,-1.38005798,-48.2117328,False,False
NGC 6624,-922.8,262.109037,-29.2867872,7.4783138,-2.31137873,2.9783578,-0.658867322,-0.301202218,0.390262622,0.724450775,0.822881425,-54.3127496,58.4713924,203.814293,-7.62920351,-1.36150293,-49.8541506,False,False
NGC 6624,-922.9,262.236716,-29.4131156,7.48316445,-2.35529034,2.81581206,-0.653241915,-0.307164269,0.369297895,0.721855171,0.810836496,-55.6992747,58.1202838,206.16215,-7.68300854,-1.34417457,-51.5325744,False,False
NGC 6624,-923,262.366541,-29.5399159,7.48820998,-2.39880876,2.65161016,-0.647473966,-0.313090022,0.348095156,0.719199484,0.799010723,-57.1002109,57.7615395,208.467678,-7.73550213,-1.32817832,-53.2466481,False,False
NGC 6624,-923.1,262.49848,-29.6671469,7.49345388,-2.44192598,2.48580241,-0.641562024,-0.318978693,0.326659101,0.716483941,0.787435969,-58.5150838,57.3951098,210.723554,-7.78649787,-1.31363099,-54.9958306,False,False
NGC 6624,-923.2,262.632495,-29.794764,7.49889954,-2.48463399,2.31844562,-0.635504693,-0.324829494,0.304995223,0.713708915,0.776145928,-59.9432922,57.0209623,212.921468,-7.83578601,-1.30066193,-56.7793667,False,False
NGC 6624,-923.3,262.768542,-29.9227186,7.50455028,-2.52692485,2.14960381,-0.629300648,-0.330641636,0.283109921,0.710874951,0.765176074,-61.384093,56.6390857,215.052014,-7.88313096,-1.28941418,-58.5962556,False,False
NGC 6624,-923.4,262.906566,-30.0509578,7.51040928,-2.56879071,1.97934908,-0.622948643,-0.336414328,0.261010618,0.707982776,0.754563552,-62.8365851,56.2494937,217.104583,-7.92826894,-1.28004551,-60.4452163,False,False
NGC 6624,-923.5,263.046506,-30.1794242,7.51647959,-2.61022381,1.80776255,-0.616447537,-0.342146783,0.238705884,0.705033324,0.74434702,-64.2996929,55.852229,219.067274,-7.97090596,-1.27272919,-62.32465,False,False
NGC 6624,-923.6,263.188288,-30.3080549,7.52276405,-2.65121654,1.63493531,-0.609796308,-0.34783822,0.216205579,0.702027752,0.734566414,-65.7721512,55.4473685,220.926831,-8.01071653,-1.26765424,-64.2326004,False,False
NGC 6624,-923.7,263.331827,-30.4367816,7.52926529,-2.69176149,1.46096942,-0.602994073,-0.353487867,0.193520985,0.69896747,0.725262639,-67.2524907,55.0350282,222.668629,-8.04734352,-1.26502492,-66.1667131,False,False
NGC 6624,-923.8,263.477027,-30.5655302,7.53598567,-2.73185148,1.28597886,-0.596040109,-0.359094968,0.170664952,0.695854157,0.716477169,-68.7390257,54.6153681,224.276741,-8.08040007,-1.26505886,-68.1241959,False,False
NGC 6624,-923.9,263.623777,-30.6942199,7.54292724,-2.77147959,1.1100904,-0.588933879,-0.364658785,0.147652013,0.692689788,0.708251551,-70.2298467,54.1885978,225.73413,-8.10947423,-1.26798349,-70.101783,False,False
NGC 6624,-924,263.771953,-30.8227637,7.55009167,-2.81063927,0.93344418,-0.581675052,-0.370178603,0.124498488,0.689476659,0.700626817,-71.7228171,53.7549808,227.022994,-8.13413752,-1.27403008,-72.095707,False,False
NGC 6624,-924.1,263.921414,-30.9510678,7.55748022,-2.84932434,0.756194003,-0.574263526,-0.375653737,0.101222537,0.686217406,0.693642797,-73.2155771,53.3148377,228.125314,-8.15395809,-1.283425,-74.1016851,False,False
NGC 6624,-924.2,264.072006,-31.0790326,7.56509369,-2.88752909,0.578507075,-0.566699454,-0.38108354,0.0778441385,0.682915028,0.687337359,-74.7055564,52.8685478,229.023611,-8.16851894,-1.296378,-76.114925,False,False
NGC 6624,-924.3,264.223561,-31.2065524,7.57293235,-2.9252483,0.400563069,-0.558983259,-0.386467404,0.0543849938,0.679572908,0.681745601,-76.1899961,52.4165478,229.701892,-8.17744056,-1.3130681,-78.1301587,False,False
NGC 6624,-924.4,264.375897,-31.3335174,7.5809959,-2.96247733,0.222552407,-0.551115655,-0.39180477,0.0308683172,0.676194826,0.676899029,-77.6659816,51.9593276,230.146709,-8.18040612,-1.33362838,-80.1417083,False,False
NGC 6624,-924.5,264.528823,-31.4598145,7.58928345,-2.99921216,0.0446737522,-0.543097661,-0.397095131,0.0073185267,0.672784968,0.672824772,-79.1304845,51.4974214,230.348177,-8.17718575,-1.3581318,-82.1435865,False,False
NGC 6624,-924.6,264.68214,-31.5853297,7.59779347,-3.03544939,-0.13286926,-0.53493061,-0.402338037,-0.0162391698,0.669347932,0.669544893,-80.5804138,51.0313969,230.300784,-8.16765577,-1.38658074,-84.1296272,False,False
NGC 6624,-924.7,264.835647,-31.7099495,7.6065238,-3.07118632,-0.309871699,-0.52661615,-0.407533097,-0.0397792429,0.665888725,0.667075845,-82.0126715,50.5618399,230.003823,-8.15180899,-1.41890259,-86.0936358,False,False
NGC 6624,-924.8,264.98914,-31.8335637,7.61547165,-3.10642094,-0.486131183,-0.518156245,-0.412679979,-0.0632763372,0.662412756,0.665428098,-83.4242103,50.0893394,229.461361,-8.1297539,-1.45495241,-88.0295446,False,False
NGC 6624,-924.9,265.142423,-31.9560666,7.6246336,-3.14115189,-0.661451484,-0.509553166,-0.417778412,-0.0867057388,0.658925815,0.664605985,-84.8120889,49.6144717,228.681752,-8.10170318,-1.49452235,-89.9315559,False,False
NGC 6624,-925,265.295303,-32.0773592,7.63400569,-3.1753785,-0.8356456,-0.500809476,-0.422828182,-0.110043775,0.655434056,0.66460773,-86.1735221,49.1377865,227.676821,-8.06795414,-1.53735572,-91.7942621,False,False
NGC 6624,-925.1,265.4476,-32.1973499,7.64358338,-3.20910071,-1.00853804,-0.491928014,-0.42782913,-0.133268115,0.651943966,0.665425672,-87.5059212,48.6597961,226.460873,-8.02886528,-1.58316319,-93.6127325,False,False
NGC 6624,-925.2,265.599142,-32.3159555,7.65336168,-3.24231907,-1.17996639,-0.482911872,-0.432781146,-0.156357978,0.648462332,0.667046635,-88.806927,48.1809674,225.049715,-7.9848328,-1.63163839,-95.3825689,False,False
NGC 6624,-925.3,265.749771,-32.4331012,7.66333517,-3.27503463,-1.3497821,-0.473764371,-0.437684168,-0.179294237,0.644996209,0.669452413,-90.0744313,47.7017175,223.459787,-7.93626994,-1.68247138,-97.09993,False,False
NGC 6624,-925.4,265.899342,-32.5487209,7.67349807,-3.30724896,-1.51785065,-0.464489034,-0.44253817,-0.202059451,0.641552877,0.672620336,-91.3065904,47.2224117,221.707491,-7.88359062,-1.73535902,-98.7615342,False,False
NGC 6624,-925.5,266.047721,-32.6627569,7.68384428,-3.33896407,-1.68405127,-0.455089558,-0.447343163,-0.224637833,0.638139806,0.676523886,-92.5018297,46.7433637,219.808701,-7.82719775,-1.79001212,-100.364643,False,False
NGC 6624,-925.6,266.194787,-32.7751589,7.69436746,-3.37018232,-1.84827639,-0.445569788,-0.452099189,-0.247015178,0.634764612,0.681133328,-93.6588417,46.2648382,217.778458,-7.76747549,-1.84615989,-101.907036,False,False
NGC 6624,-925.7,266.340429,-32.8858845,7.70506104,-3.40090644,-2.01043083,-0.43593369,-0.456806311,-0.269178767,0.631435023,0.686416343,-94.7765785,45.7870531,215.630788,-7.70478485,-1.90355229,-103.386975,True,True
NGC 6624,-925.8,266.484548,-32.9948974,7.71591832,-3.43113943,-2.17043094,-0.426185323,-0.461464615,-0.291117263,0.628158834,0.692338632,-95.8542395,45.3101835,213.378635,-7.63946165,-1.96196077,-104.803167,True,True
NGC 6624,-925.9,266.627057,-33.1021679,7.7269325,-3.46088451,-2.32820369,-0.416328816,-0.466074202,-0.312820596,0.624943874,0.698864486,-96.8912564,44.834366,211.033849,-7.57181599,-2.02117804,-106.154724,True,True
NGC 6624,-926,266.767873,-33.2076717,7.73809666,-3.49014513,-2.48368576,-0.406368347,-0.470635185,-0.334279851,0.621797966,0.705957315,-97.8872756,44.359702,208.607221,-7.50213286,-2.08101719,-107.441123,True,True
NGC 6624,-926.1,266.906927,-33.3113896,7.74940391,-3.51892488,-2.63682273,-0.396308118,-0.475147685,-0.355487169,0.618728896,0.713580111,-98.8421391,43.886262,206.108542,-7.43067326,-2.14131044,-108.662168,True,True
NGC 6624,-926.2,267.044155,-33.4133068,7.76084729,-3.54722748,-2.78756822,-0.386152338,-0.479611831,-0.37643564,0.615744376,0.72169587,-99.7558654,43.4140894,203.546669,-7.35767566,-2.20190779,-109.817952,True,True
NGC 6624,-926.3,267.1795,-33.5134127,7.77241991,-3.57505675,-2.93588315,-0.375905207,-0.484027753,-0.397119219,0.612852013,0.73026794,-100.62863,42.9432038,200.929604,-7.28335759,-2.26267555,-110.90882,True,True
NGC 6624,-926.4,267.312913,-33.6117002,7.78411491,-3.60241657,-3.08173507,-0.365570899,-0.488395582,-0.417532636,0.610059282,0.739260326,-101.460744,42.4736046,198.264566,-7.20791726,-2.32349494,-111.935337,True,True
NGC 6624,-926.5,267.444349,-33.7081655,7.79592551,-3.62931088,-3.22509752,-0.355153551,-0.49271545,-0.437671323,0.607373493,0.748637928,-102.252642,42.0052734,195.558058,-7.13153507,-2.38426073,-112.898258,True,True
NGC 6624,-926.6,267.573771,-33.8028078,7.80784499,-3.65574361,-3.36594941,-0.344657248,-0.496987485,-0.457531344,0.604801768,0.758366738,-103.004857,41.5381775,192.815939,-7.05437515,-2.44487999,-113.798498,True,True
NGC 6624,-926.7,267.701145,-33.8956286,7.81986677,-3.68171873,-3.50427453,-0.334086018,-0.501211811,-0.477109331,0.602351017,0.76841399,-103.718009,41.0722717,190.043481,-6.97658667,-2.50527089,-114.637106,True,True
NGC 6624,-926.8,267.826442,-33.986632,7.83198436,-3.70724017,-3.64006106,-0.323443822,-0.505388546,-0.496402428,0.600027907,0.778748264,-104.39279,40.6075008,187.245427,-6.89830518,-2.56536165,-115.415244,True,True
NGC 6624,-926.9,267.949638,-34.0758237,7.84419139,-3.73231186,-3.77330112,-0.312734546,-0.509517804,-0.515408239,0.597838849,0.789339561,-105.02995,40.1438015,184.426039,-6.81965372,-2.62508954,-116.134165,True,True
NGC 6624,-927,268.070712,-34.1632115,7.85648165,-3.75693766,-3.90399036,-0.301961996,-0.513599691,-0.534124782,0.595789971,0.800159342,-105.630284,39.6811041,181.589148,-6.74074394,-2.68440002,-116.795193,True,True
NGC 6624,-927.1,268.189647,-34.2488045,7.86884905,-3.78112141,-4.03212764,-0.291129898,-0.517634306,-0.552550446,0.593887104,0.811180551,-106.194622,39.2193339,178.738195,-6.66167708,-2.74324585,-117.399709,True,True
NGC 6624,-927.2,268.306429,-34.3326135,7.88128765,-3.80486689,-4.15771465,-0.280241888,-0.521621738,-0.570683953,0.592135756,0.822377607,-106.72382,38.7584126,175.876266,-6.58254484,-2.80158645,-117.949134,True,True
NGC 6624,-927.3,268.421046,-34.41465,7.89379166,-3.82817781,-4.28075564,-0.269301516,-0.525562072,-0.588524326,0.590541106,0.833726382,-107.218753,38.2982594,173.006129,-6.50343024,-2.85938714,-118.44492,True,True
NGC 6624,-927.4,268.53349,-34.4949269,7.90635544,-3.85105783,-4.40125714,-0.258312241,-0.529455381,-0.606070853,0.589107982,0.845204173,-107.680304,37.8387919,170.130265,-6.42440835,-2.9166186,-118.888534,True,True
NGC 6624,-927.5,268.643756,-34.5734579,7.9189735,-3.87351051,-4.5192277,-0.247277432,-0.533301731,-0.623323065,0.58784085,0.856789652,-108.109361,37.379927,167.250892,-6.34554697,-2.97325626,-119.281454,True,True
NGC 6624,-927.6,268.751838,-34.6502572,7.93164051,-3.89553936,-4.6346777,-0.236200367,-0.53710118,-0.640280706,0.586743803,0.868462822,-108.506809,36.9215815,164.369997,-6.26690728,-3.02927989,-119.625157,True,True
NGC 6624,-927.7,268.857735,-34.72534,7.94435128,-3.9171478,-4.74761909,-0.225084233,-0.540853776,-0.656943713,0.585820552,0.880204954,-108.873531,36.4636728,161.489351,-6.1885444,-3.08467306,-119.921113,True,True
NGC 6624,-927.8,268.961447,-34.7987217,7.9571008,-3.9383392,-4.85806528,-0.213932128,-0.54455956,-0.673312193,0.585074414,0.891998531,-109.210396,36.006119,158.610537,-6.1105079,-3.13942281,-120.17078,True,True
NGC 6624,-927.9,269.062975,-34.8704184,7.96988416,-3.9591168,-4.96603088,-0.202747061,-0.548218565,-0.689386408,0.584508311,0.903827188,-109.518262,35.5488397,155.734961,-6.03284228,-3.19351923,-120.375598,True,True
NGC 6624,-928,269.162323,-34.9404463,7.98269666,-3.97948381,-5.07153165,-0.191531956,-0.551830813,-0.705166754,0.584124761,0.915675646,-109.797972,35.091756,152.863875,-5.95558743,-3.24695518,-120.536988,True,True
NGC 6624,-928.1,269.259494,-35.0088221,7.99553369,-3.99944334,-5.17458428,-0.180289649,-0.555396322,-0.720653748,0.583925879,0.927529653,-110.050352,34.634791,149.998388,-5.87877901,-3.29972595,-120.656344,True,True
NGC 6624,-928.2,269.354495,-35.0755626,8.00839082,-4.01899841,-5.27520628,-0.169022893,-0.558915099,-0.735848014,0.583913372,0.939375924,-110.276207,34.1778697,147.139483,-5.80244879,-3.35182902,-120.735033,True,True
NGC 6624,-928.3,269.447332,-35.1406848,8.02126374,-4.03815197,-5.37341592,-0.157734362,-0.562387145,-0.75075027,0.584088547,0.951202081,-110.476323,33.7209191,144.288025,-5.72662505,-3.40326382,-120.774393,True,True
NGC 6624,-928.4,269.538013,-35.2042056,8.03414829,-4.0569069,-5.46923205,-0.146426649,-0.565812454,-0.765361318,0.584452305,0.962996596,-110.651465,33.2638686,141.444777,-5.65133279,-3.45403149,-120.775731,True,True
NGC 6624,-928.5,269.626546,-35.2661422,8.04704044,-4.07526599,-5.56267405,-0.135102269,-0.569191012,-0.779682032,0.585005155,0.974748738,-110.802375,32.8066496,138.610405,-5.57659409,-3.50413472,-120.740322,True,True
NGC 6624,-928.6,269.712942,-35.3265118,8.05993628,-4.09323197,-5.65376176,-0.123763663,-0.572522798,-0.79371335,0.585747214,0.986448519,-110.929773,32.3491961,135.785491,-5.50242832,-3.55357752,-120.669406,True,True
NGC 6624,-928.7,269.797209,-35.3853313,8.07283204,-4.11080747,-5.74251535,-0.112413201,-0.575807785,-0.807456266,0.58667822,0.998086647,-111.034355,31.8914441,132.97054,-5.42885239,-3.60236512,-120.564192,True,True
NGC 6624,-928.8,269.87936,-35.4426179,8.08572406,-4.12799507,-5.8289553,-0.10105318,-0.57904594,-0.820911822,0.587797538,1.00965448,-111.116797,31.4333317,130.165988,-5.35588095,-3.65050379,-120.425854,True,True
NGC 6624,-928.9,269.959405,-35.4983883,8.09860882,-4.14479728,-5.91310231,-0.0896858331,-0.582237221,-0.834081101,0.589104176,1.02114397,-111.177751,30.9747995,127.372205,-5.28352658,-3.69800073,-120.255531,True,True
NGC 6624,-929,270.037357,-35.5526594,8.11148291,-4.16121651,-5.99497726,-0.0783133239,-0.585381584,-0.846965221,0.590596796,1.03254766,-111.217844,30.51579,124.589507,-5.2118,-3.74486395,-120.054329,True,True
NGC 6624,-929.1,270.113228,-35.6054477,8.12434301,-4.17725513,-6.07460115,-0.0669377551,-0.588478977,-0.859565329,0.592273728,1.04385857,-111.237685,30.0562477,121.818157,-5.14071019,-3.79110214,-119.823319,True,True
NGC 6624,-929.2,270.187031,-35.6567698,8.13718593,-4.19291544,-6.15199502,-0.0555611677,-0.591529342,-0.871882597,0.594132987,1.05507027,-111.237857,29.5961192,119.058372,-5.07026457,-3.83672462,-119.56354,True,True
NGC 6624,-929.3,270.25878,-35.7066419,8.1500086,-4.20819965,-6.22717999,-0.0441855443,-0.594532617,-0.883918218,0.596172287,1.06617673,-111.218926,29.1353529,116.310326,-5.00046911,-3.88174124,-119.275999,True,True
NGC 6624,-929.4,270.328487,-35.7550801,8.16280802,-4.22310993,-6.30017713,-0.0328128108,-0.597488735,-0.895673399,0.598389061,1.07717237,-111.181432,28.673899,113.574157,-4.93132849,-3.92616227,-118.961667,True,True
NGC 6624,-929.5,270.396167,-35.8021002,8.17558131,-4.23764838,-6.3710075,-0.0214448387,-0.600397621,-0.907149361,0.60078048,1.088052,-111.125898,28.2117095,110.849965,-4.86284618,-3.9699984,-118.621488,True,True
NGC 6624,-929.6,270.461834,-35.8477179,8.18832568,-4.25181704,-6.43969207,-0.0100834471,-0.6032592,-0.918347332,0.603343466,1.09881079,-111.052826,27.7487378,108.137824,-4.79502457,-4.01326061,-118.256372,True,True
NGC 6624,-929.7,270.525502,-35.8919484,8.20103843,-4.26561788,-6.50625171,0.00126959507,-0.606073388,-0.929268547,0.606074717,1.10944427,-110.962698,27.2849391,105.437776,-4.72786504,-4.05596016,-117.867198,True,True
NGC 6624,-929.8,270.587186,-35.9348069,8.21371697,-4.27905282,-6.57070716,0.0126125675,-0.608840098,-0.939914244,0.608970723,1.11994827,-110.855978,26.8202698,102.74984,-4.66136808,-4.09810853,-117.45482,True,True
NGC 6624,-929.9,270.6469,-35.9763084,8.22635876,-4.29212371,-6.63307903,0.0239437961,-0.61155924,-0.950285662,0.612027785,1.13031891,-110.733111,26.3546879,100.074011,-4.59553335,-4.13971737,-117.020058,True,True
NGC 6624,-930,270.704659,-36.0164673,8.23896138,-4.30483237,-6.69338775,0.0352616516,-0.614230717,-0.960384038,0.615242032,1.14055261,-110.594525,25.8881523,97.4102642,-4.53035976,-4.18079847,-116.563707,True,True
NGC 6624,-930.1,270.760479,-36.0552979,8.25152247,-4.31718053,-6.75165355,0.0465645474,-0.616854431,-0.970210605,0.618609446,1.15064602,-110.440629,25.4206234,94.7585564,-4.46584553,-4.22136371,-116.086535,True,True
NGC 6624,-930.2,270.814373,-36.0928145,8.26403975,-4.32916989,-6.80789649,0.0578509381,-0.619430278,-0.979766592,0.622125872,1.16059604,-110.271818,24.9520625,92.1188276,-4.40198827,-4.26142504,-115.589283,True,True
NGC 6624,-930.3,270.866358,-36.1290306,8.27651103,-4.34080209,-6.86213639,0.0691193178,-0.621958151,-0.98905322,0.625787041,1.1703998,-110.08847,24.4824321,89.4910033,-4.33878503,-4.30099445,-115.072667,True,True
NGC 6624,-930.4,270.916447,-36.1639598,8.28893417,-4.35207871,-6.91439284,0.0803682183,-0.624437937,-0.998071702,0.629588586,1.18005462,-109.890946,24.0116953,86.8749952,-4.27623234,-4.34008397,-114.537378,True,True
NGC 6624,-930.5,270.964656,-36.1976154,8.30130713,-4.36300129,-6.96468521,0.0915962078,-0.626869522,-1.00682324,0.633526056,1.18955803,-109.679594,23.5398164,84.2707035,-4.21432628,-4.37870558,-113.984084,True,True
NGC 6624,-930.6,271.011001,-36.2300101,8.31362791,-4.37357132,-7.0130326,0.102801889,-0.629252788,-1.01530903,0.637594934,1.19890772,-109.454747,23.0667603,81.6780174,-4.15306251,-4.41687128,-113.413427,True,True
NGC 6624,-930.7,271.055495,-36.2611567,8.32589459,-4.38379022,-7.05945386,0.113983899,-0.631587612,-1.02353025,0.641790652,1.20810158,-109.216723,22.5924925,79.0968167,-4.09243631,-4.45459299,-112.826031,True,True
NGC 6624,-930.8,271.098155,-36.2910675,8.3381053,-4.39365938,-7.10396758,0.125140905,-0.633873869,-1.03148808,0.646108604,1.21713762,-108.965829,22.1169794,76.5269726,-4.03244263,-4.4918826,-112.222496,True,True
NGC 6624,-930.9,271.138994,-36.3197546,8.35025827,-4.40318014,-7.14659207,0.136271606,-0.636111429,-1.03918365,0.650544158,1.22601401,-108.702357,21.6401877,73.9683488,-3.97307612,-4.52875192,-111.603401,True,True
NGC 6624,-931,271.178028,-36.3472297,8.36235173,-4.41235378,-7.18734537,0.14737473,-0.638300161,-1.04661812,0.65509267,1.23472908,-108.426586,21.1620849,71.4208024,-3.91433115,-4.56521267,-110.969305,True,True
NGC 6624,-931.1,271.215271,-36.3735044,8.37438402,-4.42118156,-7.22624523,0.158449034,-0.640439928,-1.05379261,0.659749496,1.24328125,-108.138786,20.6826386,68.8841845,-3.85620186,-4.60127649,-110.320749,True,True
NGC 6624,-931.2,271.250739,-36.3985897,8.3863535,-4.42966466,-7.26330911,0.169493299,-0.642530591,-1.06070822,0.664509999,1.25166908,-107.839212,20.2018169,66.3583408,-3.79868216,-4.63695491,-109.658254,True,True
NGC 6624,-931.3,271.284446,-36.4224968,8.39825861,-4.43780425,-7.2985542,0.180506335,-0.644572009,-1.06736607,0.669369563,1.25989124,-107.528111,19.7195885,63.8431127,-3.74176578,-4.67225937,-108.982323,True,True
NGC 6624,-931.4,271.316406,-36.4452361,8.41009782,-4.44560141,-7.33199738,0.191486976,-0.646564035,-1.07376721,0.674323597,1.2679465,-107.205716,19.2359219,61.3383374,-3.68544629,-4.70720116,-108.293442,True,True
NGC 6624,-931.5,271.346635,-36.4668181,8.42186965,-4.45305722,-7.36365524,0.202434076,-0.648506521,-1.07991271,0.679367546,1.27583374,-106.872253,18.7507863,58.8438488,-3.62971711,-4.74179148,-107.592079,True,True
NGC 6624,-931.6,271.375145,-36.4872528,8.43357269,-4.4601727,-7.39354409,0.213346516,-0.650399315,-1.08580362,0.684496899,1.28355191,-106.527934,18.2641507,56.3594777,-3.57457153,-4.77604141,-106.878687,True,True
NGC 6624,-931.7,271.401952,-36.5065501,8.44520556,-4.4669488,-7.42167992,0.224223196,-0.652242263,-1.09144095,0.689707192,1.29110006,-106.172966,17.7759843,53.8850524,-3.52000274,-4.80996187,-106.153704,True,True
NGC 6624,-931.8,271.427069,-36.5247195,8.45676692,-4.47338647,-7.44807843,0.235063036,-0.654035205,-1.09682573,0.694994015,1.29847732,-105.807542,17.2862565,51.4203989,-3.46600381,-4.84356368,-105.417551,True,True
NGC 6624,-931.9,271.450511,-36.5417703,8.46825548,-4.47948659,-7.47275503,0.245864978,-0.655777981,-1.10195893,0.700353017,1.3056829,-105.43185,16.7949368,48.9653416,-3.41256778,-4.87685752,-104.670635,True,True
NGC 6624,-932,271.472291,-36.5577115,8.47967,-4.48525001,-7.49572484,0.25662798,-0.657470427,-1.10684154,0.705779911,1.31271607,-105.046068,16.3019943,46.5197033,-3.35968758,-4.90985392,-103.913351,True,True
NGC 6624,-932.1,271.492424,-36.5725518,8.49100926,-4.49067752,-7.51700266,0.267351018,-0.659112374,-1.1114745,0.711270475,1.31957617,-104.650363,15.8073985,44.0833057,-3.30735612,-4.9425633,-103.146076,True,True
NGC 6624,-932.2,271.510922,-36.5862996,8.5022721,-4.49576988,-7.53660301,0.278033087,-0.660703653,-1.11585876,0.71682056,1.3262626,-104.244899,15.3111184,41.6559694,-3.25556625,-4.97499592,-102.36918,True,True
NGC 6624,-932.3,271.527799,-36.5989633,8.51345738,-4.50052782,-7.55454012,0.288673196,-0.662244089,-1.11999522,0.722426085,1.33277483,-103.829828,14.8131233,39.2375146,-3.20431081,-5.00716191,-101.583014,True,True
NGC 6624,-932.4,271.543069,-36.6105507,8.52456401,-4.504952,-7.5708279,0.29927037,-0.663733506,-1.12388479,0.728083046,1.33911237,-103.405295,14.313382,36.8277607,-3.15358262,-5.03907129,-100.787922,True,True
NGC 6624,-932.5,271.556744,-36.6210696,8.53559092,-4.50904306,-7.58548001,0.309823649,-0.665171723,-1.12752835,0.733787513,1.3452748,-102.971441,13.8118632,34.4265271,-3.10337447,-5.0707339,-99.9842337,True,True
NGC 6624,-932.6,271.568838,-36.6305275,8.54653709,-4.5128016,-7.59850977,0.320332086,-0.666558556,-1.13092676,0.739535634,1.35126174,-102.528395,13.3085354,32.0336329,-3.05367916,-5.10215948,-99.1722681,True,True
NGC 6624,-932.7,271.579363,-36.6389314,8.55740152,-4.51622815,-7.60993024,0.330794747,-0.66789382,-1.13408086,0.745323634,1.35707285,-102.076284,12.8033668,29.6488975,-3.00448951,-5.13335763,-98.3523332,True,True
NGC 6624,-932.8,271.588333,-36.6462885,8.56818325,-4.51932324,-7.6197542,0.341210712,-0.669177324,-1.13699149,0.751147816,1.36270785,-101.615225,12.2963252,27.2721403,-2.95579832,-5.1643378,-97.5247268,True,True
NGC 6624,-932.9,271.595759,-36.6526054,8.57888134,-4.52208732,-7.62799412,0.351579071,-0.670408876,-1.13965944,0.75700456,1.36816649,-101.145329,11.7873782,24.903181,-2.90759845,-5.19510934,-96.6897363,True,True
NGC 6624,-933,271.601654,-36.6578885,8.5894949,-4.52452082,-7.63466221,0.361898926,-0.671588277,-1.1420855,0.762890324,1.37344856,-100.666702,11.276493,22.5418401,-2.85988275,-5.22568145,-95.8476394,True,True
NGC 6624,-933.1,271.606031,-36.6621442,8.60002304,-4.52662413,-7.63977037,0.372169389,-0.67271533,-1.14427046,0.768801645,1.3785539,-100.179445,10.7636363,20.1879382,-2.81264412,-5.2560632,-94.9987045,True,True
NGC 6624,-933.2,271.608902,-36.6653784,8.61046491,-4.5283976,-7.64333025,0.382389582,-0.673789829,-1.14621504,0.774735133,1.38348236,-99.6836495,10.2487746,17.8412969,-2.76587549,-5.28626356,-94.1431907,True,True
NGC 6624,-933.3,271.610278,-36.667597,8.6208197,-4.52984151,-7.64535321,0.392558637,-0.674811569,-1.14792,0.780687478,1.38823386,-99.1794046,9.73187364,15.5017384,-2.71956982,-5.31629135,-93.2813485,True,True
NGC 6624,-933.4,271.610171,-36.6688054,8.63108661,-4.53095613,-7.64585034,0.402675694,-0.67578034,-1.14938604,0.786655441,1.39280833,-98.6667926,9.21289891,13.1690856,-2.67372013,-5.34615529,-92.4134199,True,True
NGC 6624,-933.5,271.608594,-36.669009,8.64126486,-4.53174168,-7.64483245,0.412739901,-0.676695926,-1.15061387,0.792635857,1.39720574,-98.1458906,8.69181528,10.8431625,-2.62831948,-5.37586398,-91.5396387,True,True
NGC 6624,-933.6,271.605557,-36.6682128,8.65135371,-4.53219834,-7.64231008,0.422750413,-0.677558112,-1.15160415,0.798625636,1.40142607,-97.6167705,8.1685871,8.52379395,-2.58336097,-5.40542591,-90.6602309,True,True
NGC 6624,-933.7,271.601072,-36.6664218,8.66135242,-4.53232623,-7.63829352,0.432706394,-0.678366675,-1.15235756,0.804621755,1.40546936,-97.0794992,7.64317814,6.21080572,-2.53883777,-5.43484943,-89.7754147,True,True
NGC 6624,-933.8,271.595151,-36.6636406,8.67126031,-4.53212545,-7.63279278,0.442607014,-0.67912139,-1.15287474,0.810621263,1.40933566,-96.5341386,7.11555158,3.90402469,-2.4947431,-5.46414282,-88.8854012,True,True
NGC 6624,-933.9,271.587803,-36.6598736,8.68107668,-4.53159605,-7.62581761,0.452451448,-0.67982203,-1.1531563,0.816621274,1.41302504,-95.9807457,6.58566998,1.60327883,-2.45107024,-5.49331423,-87.9903943,True,True
NGC 6624,-934,271.579041,-36.6551251,8.69080087,-4.53073803,-7.6173775,0.462238877,-0.680468361,-1.15320287,0.82261897,1.41653762,-95.4193731,6.05349523,-0.691602772,-2.40781252,-5.52237171,-87.0905911,True,True
NGC 6624,-934.1,271.568875,-36.6493991,8.70043225,-4.52955135,-7.60748168,0.471968489,-0.681060147,-1.15301504,0.828611597,1.41987353,-94.8500685,5.51898856,-2.98078987,-2.36496335,-5.55132322,-86.186182,True,True
NGC 6624,-934.2,271.557315,-36.6426993,8.70997018,-4.52803594,-7.59613915,0.481639472,-0.681597148,-1.15259337,0.834596461,1.42303293,-94.2728752,4.98211048,-5.26445102,-2.3225162,-5.58017661,-85.2773511,True,True
NGC 6624,-934.3,271.544372,-36.6350294,8.71941407,-4.52619167,-7.58335862,0.491251024,-0.682079118,-1.15193842,0.840570932,1.42601599,-93.6878322,4.44282076,-7.54275354,-2.2804646,-5.60893964,-84.3642764,True,True
NGC 6624,-934.4,271.530057,-36.6263927,8.72876333,-4.52401836,-7.56914859,0.500802343,-0.682505809,-1.15105073,0.846532437,1.42882292,-93.0949743,3.90107843,-9.81586349,-2.23880215,-5.63761997,-83.4471297,True,True
NGC 6624,-934.5,271.514379,-36.6167925,8.73801739,-4.52151582,-7.55351727,0.510292631,-0.682876969,-1.14993083,0.85247846,1.43145396,-92.4943318,3.35684173,-12.0839457,-2.19752253,-5.66622519,-82.5260774,True,True
NGC 6624,-934.6,271.497349,-36.6062316,8.7471757,-4.51868377,-7.53647266,0.519721094,-0.683192339,-1.14857922,0.85840654,1.43390934,-91.8859312,2.81006808,-14.3471635,-2.15661948,-5.69476278,-81.6012801,True,True
NGC 6624,-934.7,271.478977,-36.594713,8.75623772,-4.51552192,-7.51802252,0.52908694,-0.683451659,-1.14699638,0.864314271,1.43618935,-91.2697947,2.26071405,-16.6056792,-2.11608682,-5.72324016,-80.6728931,True,True
NGC 6624,-934.8,271.459271,-36.5822392,8.76520293,-4.51202992,-7.49817434,0.538389377,-0.683654662,-1.1451828,0.870199298,1.43829429,-90.6459409,1.70873536,-18.8596535,-2.07591843,-5.75166466,-79.7410666,True,True
NGC 6624,-934.9,271.438243,-36.5688125,8.77407083,-4.50820738,-7.47693539,0.547627618,-0.683801077,-1.14313893,0.876059314,1.44022448,-90.014384,1.15408682,-21.1092459,-2.03610829,-5.78004351,-78.8059455,True,True
NGC 6624,-935,271.415901,-36.5544352,8.78284093,-4.50405384,-7.45431272,0.556800876,-0.683890629,-1.14086521,0.881892061,1.44198025,-89.3751348,0.596722327,-23.3546142,-1.99665044,-5.8083839,-77.8676703,True,True
NGC 6624,-935.1,271.392255,-36.5391092,8.79151275,-4.49956883,-7.43031314,0.565908364,-0.683923038,-1.13836206,0.887695329,1.44356198,-88.7282001,0.0365948226,-25.595915,-1.95753898,-5.83669293,-76.9263764,True,True
NGC 6624,-935.2,271.367313,-36.5228365,8.80008582,-4.4947518,-7.4049432,0.574949296,-0.683898018,-1.13562989,0.893466951,1.44497005,-88.0735832,-0.526343731,-27.8333035,-1.91876813,-5.86497763,-75.982195,True,True
NGC 6624,-935.3,271.341086,-36.5056185,8.80855969,-4.48960217,-7.37820928,0.583922887,-0.683815281,-1.1326691,0.899204802,1.44620488,-87.4112834,-1.09214238,-30.0669331,-1.88033214,-5.89324496,-75.0352526,True,True
NGC 6624,-935.4,271.313582,-36.4874568,8.81693394,-4.48411931,-7.35011748,0.59282835,-0.68367453,-1.12948005,0.9049068,1.44726691,-86.7412967,-1.66085121,-32.296956,-1.84222539,-5.92150183,-74.0856718,True,True
NGC 6624,-935.5,271.28481,-36.4683525,8.82520812,-4.47830254,-7.32067371,0.6016649,-0.683475465,-1.12606312,0.9105709,1.44815659,-86.0636153,-2.23252137,-34.5235227,-1.80444229,-5.94975508,-73.1335709,True,True
NGC 6624,-935.6,271.254778,-36.4483068,8.83338183,-4.47215111,-7.28988366,0.610431749,-0.683217782,-1.12241864,0.916195098,1.44887441,-85.3782281,-2.80720511,-36.746782,-1.76697737,-5.97801148,-72.1790643,True,True
NGC 6624,-935.7,271.223496,-36.4273205,8.84145466,-4.46566425,-7.25775279,0.619128108,-0.682901168,-1.11854695,0.921777424,1.44942088,-84.6851204,-3.38495579,-38.9668813,-1.72982522,-6.00627776,-71.2222626,True,True
NGC 6624,-935.8,271.190971,-36.4053943,8.84942622,-4.45884113,-7.22428636,0.627753186,-0.682525308,-1.11444836,0.927315943,1.44979654,-83.9842738,-3.96582795,-41.1839661,-1.69298052,-6.03456057,-70.2632727,True,True
NGC 6624,-935.9,271.157212,-36.3825287,8.85729612,-4.45168085,-7.18948938,0.636306191,-0.68208988,-1.11012318,0.932808755,1.45000195,-83.2756669,-4.54987731,-43.3981803,-1.65643804,-6.06286655,-69.3021977,True,True
NGC 6624,-936,271.122227,-36.3587241,8.86506401,-4.44418247,-7.15336671,0.644786328,-0.681594555,-1.10557169,0.938253988,1.45003769,-82.5592746,-5.13716079,-45.6096659,-1.62019264,-6.09120225,-68.3391377,True,True
NGC 6624,-936.1,271.086024,-36.3339806,8.8727295,-4.436345,-7.11592294,0.653192799,-0.681039,-1.10079416,0.943649804,1.44990439,-81.8350686,-5.7277366,-47.8185631,-1.58423923,-6.11957419,-67.374189,True,True
NGC 6624,-936.2,271.048611,-36.3082982,8.88029225,-4.42816739,-7.0771625,0.661524805,-0.680422876,-1.09579085,0.948994392,1.44960268,-81.1030169,-6.32166419,-50.0250103,-1.54857287,-6.14798885,-66.4074449,True,True
NGC 6624,-936.3,271.009997,-36.2816767,8.88775192,-4.41964854,-7.0370896,0.669781539,-0.679745835,-1.090562,0.954285969,1.44913325,-80.3630846,-6.91900436,-52.2291437,-1.51318864,-6.17645264,-65.4389955,True,True
NGC 6624,-936.4,270.970188,-36.2541157,8.89510817,-4.41078728,-6.99570823,0.677962195,-0.679007527,-1.08510784,0.959522777,1.4484968,-79.6152333,-7.51981923,-54.4310976,-1.47808177,-6.20497195,-64.468928,True,True
NGC 6624,-936.5,270.929193,-36.2256147,8.90236066,-4.40158239,-6.95302222,0.686065961,-0.678207593,-1.0794286,0.964703085,1.44769408,-78.8594211,-8.12417234,-56.6310041,-1.44324755,-6.23355313,-63.4973265,True,True
NGC 6624,-936.6,270.887019,-36.1961729,8.90950908,-4.39203261,-6.90903518,0.69409202,-0.677345666,-1.07352446,0.969825182,1.44672584,-78.0956032,-8.7321286,-58.828993,-1.40868137,-6.26220247,-62.5242723,True,True
NGC 6624,-936.7,270.843673,-36.1657895,8.91655312,-4.38213658,-6.86375052,0.702039551,-0.676421376,-1.06739563,0.974887383,1.44559291,-77.3237311,-9.3437544,-61.0251917,-1.37437871,-6.29092626,-61.549844,True,True
NGC 6624,-936.8,270.799164,-36.1344633,8.92349247,-4.37189293,-6.81717147,0.709907728,-0.675434344,-1.06104228,0.979888022,1.44429611,-76.5437532,-9.9591176,-63.2197253,-1.34033517,-6.31973071,-60.5741177,True,True
NGC 6624,-936.9,270.753497,-36.1021932,8.93032684,-4.36130018,-6.76930107,0.717695719,-0.674384184,-1.05446457,0.984825453,1.44283634,-75.7556148,-10.5782876,-65.412716,-1.30654642,-6.34862203,-59.5971667,True,True
NGC 6624,-937,270.70668,-36.0689776,8.93705593,-4.35035683,-6.72014217,0.725402686,-0.673270503,-1.04766265,0.989698048,1.44121451,-74.9592577,-11.2013353,-67.6042835,-1.27300826,-6.37760637,-58.6190621,True,True
NGC 6624,-937.1,270.658721,-36.0348151,8.94367945,-4.33906129,-6.66969744,0.733027785,-0.672092901,-1.04063667,0.994504199,1.43943158,-74.1546205,-11.8283333,-69.7945444,-1.23971659,-6.40668986,-57.6398725,True,True
NGC 6624,-937.2,270.609626,-35.9997039,8.95019713,-4.32741191,-6.61796936,0.740570168,-0.67085097,-1.03338675,0.999242312,1.43748856,-73.3416384,-12.4593557,-71.9836122,-1.20666741,-6.4358786,-56.6596641,True,True
NGC 6624,-937.3,270.559402,-35.9636421,8.95660869,-4.31540698,-6.56496024,0.748028976,-0.669544295,-1.025913,1.00391081,1.4353865,-72.5202437,-13.0944783,-74.1715972,-1.17385683,-6.46517865,-55.6785011,True,True
NGC 6624,-937.4,270.508056,-35.9266276,8.96291387,-4.30304472,-6.51067221,0.755403346,-0.668172452,-1.01821554,1.00850813,1.43312649,-71.690365,-13.7337786,-76.3586062,-1.14128109,-6.49459605,-54.6964455,True,True
NGC 6624,-937.5,270.455594,-35.888658,8.9691124,-4.29032328,-6.45510723,0.762692406,-0.666735009,-1.01029446,1.01303271,1.43070967,-70.8519279,-14.3773358,-78.544742,-1.10893654,-6.52413678,-53.7135573,True,True
NGC 6624,-937.6,270.402024,-35.8497311,8.97520403,-4.27724074,-6.39826708,0.769895277,-0.665231529,-1.00214984,1.01748303,1.42813725,-70.0048547,-15.025231,-80.7301037,-1.07681967,-6.55380681,-52.7298944,True,True
NGC 6624,-937.7,270.347352,-35.8098442,8.9811885,-4.26379511,-6.34015337,0.777011072,-0.663661561,-0.993781749,1.02185756,1.42541048,-69.1490643,-15.6775469,-82.914786,-1.04492708,-6.58361207,-51.7455131,True,True
NGC 6624,-937.8,270.291584,-35.7689946,8.98706556,-4.24998434,-6.28076758,0.784038895,-0.662024651,-0.985190264,1.02615478,1.42253066,-68.2844726,-16.3343681,-85.0988789,-1.01325552,-6.61355846,-50.7604678,True,True
NGC 6624,-937.9,270.234727,-35.7271793,8.99283498,-4.23580629,-6.22011099,0.790977841,-0.660320333,-0.976375435,1.03037318,1.41949916,-67.410992,-16.9957811,-87.2824676,-0.981801873,-6.64365183,-49.774811,True,True
NGC 6624,-938,270.176787,-35.6843953,8.99849651,-4.22125874,-6.15818473,0.797826997,-0.658548133,-0.96733731,1.03451127,1.41631742,-66.5285316,-17.6618742,-89.4656319,-0.950563181,-6.67389799,-48.7885939,True,True
NGC 6624,-938.1,270.117771,-35.6406393,9.00404992,-4.20633942,-6.0949898,0.804585439,-0.656707568,-0.958075929,1.03856755,1.41298692,-65.6369975,-18.3327377,-91.6484458,-0.919536636,-6.70430274,-47.801866,True,True
NGC 6624,-938.2,270.057685,-35.5959081,9.00949498,-4.19104596,-6.03052703,0.811252235,-0.654798145,-0.948591324,1.04254055,1.40950924,-64.7362923,-19.0084638,-93.8309773,-0.888719595,-6.73487179,-46.8146754,True,True
NGC 6624,-938.3,269.996535,-35.5501979,9.01483146,-4.17537592,-5.9647971,0.817826442,-0.652819362,-0.93888352,1.04642879,1.40588601,-63.8263154,-19.6891467,-96.0132875,-0.858109587,-6.76561084,-45.8270687,True,True
NGC 6624,-938.4,269.934327,-35.5035051,9.02005913,-4.15932676,-5.89780058,0.824307106,-0.650770707,-0.928952538,1.05023079,1.40211894,-62.906963,-20.3748825,-98.1954304,-0.827704326,-6.7965255,-44.8390915,True,True
NGC 6624,-938.5,269.871067,-35.4558258,9.02517777,-4.14289589,-5.82953786,0.830693262,-0.648651658,-0.918798392,1.0539451,1.39820984,-61.9781281,-21.0657694,-100.377452,-0.797501721,-6.82762136,-43.8507879,True,True
NGC 6624,-938.6,269.806763,-35.407156,9.03018718,-4.12608061,-5.76000924,0.836983936,-0.646461684,-0.908421092,1.05757024,1.39416057,-61.0397004,-21.7619075,-102.55939,-0.767499885,-6.85890391,-42.8622013,True,True
NGC 6624,-938.7,269.741419,-35.3574915,9.03508713,-4.10887814,-5.68921488,0.84317814,-0.644200242,-0.897820646,1.06110477,1.38997311,-60.0915665,-22.4633991,-104.741273,-0.737697152,-6.8903786,-41.8733739,True,True
NGC 6624,-938.8,269.675042,-35.3068281,9.0398774,-4.09128561,-5.61715481,0.849274876,-0.641866779,-0.886997059,1.06454722,1.38564951,-59.1336098,-23.1703483,-106.923118,-0.708092087,-6.92205079,-40.8843469,True,True
NGC 6624,-938.9,269.607638,-35.2551611,9.04455781,-4.07330008,-5.54382897,0.855273133,-0.639460733,-0.875950333,1.06789614,1.38119193,-58.1657107,-23.8828614,-109.104934,-0.678683509,-6.95392574,-39.8951611,True,True
NGC 6624,-939,269.539213,-35.2024861,9.04912812,-4.05491849,-5.46923717,0.861171889,-0.636981528,-0.864680471,1.07115008,1.37660263,-57.1877463,-24.6010467,-111.286715,-0.649470502,-6.98600862,-38.9058564,True,True
NGC 6624,-939.1,269.469773,-35.1487982,9.05358816,-4.0361377,-5.39337915,0.866970107,-0.634428578,-0.853187479,1.07430758,1.37188398,-56.199591,-25.3250143,-113.468444,-0.620452437,-7.0183045,-37.9164722,True,True
NGC 6624,-939.2,269.399325,-35.0940925,9.0579377,-4.01695447,-5.31625454,0.872666738,-0.631801287,-0.841471363,1.07736721,1.36703846,-55.2011159,-26.0548766,-115.65009,-0.591628996,-7.0508183,-36.9270475,True,True
NGC 6624,-939.3,269.327875,-35.0383641,9.06217656,-3.99736548,-5.2378629,0.878260721,-0.629099045,-0.829532133,1.0803275,1.36206867,-54.1921896,-26.7907477,-117.831604,-0.563000191,-7.08355483,-35.9376213,True,True
NGC 6624,-939.4,269.255428,-34.9816077,9.06630453,-3.9773673,-5.15820371,0.88375098,-0.626321233,-0.817369806,1.083187,1.35697733,-53.1726777,-27.5327435,-120.012922,-0.534566395,-7.11651873,-34.9482323,True,True
NGC 6624,-939.5,269.181992,-34.923818,9.07032143,-3.95695638,-5.07727642,0.889136424,-0.623467218,-0.804984407,1.08594427,1.35176731,-52.1424433,-28.280982,-122.193961,-0.506328368,-7.14971446,-33.9589192,True,True
NGC 6624,-939.6,269.107572,-34.8649897,9.07422707,-3.93612911,-4.99508039,0.894415952,-0.620536355,-0.792375969,1.08859784,1.34644158,-51.1013468,-29.0355828,-124.374618,-0.478287292,-7.18314629,-32.9697212,True,True
NGC 6624,-939.7,269.032175,-34.8051171,9.07802124,-3.91488173,-4.91161497,0.899588443,-0.617527988,-0.779544538,1.09114627,1.34100331,-50.0492465,-29.7966669,-126.554766,-0.450444806,-7.21681826,-31.9806778,True,True
NGC 6624,-939.8,268.955808,-34.7441948,9.08170377,-3.89321041,-4.82687951,0.904652766,-0.614441447,-0.766490172,1.09358809,1.33545577,-48.9859982,-30.5643573,-128.734254,-0.422803047,-7.25073417,-30.991829,True,True
NGC 6624,-939.9,268.878477,-34.6822168,9.08527448,-3.8711112,-4.74087331,0.909607773,-0.611276051,-0.753212949,1.09592185,1.32980241,-47.911456,-31.3387779,-130.912905,-0.395364691,-7.28489753,-30.003216,True,True
NGC 6624,-940,268.800189,-34.6191774,9.08873317,-3.84858003,-4.65359573,0.914452302,-0.608031104,-0.739712963,1.09814609,1.32404687,-46.8254721,-32.1200541,-133.09051,-0.368133008,-7.31931152,-29.0148807,True,True
NGC 6624,-940.1,268.720951,-34.5550707,9.09207967,-3.82561274,-4.56504614,0.919185174,-0.604705899,-0.725990335,1.10025934,1.31819292,-45.7278974,-32.9083123,-135.266829,-0.341111912,-7.35397899,-28.0268668,True,True
NGC 6624,-940.2,268.64077,-34.4898906,9.09531381,-3.80220504,-4.47522396,0.923805197,-0.601299715,-0.71204521,1.10226013,1.31224455,-44.6185814,-33.7036794,-137.441584,-0.314306028,-7.38890236,-27.0392193,True,True
NGC 6624,-940.3,268.559653,-34.4236312,9.0984354,-3.77835254,-4.38412871,0.928311162,-0.597811819,-0.697877764,1.10414699,1.30620594,-43.497373,-34.5062831,-139.614457,-0.287720757,-7.42408361,-26.0519854,True,True
NGC 6624,-940.4,268.477609,-34.3562863,9.10144428,-3.75405072,-4.29176,0.932701845,-0.594241465,-0.683488206,1.10591846,1.30008145,-42.3641206,-35.3162512,-141.785085,-0.261362356,-7.4595242,-25.0652145,True,True
NGC 6624,-940.5,268.394644,-34.2878497,9.10434028,-3.72929495,-4.19811757,0.936976006,-0.590587892,-0.668876788,1.10757307,1.29387567,-41.218673,-36.1337113,-143.953058,-0.235238023,-7.49522501,-24.0789585,True,True
NGC 6624,-940.6,268.310768,-34.2183154,9.10712323,-3.7040805,-4.10320134,0.941132392,-0.586850328,-0.654043804,1.10910932,1.28759341,-40.0608791,-36.9587904,-146.117906,-0.209355993,-7.53118627,-23.0932728,True,True
NGC 6624,-940.7,268.225987,-34.1476772,9.10979297,-3.67840249,-4.00701142,0.94516973,-0.583027987,-0.6389896,1.11052576,1.2812397,-38.8905895,-37.7916144,-148.279104,-0.183725652,-7.56740747,-22.1082159,True,True
NGC 6624,-940.8,268.140312,-34.075929,9.11234934,-3.65225595,-3.90954818,0.949086736,-0.579120071,-0.62371458,1.11182089,1.27481982,-37.7076564,-38.6323077,-150.436055,-0.158357655,-7.60388727,-21.1238505,True,True
NGC 6624,-940.9,268.053752,-34.0030647,9.11479219,-3.62563577,-3.81081225,0.95288211,-0.575125769,-0.608219211,1.11299325,1.2683393,-36.511935,-39.4809922,-152.588087,-0.133264067,-7.6406234,-20.1402437,True,True
NGC 6624,-941,267.966315,-33.9290783,9.11712138,-3.59853675,-3.71080462,0.956554536,-0.571044256,-0.592504035,1.11404135,1.26180393,-35.3032838,-40.3377872,-154.734446,-0.108458519,-7.67761252,-19.1574679,True,True
NGC 6624,-941.1,267.878013,-33.8539639,9.11933675,-3.57095354,-3.60952667,0.960102684,-0.566874699,-0.576569673,1.11496372,1.25521977,-34.0815661,-41.2028078,-156.874282,-0.0839563835,-7.71485008,-18.175601,True,True
NGC 6624,-941.2,267.788855,-33.7777159,9.12143818,-3.5428807,-3.50698023,0.963525212,-0.56261625,-0.560416842,1.11575888,1.24859317,-32.8466507,-42.0761646,-159.006639,-0.0597749738,-7.75233021,-17.1947272,True,True
NGC 6624,-941.3,267.698854,-33.7003287,9.12342553,-3.51431266,-3.40316765,0.966820764,-0.55826805,-0.544046359,1.11642537,1.24193077,-31.5984137,-42.9579623,-161.130446,-0.0359337723,-7.79004547,-16.214938,True,True
NGC 6624,-941.4,267.608021,-33.621797,9.12529867,-3.48524373,-3.2980919,0.969987971,-0.553829232,-0.527459161,1.11696172,1.23523951,-30.3367395,-43.8482988,-163.244499,-0.0124546853,-7.82798671,-15.2363327,True,True
NGC 6624,-941.5,267.51637,-33.5421157,9.1270575,-3.45566814,-3.19175664,0.973025453,-0.549298918,-0.510656311,1.11736647,1.22852664,-29.0615224,-44.7472635,-165.347444,0.0106376664,-7.86614281,-14.259019,True,True
NGC 6624,-941.6,267.423914,-33.4612803,9.12870191,-3.42557999,-3.08416631,0.97593182,-0.544676221,-0.493639023,1.11763818,1.22179973,-27.772669,-45.6549359,-167.437763,0.0333156184,-7.90450044,-13.2831146,True,True
NGC 6624,-941.7,267.330667,-33.3792863,9.13023179,-3.39497329,-2.97532627,0.978705674,-0.539960247,-0.476408672,1.11777541,1.2150667,-26.4700995,-46.5713841,-169.513751,0.0555480877,-7.94304375,-12.3087474,True,True
NGC 6624,-941.8,267.236646,-33.2961301,9.13164707,-3.36384195,-2.8652429,0.981345609,-0.535150096,-0.458966822,1.11777674,1.20833579,-25.1537508,-47.4966626,-171.57349,0.0773001477,-7.98175402,-11.3360569,True,True
NGC 6624,-941.9,267.141867,-33.2118084,9.13294767,-3.33217978,-2.75392376,0.983850212,-0.530244862,-0.44131524,1.11764075,1.20161558,-23.8235785,-48.4308104,-173.614828,0.0985325489,-8.02060934,-10.3651952,True,True
NGC 6624,-942,267.04635,-33.1263187,9.13413354,-3.29998054,-2.64137773,0.98621807,-0.525243637,-0.423455932,1.11736608,1.19491501,-22.4795599,-49.3738483,-175.635345,0.119201173,-8.05958409,-9.39632777,True,True
NGC 6624,-942.1,266.950113,-33.0396591,9.13520462,-3.26723791,-2.52761524,0.988447764,-0.520145512,-0.405391162,1.11695136,1.18824338,-21.1216976,-50.3257764,-177.632318,0.139256417,-8.09864857,-8.42963465,True,True
NGC 6624,-942.2,266.85318,-32.9518289,9.13616089,-3.23394548,-2.4126484,0.990537882,-0.514949578,-0.387123491,1.11639525,1.18161033,-19.750023,-51.2865712,-179.602687,0.1586425,-8.13776833,-7.46531157,True,True
NGC 6624,-942.3,266.755573,-32.8628282,9.13700235,-3.20009684,-2.2964913,0.992487013,-0.509654931,-0.368655814,1.11569647,1.17502584,-18.3646001,-52.2561823,-181.543008,0.177296691,-8.17690367,-6.50357069,True,True
NGC 6624,-942.4,266.657318,-32.7726584,9.137729,-3.16568553,-2.17916024,0.994293757,-0.504260674,-0.349991398,1.11485376,1.16850027,-16.9655304,-53.2345286,-183.449411,0.195148455,-8.2160089,-5.5446415,True,True
NGC 6624,-942.5,266.558444,-32.6813221,9.13834088,-3.13070507,-2.06067402,0.995956724,-0.498765917,-0.33113393,1.1138659,1.16204428,-15.5529574,-54.221495,-185.317542,0.212118505,-8.2550316,-4.58877132,True,True
NGC 6624,-942.6,266.458982,-32.5888236,9.13883804,-3.09514901,-1.94105426,0.997474543,-0.493169788,-0.312087568,1.11273173,1.15566888,-14.1270724,-55.2169275,-187.142511,0.228117785,-8.29391183,-3.63622569,False,False
NGC 6624,-942.7,266.358966,-32.4951692,9.13922057,-3.05901091,-1.82032578,0.998845864,-0.487471431,-0.292857003,1.11145016,1.14938535,-12.6881203,-56.2206291,-188.918832,0.243046416,-8.33258128,-2.68728822,False,False
NGC 6624,-942.8,266.258433,-32.4003669,9.13948856,-3.02228441,-1.69851703,1.00006937,-0.481670011,-0.273447518,1.11002015,1.14320527,-11.2364061,-57.232355,-190.640364,0.25679261,-8.37096235,-1.74225993,False,False
NGC 6624,-942.9,266.157425,-32.3044271,9.13964218,-2.98496321,-1.57566047,1.00114376,-0.475764722,-0.25386506,1.10844075,1.13714044,-9.77230153,-58.2518075,-192.300251,0.269231637,-8.40896731,-0.80145781,False,False
NGC 6624,-943,266.055987,-32.207363,9.13968157,-2.94704115,-1.45179311,1.00206781,-0.469754793,-0.234116317,1.1067111,1.13120286,-8.29625251,-59.2786312,-193.890873,0.280224947,-8.4464975,0.134787387,False,False
NGC 6624,-943.1,265.95417,-32.1091905,9.13960696,-2.90851222,-1.32695696,1.00284031,-0.46363949,-0.214208796,1.10483042,1.12540467,-6.80878645,-60.3124077,-195.403811,0.289619575,-8.48344273,1.0661346,False,False
NGC 6624,-943.2,265.852028,-32.0099289,9.13941856,-2.86937058,-1.20119963,1.00346013,-0.457418126,-0.194150908,1.10279806,1.11975807,-5.31051975,-61.3526508,-196.829834,0.297248052,-8.51968091,1.99223711,False,False
NGC 6624,-943.3,265.749625,-31.909601,9.13911666,-2.82961066,-1.07457477,1.00392619,-0.451090068,-0.173952047,1.10061349,1.11427526,-3.80216495,-62.3988022,-198.158931,0.302929059,-8.55507829,2.91274858,False,False
NGC 6624,-943.4,265.647025,-31.8082336,9.13870156,-2.78922714,-0.947142614,1.00423751,-0.444654743,-0.153622667,1.0982763,1.10896833,-2.28453713,-63.4502277,-199.380395,0.306469168,-8.58949027,3.82733038,False,False
NGC 6624,-943.5,265.544303,-31.7058575,9.13817359,-2.74821504,-0.818970381,1.00439319,-0.438111648,-0.133174348,1.09578625,1.10384913,-0.758559063,-64.5062147,-200.482978,0.307665998,-8.6227632,4.73566013,False,False
NGC 6624,-943.6,265.441538,-31.6025081,9.13753311,-2.70656973,-0.69013254,1.00439242,-0.431460356,-0.112619837,1.09314326,1.09892921,0.774735602,-65.5659706,-201.455145,0.306313128,-8.65473735,5.63744073,False,False
NGC 6624,-943.7,265.338817,-31.4982252,9.13678054,-2.66428704,-0.560710924,1.00423452,-0.424700526,-0.0919730599,1.09034742,1.0942196,2.31420195,-66.628624,-202.285426,0.302206952,-8.68525117,6.53240908,False,False
NGC 6624,-943.8,265.236233,-31.3930532,9.13591628,-2.62136322,-0.430794557,1.0039189,-0.417831909,-0.0712490953,1.08739904,1.08973075,3.85858694,-67.6932271,-202.962864,0.295155423,-8.71414688,7.42034334,False,False
NGC 6624,-943.9,265.133884,-31.2870408,9.13494077,-2.57779509,-0.30047918,1.00344515,-0.410854357,-0.0504640922,1.08429861,1.08547229,5.40653685,-68.7587613,-203.47755,0.284988253,-8.7412771,8.30106716,False,False
NGC 6624,-944,265.031873,-31.1802405,9.13385448,-2.53357999,-0.169866414,1.00281296,-0.40376783,-0.0296351354,1.08104685,1.08145298,6.95660936,-69.8241452,-203.821183,0.271567647,-8.766512,9.17444954,False,False
NGC 6624,-944.1,264.930306,-31.0727082,9.13265787,-2.48871588,-0.0390625927,1.00202221,-0.3965724,-0.00878005565,1.07764473,1.0776805,8.5072903,-70.888245,-203.987594,0.25479827,-8.78974618,10.0403998,False,False
NGC 6624,-944.2,264.829293,-30.9645026,9.13135142,-2.44320134,0.0918227492,1.00107289,-0.389268259,0.0120828152,1.07409344,1.0741614,10.0570145,-71.9498871,-203.973167,0.234634935,-8.81090416,10.8988572,False,False
NGC 6624,-944.3,264.728942,-30.8556839,9.12993562,-2.3970356,0.22267856,0.999965207,-0.38185572,0.0329349155,1.07039442,1.07090098,11.6041894,-73.0078717,-203.777061,0.211086672,-8.82994378,11.7497769,False,False
NGC 6624,-944.4,264.62936,-30.7463129,9.12841094,-2.35021857,0.35339405,0.998699487,-0.374335218,0.053757741,1.06654935,1.06790328,13.14722,-74.0609875,-203.401221,0.184216443,-8.84685688,12.5931143,False,False
NGC 6624,-944.5,264.530653,-30.6364506,9.1267779,-2.30275085,0.483860403,0.997276238,-0.366707312,0.0745331202,1.06256019,1.06517103,14.6845333,-75.108026,-202.850166,0.154136537,-8.86166714,13.42881,False,False
NGC 6624,-944.6,264.43292,-30.5261569,9.12503699,-2.2546337,0.613972303,0.995696124,-0.358972687,0.0952434602,1.0584291,1.06270573,16.2146001,-76.1477939,-202.13059,0.121000531,-8.87442576,14.2567781,False,False
NGC 6624,-944.7,264.336254,-30.4154898,9.12318875,-2.20586907,0.743629143,0.993959961,-0.351132145,0.115871942,1.05415852,1.06050766,17.7359542,-77.179125,-201.250857,0.0849931504,-8.88520559,15.0768988,False,False
NGC 6624,-944.8,264.240744,-30.3045053,9.12123369,-2.15645956,0.872735914,0.992068713,-0.343186607,0.136402664,1.0497511,1.05857596,19.2472068,-78.2008893,-200.220468,0.0463195674,-8.89409483,15.8890162,False,False
NGC 6624,-944.9,264.14647,-30.1932569,9.11917239,-2.10640842,1.00120377,0.99002348,-0.335137108,0.156820733,1.04520973,1.05690875,20.7470567,-79.2120005,-199.049547,0.00519539294,-8.90119091,16.6929407,False,False
NGC 6624,-945,264.053504,-30.0817953,9.11700542,-2.05571952,1.12895026,0.98782549,-0.326984791,0.177112303,1.04053748,1.05550321,22.2342971,-80.2114215,-197.74841,-0.0381618159,-8.90659528,17.4884539,False,False
NGC 6624,-945.1,263.961914,-29.9701683,9.11473339,-2.00439734,1.25589936,0.98547609,-0.318730901,0.197264582,1.03573767,1.05435565,23.7078184,-81.1981682,-196.327231,-0.0835391275,-8.91040932,18.2753165,False,False
NGC 6624,-945.2,263.871757,-29.8584212,9.11235694,-1.95244691,1.38198124,0.982976737,-0.310376783,0.217265795,1.03081376,1.05346165,25.166609,-82.1713119,-194.795793,-0.130732894,-8.91273126,19.0532763,False,False
NGC 6624,-945.3,263.783088,-29.7465965,9.10987673,-1.89987382,1.50713201,0.980328984,-0.301923874,0.237105144,1.02576944,1.05281612,26.6097532,-83.1299807,-193.163341,-0.179551704,-8.9136543,19.8220761,False,False
NGC 6624,-945.4,263.695952,-29.6347341,9.10729346,-1.84668416,1.63129331,0.977534475,-0.293373696,0.256772745,1.02060853,1.05241343,28.0364284,-84.0733598,-191.438486,-0.229817984,-8.91326545,20.5814613,False,False
NGC 6624,-945.5,263.610391,-29.5228719,9.10460786,-1.79288451,1.75441192,0.974594931,-0.284727852,0.27625956,1.01533503,1.05224739,29.4459011,-85.0006913,-189.62918,-0.281368559,-8.911645,21.3311858,False,False
NGC 6624,-945.6,263.526441,-29.4110455,9.10182068,-1.73848191,1.87643927,0.971512147,-0.275988019,0.295557329,1.00995309,1.05231144,30.8375224,-85.9112734,-187.742711,-0.334054524,-8.90886648,22.0710173,False,False
NGC 6624,-945.7,263.444133,-29.2992885,9.09893271,-1.68348381,1.9973311,0.968287978,-0.267155944,0.314658508,1.00446698,1.05259863,32.2107227,-86.8044588,-185.785728,-0.387740647,-8.9049969,22.800741,False,False
NGC 6624,-945.8,263.363495,-29.1876328,9.09594474,-1.62789809,2.11704698,0.964924333,-0.258233437,0.333556197,0.998881112,1.05310171,33.5650073,-87.6796537,-183.764284,-0.442304509,-8.90009712,23.5201622,False,False
NGC 6624,-945.9,263.284549,-29.0761088,9.09285761,-1.57173296,2.23555002,0.961423169,-0.249222366,0.352244092,0.993200029,1.05381317,34.8999508,-88.5363157,-181.68388,-0.497635513,-8.89422239,24.2291088,False,False
NGC 6624,-946,263.207317,-28.9647453,9.08967218,-1.51499701,2.35280649,0.957786483,-0.240124653,0.370716421,0.987428375,1.0547253,36.2151926,-89.3739518,-179.549513,-0.553633853,-8.88742282,24.9274315,False,False
NGC 6624,-946.1,263.131815,-28.8535698,9.0863893,-1.45769912,2.4687855,0.954016307,-0.230942265,0.388967902,0.981570906,1.05583023,37.5104324,-90.1921164,-177.365724,-0.610209502,-8.87974395,25.6150052,False,False
NGC 6624,-946.2,263.058057,-28.7426086,9.08300987,-1.39984849,2.58345876,0.950114699,-0.221677215,0.406993694,0.975632476,1.05711995,38.785425,-90.9904092,-175.136643,-0.667281247,-8.8712272,26.2917281,False,False
NGC 6624,-946.3,262.986055,-28.6318868,9.07953478,-1.34145456,2.69680031,0.946083739,-0.212331555,0.424789362,0.969618033,1.05858638,40.0399769,-91.7684731,-172.866032,-0.724775806,-8.86191037,26.9575219,False,False
NGC 6624,-946.4,262.91582,-28.5214288,9.07596494,-1.28252703,2.80878631,0.941925526,-0.202907369,0.442350835,0.963532613,1.06022137,41.2739415,-92.5259918,-170.557321,-0.782627009,-8.85182801,27.6123308,False,False
NGC 6624,-946.5,262.847358,-28.4112576,9.07230128,-1.22307585,2.91939482,0.937642172,-0.193406773,0.459674379,0.957381336,1.06201674,42.487216,-93.2626876,-168.213647,-0.840775071,-8.84101184,28.2561205,False,False
NGC 6624,-946.6,262.780676,-28.3013959,9.06854473,-1.16311113,3.02860565,0.933235795,-0.18383191,0.476756569,0.951169396,1.06396431,43.6797372,-93.9783195,-165.837878,-0.899165932,-8.82949103,28.8888775,False,False
NGC 6624,-946.7,262.715777,-28.191865,9.06469621,-1.10264321,3.13640019,0.92870852,-0.174184944,0.493594259,0.944902064,1.06605591,44.8514787,-94.6726808,-163.432648,-0.957750678,-8.81729252,29.5106073,False,False
NGC 6624,-946.8,262.652665,-28.082686,9.06075667,-1.04168256,3.24276126,0.924062473,-0.16446806,0.510184559,0.938584677,1.06828343,46.0024473,-95.3455971,-161.000375,-1.01648501,-8.80444124,30.1213338,False,False
NGC 6624,-946.9,262.591341,-27.973879,9.05672703,-0.980239841,3.347673,0.919299775,-0.15468346,0.526524821,0.932222639,1.0706388,47.1326804,-95.9969242,-158.543286,-1.07532881,-8.79096039,30.7210975,False,False
NGC 6624,-947,262.531805,-27.8654636,9.05260825,-0.918325815,3.45112074,0.914422544,-0.144833356,0.542612612,0.925821414,1.07311404,48.2422433,-96.6265466,-156.063433,-1.13424568,-8.77687155,31.3099545,False,False
NGC 6624,-947.1,262.474057,-27.7574588,9.04840126,-0.85595138,3.5530909,0.909432891,-0.134919974,0.558445704,0.919386525,1.07570125,49.3312263,-97.2343748,-153.562713,-1.19320263,-8.76219491,31.8879751,False,False
NGC 6624,-947.2,262.418094,-27.6498829,9.04410698,-0.793127542,3.65357094,0.904332913,-0.124945546,0.574022052,0.912923549,1.07839266,50.3997428,-97.8203442,-151.042879,-1.25216973,-8.74694938,32.4552427,False,False
NGC 6624,-947.3,262.363915,-27.5427539,9.03972636,-0.729865394,3.75254918,0.899124698,-0.114912309,0.589339786,0.906438118,1.08118058,51.4479266,-98.3844132,-148.505558,-1.31111985,-8.73115276,33.0118523,False,False
NGC 6624,-947.4,262.311516,-27.4360891,9.03526031,-0.666176116,3.85001484,0.893810317,-0.104822506,0.604397196,0.899935909,1.08405748,52.4759303,-98.9265613,-145.952258,-1.37002833,-8.71482177,33.5579097,False,False
NGC 6624,-947.5,262.260893,-27.3299056,9.03070976,-0.602070954,3.94595788,0.888391826,-0.094678377,0.619192719,0.89342265,1.08701594,53.4839231,-99.4467876,-143.38438,-1.42887287,-8.69797221,34.09353,False,False
NGC 6624,-947.6,262.212041,-27.2242197,9.02607561,-0.537561215,4.040369,0.882871261,-0.0844821645,0.633724933,0.88690411,1.09004871,54.4720892,-99.9451095,-140.803226,-1.48763321,-8.68061905,34.6188369,False,False
NGC 6624,-947.7,262.164955,-27.1190475,9.02135878,-0.472658256,4.13323954,0.877250641,-0.0742361067,0.647992542,0.880386101,1.09314867,55.4406259,-100.421561,-138.21001,-1.54629103,-8.66277643,35.1339613,False,False
NGC 6624,-947.8,262.119629,-27.0144047,9.01656015,-0.407373473,4.22456145,0.871531963,-0.063942438,0.661994372,0.873874475,1.09630887,56.3897424,-100.876192,-135.605862,-1.60482974,-8.6444578,35.6390407,False,False
NGC 6624,-947.9,262.076058,-26.9103066,9.01168062,-0.341718296,4.31432725,0.865717201,-0.0536033867,0.675729359,0.867375117,1.09952251,57.3196582,-101.309065,-132.991838,-1.66323434,-8.62567595,36.1342182,False,False
NGC 6624,-948,262.034234,-26.8067681,9.00672105,-0.275704179,4.40252997,0.859808307,-0.0432211744,0.689196543,0.860893951,1.10278297,58.2306018,-101.720258,-130.368922,-1.72149133,-8.60644301,36.6196415,False,False
NGC 6624,-948.1,261.99415,-26.7038038,9.00168231,-0.209342593,4.48916311,0.85380721,-0.0327980138,0.702395064,0.854436927,1.10608376,59.1228095,-102.109858,-127.738033,-1.77958852,-8.58677059,37.0954622,False,False
NGC 6624,-948.2,261.955801,-26.601428,8.99656527,-0.142645022,4.57422063,0.847715814,-0.0223361083,0.715324149,0.848010026,1.10941861,59.9965243,-102.477964,-125.100032,-1.83751496,-8.56666973,37.5618351,False,False
NGC 6624,-948.3,261.919177,-26.4996545,8.99137076,-0.0756229539,4.65769687,0.841535997,-0.0118376507,0.727983113,0.841619252,1.11278137,60.851995,-102.824685,-122.45572,-1.89526087,-8.54615097,38.0189176,False,False
NGC 6624,-948.4,261.884272,-26.398497,8.98609962,-0.00828787687,4.73958656,0.835269612,-0.00130482213,0.740371351,0.835270632,1.1161661,61.6894748,-103.150137,-119.805851,-1.95281748,-8.52522437,38.4668688,False,False
NGC 6624,-948.5,261.851077,-26.2979689,8.98075267,0.0593487255,4.81988478,0.828918487,0.00926020855,0.752488328,0.82897021,1.11956701,62.5092211,-103.454446,-117.151127,-2.010177,-8.50389955,38.9058491,False,False
NGC 6624,-948.6,261.819584,-26.1980832,8.97533072,0.127275379,4.89858693,0.82248442,0.0198552856,0.764333584,0.822724044,1.12297849,63.3114939,-103.737743,-114.492206,-2.06733255,-8.48218571,39.3360199,False,False
NGC 6624,-948.7,261.789786,-26.0988527,8.96983457,0.195480622,4.97568868,0.815969186,0.0304782672,0.775906721,0.816538203,1.12639508,64.0965559,-104.000165,-111.829704,-2.12427805,-8.46009164,39.7575423,False,False
NGC 6624,-948.8,261.761673,-26.00029,8.964265,0.263953011,5.05118601,0.809374532,0.0411270258,0.787207401,0.810418759,1.12981151,64.8646712,-104.241857,-109.164198,-2.1810082,-8.43762574,40.1705776,False,False
NGC 6624,-948.9,261.735238,-25.9024075,8.9586228,0.33268112,5.12507512,0.802702177,0.0517994486,0.798235347,0.804371785,1.13322268,65.6161047,-104.462966,-106.496227,-2.2375184,-8.41479603,40.5752861,False,False
NGC 6624,-949,261.710471,-25.8052171,8.95290872,0.401653548,5.19735245,0.795953814,0.0624934384,0.808990332,0.798403347,1.13662362,66.351122,-104.663643,-103.826296,-2.29380469,-8.39161021,40.9718274,False,False
NGC 6624,-949.1,261.687365,-25.7087307,8.94712353,0.470858918,5.26801466,0.789131108,0.0732069136,0.81947218,0.7925195,1.14000957,67.0699884,-104.844044,-101.154876,-2.34986373,-8.36807562,41.3603593,False,False
NGC 6624,-949.2,261.66591,-25.6129601,8.94126796,0.540285879,5.33705859,0.782235697,0.0839378083,0.829680761,0.786726281,1.14337588,67.7729686,-105.004326,-98.4824095,-2.40569273,-8.34419927,41.7410382,False,False
NGC 6624,-949.3,261.646099,-25.5179166,8.93534274,0.60992311,5.40448126,0.775269193,0.0946840734,0.83961599,0.781029702,1.1467181,68.4603264,-105.14465,-95.8093086,-2.46128943,-8.31998786,42.1140181,False,False
NGC 6624,-949.4,261.627921,-25.4236115,8.92934859,0.679759321,5.47027986,0.768233179,0.105443676,0.849277821,0.775435739,1.15003191,69.1323239,-105.265178,-93.135959,-2.51665204,-8.29544779,42.479451,False,False
NGC 6624,-949.5,261.61137,-25.3300558,8.92328623,0.749783251,5.53445171,0.761129214,0.1162146,0.858666249,0.769950332,1.15331316,69.7892218,-105.366072,-90.4627204,-2.57177922,-8.27058517,42.8374863,False,False
NGC 6624,-949.6,261.596435,-25.2372606,8.91715635,0.819983676,5.59699429,0.753958828,0.126994845,0.867781302,0.764579364,1.15655782,70.4312783,-105.447497,-87.7899285,-2.62667003,-8.2454058,43.1882705,False,False
NGC 6624,-949.7,261.58311,-25.1452363,8.91095964,0.890349401,5.65790518,0.746723526,0.137782429,0.876623041,0.759328665,1.15976203,71.0587494,-105.509618,-85.1178965,-2.68132391,-8.21991524,43.5319472,False,False
NGC 6624,-949.8,261.571384,-25.0539938,8.90469677,0.960869267,5.71718206,0.739424787,0.148575386,0.885191559,0.754203991,1.16292208,71.6718885,-105.552598,-82.4469156,-2.73574069,-8.19411876,43.8686569,False,False
NGC 6624,-949.9,261.56125,-24.9635433,8.89836843,1.03153215,5.77482275,0.732064063,0.159371767,0.893486978,0.74921102,1.16603436,72.2709459,-105.576602,-79.777257,-2.78992048,-8.16802137,44.1985367,False,False
NGC 6624,-950,261.552699,-24.8738951,8.89197527,1.10232696,5.8308251,0.724642783,0.17016964,0.901509447,0.744355338,1.16909544,72.856169,-105.581793,-77.1091726,-2.84386371,-8.14162784,44.5217205,False,False
NGC 6624,-950.1,261.545723,-24.7850594,8.88551793,1.17324263,5.88518708,0.717162349,0.180967088,0.909259138,0.739642428,1.172102,73.4278017,-105.568334,-74.4428962,-2.89757111,-8.11494268,44.8383383,False,False
NGC 6624,-950.2,261.540313,-24.6970461,8.87899707,1.24426816,5.9379067,0.709624137,0.191762214,0.916736247,0.735077658,1.17505085,73.9860846,-105.536387,-71.7786443,-2.95104362,-8.08797017,45.1485167,False,False
NGC 6624,-950.3,261.536462,-24.6098652,8.87241332,1.31539254,5.98898205,0.702029502,0.202553133,0.923940992,0.730666267,1.17793894,74.5312546,-105.486111,-69.1166171,-3.00428247,-8.06071433,45.4523785,False,False
NGC 6624,-950.4,261.534162,-24.5235263,8.86576729,1.38660482,6.03841125,0.694379772,0.21333798,0.93087361,0.726413355,1.18076333,75.063545,-105.417665,-66.4569996,-3.05728908,-8.03317899,45.7500426,False,False
NGC 6624,-950.5,261.533404,-24.4380392,8.85905963,1.45789409,6.08619248,0.686676253,0.224114905,0.937534357,0.722323866,1.1835212,75.5831852,-105.331203,-63.799962,-3.11006506,-8.00536774,46.041624,False,False
NGC 6624,-950.6,261.53418,-24.3534134,8.85229093,1.52924944,6.13232393,0.678920227,0.234882072,0.943923503,0.718402577,1.18620986,76.0904007,-105.226882,-61.1456608,-3.16261225,-7.97728393,46.3272337,False,False
NGC 6624,-950.7,261.536483,-24.2696583,8.84546179,1.60066002,6.17680384,0.671112953,0.245637663,0.950041337,0.714654083,1.18882673,76.5854129,-105.104851,-58.4942394,-3.21493261,-7.94893074,46.6069787,False,False
NGC 6624,-950.8,261.540306,-24.1867834,8.83857283,1.672115,6.21963045,0.663255669,0.256379875,0.95588816,0.711082782,1.19136934,77.0684391,-104.965261,-55.8458288,-3.26702829,-7.9203111,46.880962,False,False
NGC 6624,-950.9,261.54564,-24.1047978,8.83162463,1.74360358,6.26080203,0.655349589,0.26710692,0.961464285,0.707692864,1.19383532,77.5396928,-104.808258,-53.2005482,-3.31890157,-7.89142776,47.1492826,False,False
NGC 6624,-951,261.552479,-24.0237107,8.82461778,1.81511497,6.30031685,0.647395906,0.277817023,0.96677004,0.704488294,1.19622242,77.999383,-104.633985,-50.5585059,-3.37055485,-7.86228327,47.412035,False,False
NGC 6624,-951.1,261.560815,-23.9435314,8.81755287,1.88663844,6.33817317,0.639395792,0.288508425,0.971805759,0.701472801,1.19852848,78.4477146,-104.442582,-47.9197994,-3.42199066,-7.83287997,47.66931,False,False
NGC 6624,-951.2,261.570641,-23.8642688,8.81043046,1.95816325,6.37436926,0.6313504,0.299179383,0.976571789,0.698649863,1.20075147,78.8848884,-104.234188,-45.2845163,-3.47321163,-7.80322003,47.921194,False,False
NGC 6624,-951.3,261.58195,-23.785932,8.80325114,2.02967871,6.40890338,0.623260859,0.309828165,0.981068484,0.696022694,1.20288942,79.3111008,-104.008936,-42.6527349,-3.52422048,-7.77330541,48.1677694,False,False
NGC 6624,-951.4,261.594736,-23.7085299,8.79601548,2.10117414,6.44177377,0.615128281,0.320453054,0.985296205,0.693594234,1.20494049,79.7265441,-103.766956,-40.0245245,-3.57502003,-7.74313789,48.4091142,False,False
NGC 6624,-951.5,261.608991,-23.6320714,8.78872403,2.17263888,6.47297866,0.606953758,0.331052345,0.989255321,0.691367138,1.2069029,80.1314062,-103.508377,-37.3999459,-3.62561316,-7.71271909,48.6453025,False,False
NGC 6624,-951.6,261.624708,-23.5565653,8.78137737,2.24406228,6.50251623,0.598738363,0.341624347,0.992946206,0.689343762,1.208775,80.525871,-103.233322,-34.7790518,-3.67600282,-7.68205044,48.8764042,False,False
NGC 6624,-951.7,261.641883,-23.4820204,8.77397605,2.31543372,6.53038466,0.590483149,0.352167382,0.99636924,0.687526156,1.21055519,80.9101181,-102.941911,-32.1618877,-3.72619202,-7.65113319,49.1024849,False,False
NGC 6624,-951.8,261.660507,-23.4084456,8.76652063,2.38674258,6.55658208,0.582189153,0.362679783,0.999524806,0.685916055,1.212242,81.2843227,-102.63426,-29.5484915,-3.77618381,-7.61996844,49.3236063,False,False
NGC 6624,-951.9,261.680576,-23.3358495,8.75901168,2.45797828,6.58110661,0.573857393,0.373159894,1.00241329,0.684514874,1.21383402,81.6486562,-102.310482,-26.9388949,-3.8259813,-7.58855709,49.5398257,False,False
NGC 6624,-952,261.702083,-23.2642409,8.75144973,2.52913021,6.6039563,0.565488869,0.383606072,1.00503508,0.6833237,1.21532991,82.0032855,-101.970686,-24.3331226,-3.87558761,-7.55689991,49.7511966,False,False
NGC 6624,-952.1,261.725023,-23.1936284,8.74383535,2.6001878,6.62512917,0.557084566,0.394016684,1.00739058,0.682343287,1.21672846,82.3483737,-101.614976,-21.731194,-3.92500591,-7.5249975,49.9577682,False,False
NGC 6624,-952.2,261.749389,-23.1240208,8.7361691,2.67114047,6.64462321,0.548645452,0.404390107,1.00948017,0.681574054,1.21802849,82.6840795,-101.243453,-19.1331223,-3.97423936,-7.49285029,50.1595856,False,False
NGC 6624,-952.3,261.775176,-23.0554268,8.72845152,2.74197765,6.66243633,0.540172478,0.41472473,1.01130424,0.681016085,1.21922893,83.0105579,-100.856214,-16.5389157,-4.02329117,-7.46045857,50.3566902,False,False
NGC 6624,-952.4,261.802379,-22.987855,8.72068316,2.81268878,6.67856641,0.53166658,0.42501895,1.01286321,0.680669127,1.22032878,83.3279596,-100.453351,-13.9485775,-4.07216453,-7.42782248,50.549119,False,False
NGC 6624,-952.5,261.830992,-22.921314,8.71286459,2.88326327,6.69301127,0.523128679,0.435271173,1.01415745,0.680532592,1.22132713,83.6364315,-100.034952,-11.3621062,-4.12086264,-7.394942,50.736905,False,False
NGC 6624,-952.6,261.861011,-22.8558126,8.70499636,2.95369056,6.70576867,0.51455968,0.445479816,1.01518737,0.680605562,1.22222311,83.9361165,-99.6011033,-8.77949594,-4.1693887,-7.36181696,50.9200776,False,False
NGC 6624,-952.7,261.892431,-22.7913594,8.69707902,3.02396008,6.71683633,0.505960476,0.455643301,1.01595336,0.68088679,1.22301597,84.2271537,-99.1518836,-6.20073692,-4.21774587,-7.32844707,51.0986618,False,False
NGC 6624,-952.8,261.925246,-22.7279631,8.68911313,3.09406122,6.72621188,0.497331944,0.465760062,1.01645582,0.681374711,1.223705,84.5096784,-98.687369,-3.62581555,-4.26593734,-7.29483188,51.272679,False,False
NGC 6624,-952.9,261.959452,-22.6656324,8.68109925,3.16398341,6.7338929,0.488674947,0.475828537,1.01669513,0.682067445,1.22428958,84.7838219,-98.2076312,-1.05471474,-4.31396624,-7.2609708,51.4421464,False,False
NGC 6624,-953,261.995044,-22.6043761,8.67303796,3.23371602,6.73987692,0.479990336,0.485847173,1.01667168,0.682962808,1.22476916,85.0497122,-97.7127374,1.51258578,-4.3618357,-7.22686312,51.6070775,False,False
NGC 6624,-953.1,262.032019,-22.5442028,8.6649298,3.30324844,6.74416138,0.471278949,0.495814423,1.01638587,0.684058323,1.22514327,85.3074731,-97.2027508,4.07610923,-4.4095488,-7.19250798,51.7674819,False,False
NGC 6624,-953.2,262.070372,-22.4851215,8.65677536,3.37257001,6.74674366,0.462541611,0.505728748,1.01583807,0.685351229,1.22541148,85.5572252,-96.67773,6.63588151,-4.45710858,-7.15790441,51.9233652,False,False
NGC 6624,-953.3,262.110098,-22.4271408,8.64857521,3.44167009,6.74762108,0.453779135,0.515588611,1.01502867,0.686838495,1.22557347,85.7990853,-96.1377292,9.19193093,-4.50451806,-7.12305129,52.0747294,False,False
NGC 6624,-953.4,262.151194,-22.3702696,8.64032993,3.51053798,6.74679088,0.444992322,0.525392484,1.01395806,0.688516832,1.22562897,86.0331667,-95.5827983,11.744288,-4.55178019,-7.08794738,52.2215726,False,False
NGC 6624,-953.5,262.193657,-22.3145169,8.6320401,3.57916297,6.74425022,0.436181963,0.535138841,1.01262659,0.690382709,1.22557778,86.2595793,-95.0129829,14.2929851,-4.59889787,-7.05259134,52.363889,False,False
NGC 6624,-953.6,262.237481,-22.2598914,8.6237063,3.64753433,6.73999622,0.427348836,0.544826164,1.01103466,0.692432363,1.22541979,86.4784295,-94.428324,16.8380563,-4.64587397,-7.01698167,52.5016692,False,False
NGC 6624,-953.7,262.282665,-22.2064023,8.61532914,3.71564127,6.73402589,0.418493709,0.554452936,1.00918262,0.694661819,1.22515493,86.6898204,-93.8288583,19.3795372,-4.69271126,-6.98111679,52.6348998,False,False
NGC 6624,-953.8,262.329204,-22.1540586,8.6069092,3.783473,6.72633619,0.40961734,0.564017644,1.00707084,0.697066903,1.22478322,86.8938517,-93.214618,21.9174644,-4.73941246,-6.94499499,52.7635639,False,False
NGC 6624,-953.9,262.377096,-22.1028692,8.59844711,3.85101868,6.716924,0.400720477,0.573518778,1.00469969,0.699643258,1.22430476,87.0906198,-92.5856309,24.4518756,-4.78598022,-6.90861444,52.8876408,False,False
NGC 6624,-954,262.426336,-22.0528434,8.58994347,3.91826742,6.70578612,0.391803857,0.582954832,1.00206951,0.70238636,1.2237197,87.280218,-91.9419201,26.9828091,-4.83241712,-6.87197321,53.0071059,False,False
NGC 6624,-954.1,262.476923,-22.0039903,8.5813989,3.98520829,6.69291928,0.38286821,0.592324301,0.999180675,0.705291531,1.22302828,87.4627363,-91.2835045,29.5103038,-4.87872564,-6.83506926,53.1219313,False,False
NGC 6624,-954.2,262.528853,-21.9563192,8.57281403,4.05183034,6.67832013,0.373914255,0.601625681,0.996033521,0.708353958,1.22223079,87.6382617,-90.6103984,32.0343985,-4.92490818,-6.79790046,53.2320849,False,False
NGC 6624,-954.3,262.582124,-21.9098394,8.56418949,4.11812254,6.66198526,0.364942702,0.610857471,0.992628396,0.711568708,1.22132762,87.806878,-89.9226115,34.5551321,-4.97096704,-6.76046455,53.3375314,False,False
NGC 6624,-954.4,262.636732,-21.8645603,8.55552593,4.18407381,6.64391118,0.355954255,0.620018171,0.988965644,0.71493074,1.22031922,87.9686661,-89.2201493,37.0725433,-5.01690444,-6.7227592,53.4382315,False,False
NGC 6624,-954.5,262.692676,-21.8204914,8.54682401,4.24967305,6.62409433,0.346949607,0.629106278,0.9850456,0.718434923,1.21920612,88.1237038,-88.5030124,39.5866699,-5.06272246,-6.68478198,53.5341422,False,False
NGC 6624,-954.6,262.749952,-21.7776421,8.53808438,4.31490905,6.60253106,0.337929446,0.638120292,0.980868601,0.722076046,1.21798893,88.272066,-87.7711973,42.0975492,-5.10842312,-6.64653036,53.6252172,False,False
NGC 6624,-954.7,262.80856,-21.7360222,8.52930771,4.37977059,6.57921767,0.328894449,0.647058711,0.976434975,0.725848837,1.21666832,88.4138249,-87.0246955,44.6052171,-5.15400827,-6.60800172,53.7114062,False,False
NGC 6624,-954.8,262.868495,-21.6956413,8.52049469,4.44424636,6.55415038,0.31984529,0.655920034,0.971745049,0.72974797,1.21524505,88.5490494,-86.2634944,47.109708,-5.19947967,-6.56919338,53.7926553,False,False
NGC 6624,-954.9,262.929758,-21.6565091,8.51164601,4.50832498,6.52732536,0.310782632,0.664702755,0.966799148,0.733768081,1.21371998,88.6778062,-85.4875768,49.6110547,-5.24483894,-6.53010256,53.868907,False,False
NGC 6624,-955,262.992344,-21.6186356,8.50276238,4.57199501,6.49873868,0.301707134,0.673405368,0.96159759,0.737903777,1.21209402,88.8001587,-84.6969208,52.109288,-5.29008755,-6.4907264,53.9401002,False,False
NGC 6624,-955.1,263.056254,-21.5820306,8.4938445,4.63524493,6.46838639,0.292619447,0.682026366,0.956140692,0.742149651,1.21036818,88.916168,-83.8915002,54.604436,-5.33522684,-6.451062,54.0061701,False,False
NGC 6624,-955.2,263.121484,-21.5467042,8.48489311,4.69806316,6.43626443,0.283520218,0.690564235,0.95042877,0.746500286,1.20854356,89.0258923,-83.0712843,57.0965243,-5.380258,-6.41110636,54.0670482,False,False
NGC 6624,-955.3,263.188033,-21.5126665,8.47590893,4.76043801,6.40236873,0.274410087,0.699017463,0.944462134,0.750950271,1.20662133,89.1293872,-82.2362376,59.5855752,-5.42518203,-6.37085643,54.1226625,False,False
NGC 6624,-955.4,263.2559,-21.4799277,8.46689273,4.82235773,6.36669511,0.265289687,0.707384529,0.938241095,0.755494202,1.20460277,89.2267058,-81.3863207,62.0716076,-5.4699998,-6.33030912,54.1729371,False,False
NGC 6624,-955.5,263.325082,-21.4484981,8.45784527,4.88381049,6.32923939,0.256159648,0.71566391,0.931765959,0.760126699,1.20248925,89.3178987,-80.5214892,64.5546365,-5.51471195,-6.28946127,54.2177926,False,False
NGC 6624,-955.6,263.39558,-21.4183882,8.44876732,4.94478435,6.2899973,0.247020594,0.72385408,0.925037034,0.764842404,1.20028222,89.4030138,-79.6416945,67.0346722,-5.55931898,-6.2483097,54.257146,False,False
NGC 6624,-955.7,263.46739,-21.3896084,8.43965968,5.00526728,6.24896454,0.237873144,0.731953504,0.918054626,0.769635995,1.19798325,89.4820967,-78.7468836,69.5117207,-5.60382116,-6.20685117,54.2909104,False,False
NGC 6624,-955.8,263.540513,-21.3621692,8.43052314,5.06524717,6.20613678,0.228717913,0.739960645,0.910819039,0.774502188,1.19559398,89.5551905,-77.8369991,71.9857823,-5.64821854,-6.16508242,54.3189955,False,False
NGC 6624,-955.9,263.614946,-21.3360814,8.42135854,5.12471179,6.16150964,0.21955551,0.747873957,0.903330579,0.779435743,1.19311618,89.6223361,-76.9119792,74.4568515,-5.69251096,-6.12300018,54.3413073,False,False
NGC 6624,-956,263.690689,-21.3113558,8.4121667,5.18364882,6.11507871,0.210386544,0.75569189,0.895589554,0.784431469,1.19055171,89.6835718,-75.9717578,76.9249163,-5.73669803,-6.08060116,54.3577478,False,False
NGC 6624,-956.1,263.767739,-21.2880032,8.40294848,5.24204584,6.06683955,0.201211615,0.763412884,0.887596272,0.789484228,1.18790256,89.7389337,-75.0162646,79.3899578,-5.78077907,-6.03788206,54.3682157,False,False
NGC 6624,-956.2,263.846098,-21.2660345,8.39370475,5.29989031,6.01678772,0.192031323,0.771035376,0.879351043,0.794588938,1.1851708,89.7884557,-74.0454252,81.8519493,-5.82475318,-5.99483961,54.3726059,False,False
NGC 6624,-956.3,263.925762,-21.245461,8.38443638,5.35716957,5.96491874,0.182846264,0.77855779,0.87085418,0.799740576,1.18235866,89.8321695,-73.0591607,84.3108556,-5.86861915,-5.95147054,54.3708095,False,False
NGC 6624,-956.4,264.006731,-21.2262936,8.37514428,5.41387086,5.91122814,0.173657029,0.785978546,0.862106003,0.804934183,1.17946844,89.8701045,-72.0573884,86.7666325,-5.91237546,-5.90777161,54.3627141,False,False
NGC 6624,-956.5,264.089005,-21.2085438,8.36582937,5.46998129,5.85571146,0.16446421,0.793296052,0.853106832,0.810164862,1.1765026,89.9022879,-71.0400217,89.2192254,-5.95602028,-5.86373965,54.3482034,False,False
NGC 6624,-956.6,264.172581,-21.1922227,8.35649257,5.52548784,5.79836423,0.155268392,0.80050871,0.843856997,0.815427783,1.17346372,89.928745,-70.0069697,91.6685693,-5.99955144,-5.81937151,54.3271577,False,False
NGC 6624,-956.7,264.25746,-21.177342,8.34713486,5.5803774,5.73918201,0.14607016,0.80761491,0.834356834,0.820718182,1.1703545,89.9494989,-68.9581382,94.1145869,-6.04296641,-5.77466415,54.2994535,False,False
NGC 6624,-956.8,264.343639,-21.163913,8.33775719,5.63463669,5.67816041,0.136870096,0.814613034,0.824606687,0.826031367,1.1671778,89.9645706,-67.893429,96.5571879,-6.08626227,-5.72961462,54.2649635,False,False
NGC 6624,-956.9,264.431119,-21.1519474,8.32836056,5.68825231,5.61529505,0.127668781,0.821501453,0.814606911,0.831362709,1.16393659,89.9739794,-66.8127406,98.9962681,-6.12943566,-5.68422006,54.2235569,False,False
NGC 6624,-957,264.519897,-21.141457,8.31894598,5.74121074,5.55058163,0.118466792,0.828278526,0.804357873,0.836707654,1.160634,89.9777424,-65.7159678,101.431708,-6.17248281,-5.63847776,54.1750994,False,False
NGC 6624,-957.1,264.609973,-21.1324534,8.30951449,5.7934983,5.48401592,0.109264706,0.834942605,0.793859952,0.842061713,1.15727333,89.9758748,-64.6030026,103.86337,-6.21539947,-5.59238516,54.1194528,False,False
NGC 6624,-957.2,264.701345,-21.1249485,8.30006713,5.84510119,5.41559374,0.100063099,0.841492026,0.783113541,0.84742047,1.15385799,89.96839,-63.4737338,106.2911,-6.25818087,-5.54593988,54.0564756,False,False
NGC 6624,-957.3,264.794013,-21.1189542,8.29060498,5.89600545,5.34531105,0.090862544,0.847925117,0.772119052,0.852779576,1.1503916,89.9552998,-62.3280474,108.714723,-6.30082169,-5.49913977,53.9860226,False,False
NGC 6624,-957.4,264.887974,-21.1144825,8.28112914,5.94619698,5.2731639,0.0816636139,0.854240193,0.760876914,0.858134752,1.14687791,89.9366138,-61.165827,111.134043,-6.34331604,-5.45198288,53.9079452,False,False
NGC 6624,-957.5,264.983228,-21.1115454,8.27164072,5.99566154,5.19914848,0.0724668807,0.860435556,0.749387578,0.863481786,1.14332084,89.9123403,-59.9869538,113.548838,-6.38565739,-5.40446758,53.8220912,False,False
NGC 6624,-957.6,265.079773,-21.110155,8.26214085,6.04438473,5.12326114,0.0632729153,0.866509498,0.737651521,0.868816536,1.1397245,89.8824856,-58.7913073,115.958862,-6.42783853,-5.35659252,53.7283054,False,False
NGC 6624,-957.7,265.177606,-21.1103232,8.25263071,6.09235199,5.0454984,0.0540822885,0.872460297,0.725669242,0.874134923,1.13609318,89.8470548,-57.5787651,118.363841,-6.46985152,-5.30835671,53.626429,False,False
NGC 6624,-957.8,265.276726,-21.1120624,8.24311148,6.13954863,4.965857,0.0448955701,0.878286219,0.713441275,0.879432939,1.13243134,89.8060509,-56.3492041,120.763467,-6.5116876,-5.25975955,53.5163,False,False
NGC 6624,-957.9,265.377132,-21.1153845,8.23358436,6.18595978,4.88433388,0.0357133302,0.883985516,0.700968183,0.884706638,1.12874365,89.759476,-55.1025001,123.157401,-6.55333719,-5.21080092,53.3977534,False,False
NGC 6624,-958,265.47882,-21.1203017,8.22405059,6.23157042,4.80092625,0.0265361384,0.88955643,0.688250568,0.889952138,1.12503496,89.7073302,-53.8385288,125.545265,-6.59478974,-5.16148118,53.2706213,False,False
NGC 6624,-958.1,265.581787,-21.1268261,8.21451142,6.27636539,4.71563162,0.0173645646,0.894997187,0.675289071,0.895165623,1.12131031,89.6496127,-52.5571662,127.926639,-6.63603371,-5.11180124,53.134733,False,False
NGC 6624,-958.2,265.686032,-21.1349697,8.20496814,6.32032934,4.62844782,0.00819917855,0.900306003,0.662084379,0.900343338,1.11757499,89.5863211,-51.2582892,130.30106,-6.67705644,-5.06176269,52.9899149,False,False
NGC 6624,-958.3,265.791551,-21.1447446,8.19542205,6.3634468,4.53937303,-0.000959449378,0.905481081,0.648637229,0.905481589,1.11383444,89.5174518,-49.9417765,132.668013,-6.71784407,-5.01136781,52.8359914,False,False
NGC 6624,-958.4,265.89834,-21.1561627,8.18587449,6.40570211,4.44840585,-0.0101107486,0.910520611,0.634948415,0.910576746,1.11009436,89.4430003,-48.607509,135.02693,-6.75838142,-4.96061966,52.6727844,False,False
NGC 6624,-958.5,266.006395,-21.1692358,8.17632681,6.44707947,4.35554532,-0.0192541478,0.91542277,0.621018788,0.915625235,1.10636066,89.3629607,-47.2553711,137.377181,-6.79865188,-4.90952223,52.5001139,False,False
NGC 6624,-958.6,266.115712,-21.1839756,8.16678041,6.48756293,4.260791,-0.0283890752,0.920185726,0.606849271,0.920623544,1.10263945,89.2773263,-45.8852511,139.718072,-6.83863726,-4.85808048,52.3177985,False,False
NGC 6624,-958.7,266.226286,-21.2003936,8.15723668,6.52713638,4.16414299,-0.0375149583,0.924807634,0.592440859,0.925568221,1.09893708,89.1860895,-44.4970428,142.048831,-6.87831761,-4.80630051,52.1256554,False,False
NGC 6624,-958.8,266.338113,-21.2185011,8.14769706,6.56578356,4.06560201,-0.0466312236,0.929286639,0.577794631,0.930455872,1.09526014,89.0892418,-43.0906464,144.368609,-6.91767111,-4.75418964,51.923501,False,False
NGC 6624,-958.9,266.451184,-21.2383093,8.13816303,6.60348808,3.96516951,-0.055737297,0.933620877,0.562911758,0.935283159,1.09161542,88.9867743,-41.66597,146.676463,-6.95667381,-4.70175663,51.7111516,False,False
NGC 6624,-959,266.565495,-21.259829,8.12863606,6.64023341,3.86284765,-0.0648326031,0.937808472,0.547793512,0.940046806,1.08800999,88.8786773,-40.2229306,148.97135,-6.99529944,-4.64901177,51.4884237,False,False
NGC 6624,-959.1,266.681037,-21.2830706,8.11911768,6.67600287,3.75863947,-0.0739165656,0.941847544,0.532441277,0.944743592,1.08445109,88.7649406,-38.7614564,151.252117,-7.03351916,-4.59596711,51.2551346,False,False
NGC 6624,-959.2,266.797803,-21.3080444,8.10960943,6.71077968,3.65254895,-0.0829886074,0.945736204,0.516856561,0.949370358,1.08094624,88.645554,-37.2814879,153.517485,-7.07130128,-4.54263666,51.0111035,False,False
NGC 6624,-959.3,266.915783,-21.33476,8.10011287,6.74454693,3.54458113,-0.09204815,0.949472559,0.501041011,0.953924002,1.07750318,88.520507,-35.7829806,155.766038,-7.10861094,-4.48903661,50.7561522,False,False
NGC 6624,-959.4,267.034967,-21.3632266,8.09062961,6.77728762,3.43474218,-0.101094614,0.953054709,0.484996424,0.958401482,1.07412985,88.3897891,-34.2659066,157.996204,-7.14540975,-4.43518562,50.4901063,False,False
NGC 6624,-959.5,267.155343,-21.3934527,8.08116127,6.80898464,3.3230396,-0.110127419,0.956480757,0.468724769,0.962799817,1.07083444,88.25339,-32.7302572,160.206238,-7.1816554,-4.38110508,50.2127963,False,False
NGC 6624,-959.6,267.2769,-21.4254465,8.0717095,6.83962083,3.2094823,-0.119145983,0.959748803,0.452228202,0.967116089,1.06762534,88.1113001,-31.1760459,162.394205,-7.2173012,-4.32681947,49.924059,False,False
NGC 6624,-959.7,267.399623,-21.459215,8.06227595,6.86917895,3.09408081,-0.128149724,0.96285695,0.435509089,0.971347445,1.06451117,87.9635101,-29.6033111,164.55795,-7.25229556,-4.27235669,49.6237395,False,False
NGC 6624,-959.8,267.523497,-21.4947647,8.05286234,6.89764173,2.97684741,-0.137138059,0.965803307,0.418570025,0.975491094,1.0615007,87.8100119,-28.0121192,166.695078,-7.28658143,-4.21774853,49.3116927,False,False
NGC 6624,-959.9,267.648504,-21.5321009,8.04347038,6.92499188,2.85779637,-0.146110403,0.968585991,0.401413869,0.979544319,1.05860293,87.6507986,-26.4025686,168.802925,-7.32009562,-4.16303108,48.9877862,False,False
NGC 6624,-960,267.774626,-21.5712279,8.0341018,6.95121211,2.73694418,-0.155066171,0.971203131,0.384043763,0.983504469,1.055827,87.4858649,-24.7747935,170.878521,-7.35276808,-4.10824527,48.6519025,False,False
NGC 6624,-960.1,267.90184,-21.6121487,8.02475837,6.97628516,2.61430974,-0.164004779,0.973652872,0.366463173,0.98736897,1.0531822,87.3152074,-23.1289679,172.918558,-7.38452113,-4.05343741,48.3039428,False,False
NGC 6624,-960.2,268.030123,-21.654865,8.01544187,7.00019387,2.48991472,-0.172925641,0.975933379,0.348675919,0.991135327,1.05067794,87.1388252,-21.4653108,174.919351,-7.41526848,-3.99865986,47.94383,False,False
NGC 6624,-960.3,268.15945,-21.6993768,8.00615407,7.02292113,2.36378381,-0.181828172,0.97804284,0.330686221,0.994801127,1.04832374,86.9567207,-19.7840908,176.876792,-7.44491431,-3.94397166,47.571514,False,False
NGC 6624,-960.4,268.289789,-21.7456824,7.99689679,7.04445001,2.2359451,-0.190711786,0.979979477,0.312498742,0.998364042,1.04612916,86.7688997,-18.0856319,178.786302,-7.47335219,-3.88943927,47.1869766,False,False
NGC 6624,-960.5,268.421109,-21.7937781,7.98767182,7.06476374,2.10643046,-0.199575899,0.981741545,0.294118642,1.00182184,1.04410381,86.5753725,-16.3703191,180.64279,-7.50046397,-3.83513735,46.7902375,False,False
NGC 6624,-960.6,268.553373,-21.8436578,7.978481,7.0838458,1.97527596,-0.208419929,0.983327343,0.275551627,1.00517239,1.04225728,86.3761548,-14.6386048,182.440595,-7.52611862,-3.7811495,46.3813616,False,False
NGC 6624,-960.7,268.68654,-21.895313,7.96932612,7.10167994,1.8425223,-0.217243295,0.984735219,0.256804013,1.00841366,1.04059906,86.1712688,-12.891015,184.173443,-7.55017117,-3.72756906,45.9604677,False,False
NGC 6624,-960.8,268.820566,-21.9487325,7.960209,7.11825027,1.70821536,-0.226045418,0.985963582,0.237882793,1.01154373,1.03913856,85.9607441,-11.1281563,185.834407,-7.57246171,-3.67449972,45.5277376,False,False
NGC 6624,-960.9,268.955399,-22.0039019,7.95113141,7.1335413,1.5724067,-0.234825723,0.987010903,0.2187957,1.01456081,1.03788497,85.7446193,-9.35072226,187.415873,-7.59281473,-3.62205608,45.0834273,False,False
NGC 6624,-961,269.090984,-22.0608033,7.94209514,7.14753802,1.43515409,-0.243583641,0.987875731,0.199551286,1.01746324,1.03684722,85.5229436,-7.55950005,188.909534,-7.61103881,-3.57036383,44.6278794,False,False
NGC 6624,-961.1,269.227258,-22.1194153,7.93310189,7.16022598,1.29652207,-0.252318607,0.988556701,0.180158983,1.02024949,1.03603392,85.2957785,-5.75537669,190.30641,-7.62692717,-3.51955965,44.1615359,False,False
NGC 6624,-961.2,269.364154,-22.1797122,7.92415338,7.17159135,1.15658247,-0.261030063,0.989052544,0.160629176,1.02291819,1.03545321,85.0631994,-3.93934421,191.596913,-7.64025903,-3.46979034,43.6849524,False,False
NGC 6624,-961.3,269.501595,-22.2416642,7.91525121,7.18162104,1.01541484,-0.269717459,0.989362096,0.140973254,1.02546812,1.03511271,84.8252976,-2.1125037,192.770969,-7.65080248,-3.42121128,43.1988119,False,False
NGC 6624,-961.4,269.639499,-22.305237,7.90639696,7.19030274,0.873106771,-0.278380258,0.989484313,0.121203656,1.02789823,1.03501937,84.5821822,-0.276067477,193.818215,-7.65831897,-3.37398381,42.7039367,False,False
NGC 6624,-961.5,269.777776,-22.3703916,7.8975921,7.19762505,0.7297541,-0.287017931,0.989418281,0.101333882,1.03020766,1.0351794,84.3339814,1.56864126,194.72828,-7.66256976,-3.3282715,42.2012988,False,False
NGC 6624,-961.6,269.916327,-22.4370845,7.88883798,7.20357756,0.585460777,-0.295629967,0.989163226,0.0813784789,1.03239574,1.0355981,84.0808434,3.42019195,195.491146,-7.66332437,-3.28423516,41.6920236,False,False
NGC 6624,-961.7,270.055049,-22.5052675,7.88013586,7.2081509,0.440338496,-0.304215869,0.988718526,0.0613529811,1.03446199,1.03627979,83.822937,5.27705388,196.097591,-7.66037085,-3.24202689,41.1773882,False,False
NGC 6624,-961.8,270.193831,-22.5748884,7.87148685,7.21133686,0.294505959,-0.312775159,0.988083719,0.0412738051,1.03640616,1.03722768,83.5604508,7.13760765,196.539673,-7.65352709,-3.20178338,40.6588099,False,False
NGC 6624,-961.9,270.332556,-22.6458913,7.86289192,7.21312844,0.148087774,-0.321307378,0.987258514,0.0211580946,1.0382282,1.03844377,83.2935916,9.00016086,196.811208,-7.64265201,-3.1636193,40.1378252,False,False
NGC 6624,-962,270.471105,-22.7182176,7.85435187,7.21351992,0.00121297492,-0.329812091,0.986242795,0.0010235158,1.0399283,1.0399288,83.0225811,10.8629676,196.908182,-7.62765543,-3.12762142,39.6160586,False,False
NGC 6624,-962.1,270.609354,-22.7918063,7.84586733,7.21250686,-0.145986679,-0.338288885,0.985036628,-0.0191119773,1.04150685,1.0416822,82.7476522,12.724251,196.82904,-7.60850474,-3.0938445,39.0951835,False,False
NGC 6624,-962.2,270.747182,-22.8665953,7.83743878,7.21008616,-0.293378605,-0.346737372,0.983640259,-0.0392304026,1.04296451,1.04370206,82.4690442,14.5822274,196.57479,-7.58522767,-3.06230944,38.576879,False,False
NGC 6624,-962.3,270.884466,-22.9425224,7.82906649,7.20625608,-0.44083131,-0.355157187,0.982054117,-0.0593140096,1.04430212,1.04598521,82.1869969,16.4351309,196.148913,-7.55791032,-3.03300407,38.0627853,False,False
NGC 6624,-962.4,271.021087,-23.0195258,7.8207506,7.20101615,-0.588216172,-0.363547991,0.980278809,-0.0793455197,1.04552077,1.04852725,81.9017461,18.2812361,195.557101,-7.52669104,-3.00588633,37.5544638,False,False
NGC 6624,-962.5,271.156932,-23.0975455,7.81249108,7.19436722,-0.735408983,-0.371909468,0.978315117,-0.0993083322,1.04662177,1.05132263,81.6135178,20.1188786,194.806851,-7.49175108,-2.9808893,37.0533647,False,False
NGC 6624,-962.6,271.291891,-23.176523,7.80428776,7.18631138,-0.882291173,-0.380241324,0.976163987,-0.119186686,1.0476066,1.05436477,81.3225245,21.9464711,193.906991,-7.45330353,-2.95792716,36.5608033,False,False
NGC 6624,-962.7,271.425862,-23.2564027,7.79614033,7.1768519,-1.02875067,-0.388543287,0.973826526,-0.138965769,1.04847699,1.05764619,81.0289618,23.7625166,192.867202,-7.41158198,-2.93690139,36.077947,False,False
NGC 6624,-962.8,271.558749,-23.3371317,7.78804837,7.16599315,-1.17468241,-0.396815103,0.971303986,-0.158631786,1.0492348,1.06115866,80.7330059,25.5656163,191.697573,-7.36683006,-2.91770648,35.6058104,False,False
NGC 6624,-962.9,271.690463,-23.4186597,7.78001136,7.15374059,-1.31998858,-0.405056536,0.968597758,-0.178171977,1.0498821,1.06489327,80.4348128,27.3544746,190.408234,-7.31929269,-2.90023471,35.145258,False,False
NGC 6624,-963,271.820922,-23.5009395,7.77202871,7.14010061,-1.46457852,-0.413267364,0.965709361,-0.197574606,1.0504211,1.06884059,80.1345174,29.1279012,189.00907,-7.26920925,-2.88437987,34.6970114,False,False
NGC 6624,-963.1,271.950051,-23.5839269,7.76409973,7.12508054,-1.60836856,-0.421447378,0.962640429,-0.21682893,1.05085417,1.07299081,79.8322339,30.8848097,187.509523,-7.21680876,-2.87003989,34.2616606,False,False
NGC 6624,-963.2,272.077782,-23.6675801,7.75622369,7.10868851,-1.75128167,-0.429596379,0.959392704,-0.235925141,1.05118381,1.07733378,79.5280569,32.6242157,185.918459,-7.16230677,-2.85711855,33.839676,False,False
NGC 6624,-963.3,272.204051,-23.7518598,7.7483998,7.09093343,-1.89324701,-0.437714178,0.95596802,-0.254854306,1.05141265,1.08185917,79.2220618,34.3452323,184.244109,-7.10590366,-2.84552645,33.4314215,False,False
NGC 6624,-963.4,272.328802,-23.8367294,7.74062724,7.07182487,-2.03419946,-0.445800592,0.9523683,-0.273608299,1.05154341,1.08655651,78.914307,36.0470654,182.494035,-7.04778393,-2.83518135,33.0371667,True,True
NGC 6624,-963.5,272.451981,-23.9221539,7.73290516,7.05137305,-2.17407921,-0.453855444,0.948595544,-0.292179734,1.05157894,1.09141526,78.6048345,37.7290086,180.675143,-6.98811636,-2.82600818,32.6570987,True,True
NGC 6624,-963.6,272.573542,-24.0081008,7.7252327,7.02958875,-2.31283125,-0.461878559,0.944651817,-0.310561901,1.05152216,1.0964249,78.2936721,39.390437,178.79371,-6.92705454,-2.81793877,32.291333,True,True
NGC 6624,-963.7,272.693441,-24.0945389,7.71760895,7.00648325,-2.45040492,-0.469869765,0.940539246,-0.328748697,1.05137608,1.10157495,77.9808341,41.0308021,176.855419,-6.8647378,-2.81091138,31.9399228,True,True
NGC 6624,-963.8,272.811638,-24.1814389,7.71003302,6.98206827,-2.58675357,-0.477828891,0.936260011,-0.346734576,1.05114379,1.10685506,77.6663233,42.6496256,174.865408,-6.80129221,-2.80487022,31.602867,True,True
NGC 6624,-963.9,272.928098,-24.2687727,7.70250402,6.95635597,-2.7218341,-0.485755766,0.931816336,-0.364514489,1.05082841,1.11225499,77.3501319,44.2464942,172.828316,-6.7368317,-2.79976492,31.2801184,True,True
NGC 6624,-964,273.042786,-24.3565138,7.69502104,6.92935884,-2.85560666,-0.493650218,0.927210486,-0.382083838,1.05043316,1.11776468,77.0322427,45.8210541,170.74833,-6.67145918,-2.79554998,30.9715894,True,True
NGC 6624,-964.1,273.155672,-24.4446365,7.68758317,6.9010897,-2.98803435,-0.50151207,0.922444757,-0.399438434,1.04996128,1.12337427,76.7126304,47.3730064,168.62923,-6.60526754,-2.79218425,30.6771575,True,True
NGC 6624,-964.2,273.266729,-24.5331164,7.68018954,6.87156166,-3.11908291,-0.509341146,0.917521475,-0.416574455,1.04941606,1.12907411,76.3912621,48.9021017,166.47443,-6.53834071,-2.78963051,30.3966706,True,True
NGC 6624,-964.3,273.375931,-24.62193,7.67283926,6.84078807,-3.24872049,-0.517137263,0.912442989,-0.433488408,1.04880082,1.13485477,76.0680987,50.4081365,164.287016,-6.4707545,-2.78785499,30.1299505,True,True
NGC 6624,-964.4,273.483255,-24.7110547,7.66553146,6.80878249,-3.37691739,-0.524900237,0.907211664,-0.450177104,1.04811892,1.1407071,75.7430954,51.8909482,162.06978,-6.40257746,-2.78682703,29.8767968,True,True
NGC 6624,-964.5,273.588678,-24.8004687,7.65826529,6.77555869,-3.50364591,-0.532629876,0.901829884,-0.466637625,1.04737373,1.14662217,75.4162022,53.350412,159.825254,-6.33387165,-2.78651874,29.63699,True,True
NGC 6624,-964.6,273.69218,-24.8901508,7.6510399,6.74113058,-3.62888012,-0.540325984,0.89630004,-0.482867298,1.04656865,1.15259132,75.0873649,54.7864367,157.555731,-6.26469324,-2.78690465,29.4102937,True,True
NGC 6624,-964.7,273.793742,-24.9800806,7.64385448,6.70551222,-3.75259575,-0.54798836,0.890624534,-0.498863677,1.04570708,1.15860618,74.7565254,56.1989622,155.263299,-6.19509321,-2.78796152,29.1964574,True,True
NGC 6624,-964.8,273.893348,-25.0702382,7.63670822,6.6687178,-3.87476997,-0.555616796,0.88480577,-0.514624515,1.04479245,1.1646586,74.4236222,57.5879556,152.949855,-6.12511779,-2.78966803,28.9952183,True,True
NGC 6624,-964.9,273.990981,-25.1606043,7.62960034,6.63076158,-3.99538132,-0.563211076,0.878846156,-0.530147755,1.04382819,1.17074076,74.0885907,58.9534091,150.617128,-6.054809,-2.79200464,28.8063028,True,True
NGC 6624,-965,274.086626,-25.2511601,7.62253008,6.59165795,-4.11440959,-0.570770981,0.872748098,-0.545431506,1.0428177,1.17684506,73.7513638,60.2953371,148.266695,-5.98420505,-2.7949534,28.6294283,True,True
NGC 6624,-965.1,274.180269,-25.3418871,7.6154967,6.55142132,-4.23183566,-0.578296283,0.866514002,-0.560474031,1.04176442,1.18296418,73.4118722,61.613774,145.899997,-5.91334073,-2.79849773,28.4643042,True,True
NGC 6624,-965.2,274.271897,-25.4327676,7.60849948,6.51006619,-4.34764148,-0.585786745,0.860146266,-0.575273737,1.04067176,1.18909107,73.0700444,62.908772,143.518354,-5.84224776,-2.80262238,28.3106333,True,True
NGC 6624,-965.3,274.361497,-25.5237839,7.60153772,6.46760709,-4.46180993,-0.593242125,0.853647285,-0.589829156,1.03954312,1.19521895,72.7258075,64.1803993,141.122973,-5.77095503,-2.80731325,28.1681124,True,True
NGC 6624,-965.4,274.449058,-25.6149188,7.59461077,6.42405857,-4.57432475,-0.600662174,0.847019445,-0.604138943,1.03838191,1.20134127,72.3790866,65.4287382,138.714964,-5.69948896,-2.81255728,28.0364335,True,True
NGC 6624,-965.5,274.534569,-25.7061556,7.58771796,6.37943524,-4.6851705,-0.608046632,0.840265122,-0.618201857,1.03719149,1.20745175,72.0298057,66.6538832,136.295344,-5.62787366,-2.81834239,27.9152843,True,True
NGC 6624,-965.6,274.618019,-25.7974775,7.58085868,6.33375168,-4.79433244,-0.615395235,0.833386685,-0.63201676,1.03597522,1.21354433,71.6778878,67.8559401,133.86505,-5.55613121,-2.82465737,27.8043491,True,True
NGC 6624,-965.7,274.699399,-25.8888685,7.57403233,6.28702251,-4.90179655,-0.622707709,0.826386487,-0.645582605,1.03473645,1.21961322,71.3232546,69.0350242,131.424943,-5.48428179,-2.83149183,27.7033089,True,True
NGC 6624,-965.8,274.778699,-25.9803125,7.56723835,6.23926235,-5.00754941,-0.629983772,0.819266872,-0.65889843,1.03347848,1.22565285,70.9658271,70.1912594,128.97582,-5.41234392,-2.83883611,27.6118425,True,True
NGC 6624,-965.9,274.85591,-26.0717937,7.56047618,6.1904858,-5.11157816,-0.637223134,0.81203017,-0.671963351,1.03220459,1.23165785,70.6055253,71.3247766,126.518413,-5.34033455,-2.84668126,27.5296263,True,True
NGC 6624,-966,274.931024,-26.1632966,7.55374531,6.14070747,-5.21387049,-0.644425497,0.804678698,-0.684776555,1.03091805,1.23762311,70.2422688,72.4357133,124.0534,-5.26826924,-2.85501894,27.456335,True,True
NGC 6624,-966.1,275.004033,-26.2548058,7.54704524,6.08994194,-5.3144146,-0.651590555,0.797214758,-0.697337297,1.02962208,1.2435437,69.8759764,73.5242123,121.581407,-5.19616229,-2.86384141,27.3916421,True,True
NGC 6624,-966.2,275.074929,-26.3463063,7.54037551,6.03820378,-5.4131991,-0.658717993,0.789640637,-0.709644894,1.02831986,1.24941491,69.5065665,74.5904208,119.103015,-5.12402682,-2.87314149,27.3352196,True,True
NGC 6624,-966.3,275.143705,-26.437783,7.53373567,5.98550756,-5.51021307,-0.665807488,0.781958607,-0.721698718,1.02701454,1.25523221,69.133957,75.6344901,116.61876,-5.05187492,-2.88291251,27.2867389,True,True
NGC 6624,-966.4,275.210353,-26.5292211,7.52712532,5.93186781,-5.60544594,-0.672858709,0.774170924,-0.733498196,1.02570925,1.2609913,68.7580654,76.6565743,114.129141,-4.97971768,-2.89314828,27.2458704,True,True
NGC 6624,-966.5,275.274866,-26.6206061,7.52054406,5.87729904,-5.69888752,-0.679871316,0.766279828,-0.745042803,1.02440704,1.26668803,68.3788089,77.6568303,111.63462,-4.90756536,-2.90384305,27.2122841,True,True
NGC 6624,-966.6,275.337238,-26.7119233,7.51399153,5.82181574,-5.79052797,-0.68684496,0.758287545,-0.75633206,1.02311094,1.27231843,67.9961044,78.6354167,109.135627,-4.83542737,-2.91499151,27.1856495,True,True
NGC 6624,-966.7,275.397462,-26.8031584,7.5074674,5.76543239,-5.88035775,-0.693779284,0.750196282,-0.767365531,1.02182394,1.27787872,67.6098685,79.5924938,106.63256,-4.76331243,-2.92658876,27.1656361,True,True
NGC 6624,-966.8,275.455531,-26.8942971,7.50097135,5.70816342,-5.96836761,-0.700673923,0.742008231,-0.778142817,1.02054895,1.28336527,67.2200176,80.5282226,104.125791,-4.69122858,-2.93863025,27.1519129,True,True
NGC 6624,-966.9,275.511441,-26.9853251,7.49450312,5.65002325,-6.05454856,-0.707528504,0.733725566,-0.788663559,1.01928886,1.28877461,66.8264678,81.442765,101.615665,-4.61918323,-2.95111183,27.1441491,True,True
NGC 6624,-967,275.565184,-27.0762285,7.48806245,5.59102627,-6.13889189,-0.714342643,0.725350446,-0.798927429,1.0180465,1.29410344,66.4291351,82.336283,99.1025041,-4.54718328,-2.96402965,27.1420137,True,True
NGC 6624,-967.1,275.616755,-27.1669932,7.48164911,5.53118685,-6.22138911,-0.721115949,0.716885013,-0.808934133,1.01682463,1.29934859,66.0279353,83.2089385,96.5866084,-4.47523509,-2.97738021,27.1451759,True,True
NGC 6624,-967.2,275.666147,-27.2576053,7.47526289,5.47051933,-6.30203195,-0.727848022,0.708331393,-0.818683405,1.01562597,1.30450704,65.6227841,84.0608929,94.0682573,-4.40334457,-2.99116032,27.153305,True,True
NGC 6624,-967.3,275.713357,-27.3480508,7.46890364,5.40903804,-6.38081234,-0.734538455,0.699691694,-0.828175009,1.01445316,1.30957591,65.2135969,84.8923071,91.5477119,-4.33151722,-3.00536707,27.1660702,True,True
NGC 6624,-967.4,275.758377,-27.438316,7.4625712,5.34675726,-6.45772242,-0.74118683,0.690968009,-0.837408731,1.01330879,1.31455243,64.8002892,85.7033411,89.0252158,-4.25975814,-3.01999784,27.1831412,True,True
NGC 6624,-967.5,275.801202,-27.5283871,7.45626545,5.28369129,-6.53275449,-0.747792721,0.682162414,-0.846384384,1.01219539,1.31943398,64.3827762,86.4941538,86.5009967,-4.18807212,-3.03505027,27.2041877,True,True
NGC 6624,-967.6,275.841828,-27.6182504,7.44998631,5.21985436,-6.60590104,-0.754355693,0.673276968,-0.855101803,1.01111542,1.32421806,63.960973,87.2649026,83.9752674,-4.11646359,-3.05052228,27.2288797,True,True
NGC 6624,-967.7,275.880249,-27.7078922,7.44373371,5.15526071,-6.67715468,-0.760875305,0.664313717,-0.863560845,1.01007126,1.32890228,63.5347945,88.0157438,81.4482267,-4.04493675,-3.06641202,27.2568872,True,True
NGC 6624,-967.8,275.916459,-27.7972988,7.43750761,5.08992457,-6.74650821,-0.767351103,0.655274687,-0.871761383,1.00906523,1.33348436,63.1041557,88.7468319,78.9200608,-3.9734955,-3.08271789,27.2878806,True,True
NGC 6624,-967.9,275.950454,-27.8864565,7.431308,5.02386014,-6.81395454,-0.773782627,0.646161892,-0.879703314,1.00809957,1.33796213,62.6689711,89.4583196,76.3909438,-3.90214353,-3.09943849,27.3215303,True,True
NGC 6624,-968,275.982228,-27.9753517,7.4251349,4.95708159,-6.87948674,-0.780169409,0.636977328,-0.887386546,1.00717646,1.34233353,62.2291555,90.1503579,73.861039,-3.83088434,-3.11657267,27.3575071,True,True
NGC 6624,-968.1,276.011777,-28.0639709,7.41898836,4.8896031,-6.94309796,-0.786510969,0.627722976,-0.894811009,1.00629799,1.34659659,61.7846232,90.8230959,71.3304992,-3.75972123,-3.13411948,27.3954817,True,True
NGC 6624,-968.2,276.039096,-28.1523002,7.41286844,4.82143883,-7.00478152,-0.792806822,0.618400804,-0.901976643,1.00546617,1.35074945,61.3352885,91.4766804,68.7994676,-3.68865735,-3.15207818,27.4351249,True,True
NGC 6624,-968.3,276.06418,-28.2403261,7.40677525,4.75260292,-7.06453079,-0.799056472,0.609012762,-0.908883407,1.00468293,1.35479033,60.8810656,92.1112564,66.2680784,-3.61769569,-3.17044821,27.4761079,True,True
NGC 6624,-968.4,276.087023,-28.328035,7.40070891,4.68310953,-7.1223393,-0.805259414,0.599560787,-0.915531269,1.00395013,1.35871754,60.4218683,92.7269666,63.7364578,-3.54683914,-3.18922921,27.5181016,True,True
NGC 6624,-968.5,276.107622,-28.4154131,7.39466959,4.61297278,-7.17820064,-0.811415135,0.590046801,-0.921920213,1.00326953,1.3625295,59.9576106,93.3239514,61.204724,-3.47609047,-3.20842101,27.5607771,True,True
NGC 6624,-968.6,276.125972,-28.5024468,7.38865744,4.5422068,-7.23210852,-0.817523114,0.580472712,-0.928050233,1.00264281,1.36622467,59.488206,93.9023491,58.672988,-3.40545238,-3.22802359,27.6038054,True,True
NGC 6624,-968.7,276.142068,-28.5891222,7.3826727,4.47082572,-7.28405672,-0.823582819,0.570840415,-0.933921333,1.00207157,1.36980163,59.0135678,94.4622955,56.1413541,-3.33492747,-3.24803713,27.6468576,True,True
NGC 6624,-968.8,276.155904,-28.6754258,7.37671559,4.39884365,-7.33403911,-0.829593711,0.561151789,-0.939533529,1.00155732,1.37325901,58.5336093,95.0039242,53.6099203,-3.26451831,-3.26846195,27.6896046,True,True
NGC 6624,-968.9,276.167478,-28.7613435,7.37078637,4.32627473,-7.38204966,-0.835555242,0.551408701,-0.944886846,1.00110145,1.37659554,58.0482435,95.5273664,51.0787789,-3.1942274,-3.28929855,27.7317171,True,True
NGC 6624,-969,276.176785,-28.8468616,7.36488534,4.25313307,-7.42808239,-0.841466853,0.541613004,-0.949981319,1.00070531,1.37980999,57.557383,96.0327506,48.5480166,-3.12405722,-3.31054755,27.7728658,True,True
NGC 6624,-969.1,276.183819,-28.9319662,7.35901282,4.17943281,-7.47213142,-0.847327978,0.53176654,-0.954816991,1.00037011,1.38290124,57.0609404,96.5202034,46.0177149,-3.05401022,-3.33220974,27.8127208,True,True
NGC 6624,-969.2,276.188577,-29.0166434,7.35316915,4.10518808,-7.51419093,-0.853138043,0.521871134,-0.959393913,1.000097,1.3858682,56.5588277,96.9898485,43.4879509,-2.98408886,-3.35428605,27.8509525,True,True
NGC 6624,-969.3,276.191054,-29.100879,7.34735471,4.03041301,-7.55425518,-0.858896462,0.511928603,-0.963712143,0.999887007,1.38870988,56.0509569,97.4418074,40.958797,-2.9142956,-3.37677755,27.8872304,True,True
NGC 6624,-969.4,276.191246,-29.184659,7.34156989,3.95512176,-7.59231849,-0.864602643,0.501940749,-0.967771748,0.999741089,1.39142531,55.5372397,97.876199,38.4303215,-2.84463289,-3.39968542,27.921224,True,True
NGC 6624,-969.5,276.189149,-29.2679693,7.33581513,3.8793285,-7.62837527,-0.870255982,0.491909362,-0.9715728,0.99966009,1.39401363,55.0175871,98.29314,35.9025891,-2.77510323,-3.42301098,27.9526023,True,True
NGC 6624,-969.6,276.18476,-29.3507957,7.33009088,3.80304737,-7.66241996,-0.875855869,0.481836222,-0.975115378,0.999644761,1.39647401,54.4919102,98.6927443,33.3756608,-2.70570915,-3.44675566,27.9810336,True,True
NGC 6624,-969.7,276.178073,-29.4331238,7.32439764,3.72629259,-7.6944471,-0.881401682,0.471723095,-0.978399568,0.999695755,1.39880568,53.9601196,99.0751234,30.8495941,-2.63645322,-3.47092104,28.006186,True,True
NGC 6624,-969.8,276.169085,-29.5149392,7.31873591,3.64907833,-7.72445128,-0.886892791,0.461571738,-0.981425461,0.999813629,1.40100793,53.4221254,99.4403866,28.3244438,-2.56733805,-3.49550876,28.0277268,True,True
NGC 6624,-969.9,276.157792,-29.5962276,7.31310623,3.57141883,-7.75242715,-0.892328559,0.451383896,-0.984193152,0.999998839,1.40308013,52.8778373,99.7886405,25.8002617,-2.49836635,-3.52052061,28.0453228,True,True
NGC 6624,-970,276.144191,-29.6769744,7.30750917,3.49332832,-7.77836945,-0.897708335,0.441161303,-0.986702744,1.00025174,1.40502166,52.3271648,100.119989,23.277097,-2.42954085,-3.54595845,28.0586399,True,True
NGC 6624,-970.1,276.128277,-29.7571649,7.30194534,3.41482104,-7.80227296,-0.903031463,0.430905683,-0.988954342,1.0005726,1.40683198,51.7700166,100.434534,20.7549964,-2.36086441,-3.57182425,28.0673436,True,True
NGC 6624,-970.2,276.110048,-29.8367844,7.29641535,3.33591129,-7.82413252,-0.908297276,0.420618749,-0.990948059,1.00096157,1.40851061,51.2063014,100.732375,18.2340045,-2.29233994,-3.59812008,28.0710983,True,True
NGC 6624,-970.3,276.0895,-29.9158181,7.29091987,3.25661335,-7.84394306,-0.913505098,0.410302204,-0.992684009,1.00141872,1.41005709,50.6359269,101.013609,15.7141639,-2.22397045,-3.62484807,28.0695677,True,True
NGC 6624,-970.4,276.066629,-29.9942511,7.28545957,3.17694155,-7.86169957,-0.918654242,0.399957742,-0.994162313,1.00194402,1.41147105,50.0588007,101.27833,13.1955152,-2.15575908,-3.65201046,28.0624145,True,True
NGC 6624,-970.5,276.041432,-30.0720683,7.28003516,3.09691025,-7.87739709,-0.923744013,0.389587048,-0.995383094,1.00253732,1.41275213,49.4748296,101.52663,10.6780975,-2.08770906,-3.67960954,28.0493006,True,True
NGC 6624,-970.6,276.013907,-30.1492546,7.27464739,3.01653381,-7.89103074,-0.928773707,0.379191795,-0.99634648,1.00319839,1.41390004,48.8839199,101.758598,8.16194834,-2.01982373,-3.70764769,28.0298869,True,True
NGC 6624,-970.7,275.98405,-30.2257948,7.26929703,2.93582665,-7.90259572,-0.93374261,0.368773651,-0.997052603,1.00392692,1.41491454,48.2859775,101.974321,5.6471039,-1.95210657,-3.73612736,28.003833,True,True
NGC 6624,-970.8,275.951858,-30.3016735,7.26398487,2.85480319,-7.9120873,-0.938649996,0.35833427,-0.997501598,1.00472248,1.41579543,47.6809074,102.173885,3.13359922,-1.8845612,-3.76505103,27.9707976,True,True
NGC 6624,-970.9,275.91733,-30.3768753,7.25871175,2.77347791,-7.9195008,-0.943495132,0.347875304,-0.997693604,1.00558455,1.41654256,47.0686142,102.357372,0.621468348,-1.81719136,-3.79442126,27.9304382,True,True
NGC 6624,-971,275.880463,-30.4513845,7.25347851,2.69186529,-7.92483164,-0.948277275,0.33739839,-0.997628763,1.00651253,1.41715582,46.4490018,102.524861,-1.88925556,-1.75000096,-3.82424065,27.882411,True,True
NGC 6624,-971.1,275.841253,-30.5251856,7.24828604,2.60997988,-7.92807531,-0.952995671,0.326905162,-0.99730722,1.0075057,1.41763515,45.8219731,102.676429,-4.39854004,-1.68299404,-3.85451186,27.8263712,True,True
NGC 6624,-971.2,275.7997,-30.5982627,7.24313526,2.52783624,-7.92922739,-0.957649557,0.316397243,-0.996729125,1.00856328,1.41798055,45.1874309,102.812153,-6.90635316,-1.61617482,-3.88523756,27.7619723,True,True
NGC 6624,-971.3,275.755801,-30.6705999,7.23802711,2.44544896,-7.92828352,-0.962238159,0.305876252,-0.995894629,1.00968438,1.41819204,44.5452767,102.932104,-9.41266339,-1.54954769,-3.91642046,27.6888668,True,True
NGC 6624,-971.4,275.709555,-30.742181,7.23296257,2.36283268,-7.92523946,-0.966760693,0.295343796,-0.994803888,1.01086804,1.41826971,43.8954115,103.036353,-11.9174395,-1.48311721,-3.94806331,27.6067056,True,True
NGC 6624,-971.5,275.66096,-30.8129901,7.22794265,2.28000209,-7.92009103,-0.971216367,0.284801478,-0.99345706,1.01211319,1.41821368,43.2377354,103.124967,-14.4206501,-1.41688811,-3.98016886,27.5151381,True,True
NGC 6624,-971.6,275.610015,-30.8830107,7.22296837,2.19697189,-7.91283415,-0.975604375,0.274250895,-0.991854308,1.01341869,1.41802412,42.5721479,103.198013,-16.9222642,-1.35086533,-4.01273987,27.4138124,True,True
NGC 6624,-971.7,275.556718,-30.9522265,7.2180408,2.11375683,-7.90346485,-0.979923904,0.263693634,-0.989995795,1.01478332,1.41770126,41.8985475,103.255554,-19.4222501,-1.28505401,-4.04577913,27.3023749,True,True
NGC 6624,-971.8,275.50107,-31.020621,7.21316104,2.03037172,-7.89197926,-0.984174129,0.253131279,-0.98788169,1.01620577,1.41724535,41.2168317,103.29765,-21.920576,-1.21945947,-4.0792894,27.1804705,True,True
NGC 6624,-971.9,275.443069,-31.0881774,7.2083302,1.94683138,-7.87837359,-0.988354215,0.242565406,-0.985512165,1.01768464,1.41665672,40.5268974,103.32436,-24.4172095,-1.15408726,-4.11327343,27.0477425,True,True
NGC 6624,-972,275.382716,-31.154879,7.20354946,1.86315069,-7.86264419,-0.992463316,0.231997586,-0.982887394,1.01921848,1.41593571,39.8286403,103.33574,-26.9121173,-1.08894314,-4.14773398,26.9038324,True,True
NGC 6624,-972.1,275.32001,-31.2207089,7.19881999,1.77934457,-7.8447875,-0.996500575,0.221429383,-0.980007555,1.02080574,1.41508274,39.1219553,103.331843,-29.4052654,-1.0240331,-4.18267376,26.7483802,True,True
NGC 6624,-972.2,275.254952,-31.2856501,7.19414301,1.69542799,-7.82480009,-1.00046512,0.210862358,-0.97687283,1.02244482,1.41409827,38.4067365,103.312722,-31.8966186,-0.959363369,-4.21809544,26.5810239,True,True
NGC 6624,-972.3,275.187542,-31.3496853,7.18951977,1.61141595,-7.80267866,-1.00435609,0.200298065,-0.973483406,1.02413401,1.4129828,37.6828766,103.278425,-34.3861405,-0.894940402,-4.25400166,26.4014002,True,True
NGC 6624,-972.4,275.117781,-31.4127974,7.18495155,1.52732351,-7.77842002,-1.00817257,0.189738053,-0.96983947,1.02587156,1.4117369,36.9502677,103.228999,-36.8737932,-0.830770911,-4.29039501,26.2091436,True,True
NGC 6624,-972.5,275.045671,-31.4749689,7.18043966,1.44316576,-7.75202113,-1.01191368,0.179183868,-0.965941215,1.02765566,1.41036116,36.2088005,103.164489,-39.359537,-0.766861863,-4.32727802,26.0038869,True,True
NGC 6624,-972.6,274.971212,-31.5361823,7.17598545,1.35895786,-7.72347909,-1.0155785,0.168637051,-0.96178884,1.02948441,1.40885625,35.4583648,103.084937,-41.8433305,-0.703220487,-4.36465312,25.7852611,True,True
NGC 6624,-972.7,274.894408,-31.59642,7.17159029,1.27471499,-7.69279115,-1.01916611,0.158099136,-0.957382546,1.03135586,1.40722288,34.6988495,102.990381,-44.3251299,-0.639854283,-4.40252269,25.5528955,True,True
NGC 6624,-972.8,274.815261,-31.6556643,7.16725558,1.19045239,-7.65995469,-1.02267558,0.147571658,-0.95272254,1.03326799,1.40546183,33.9301421,102.880861,-46.8048892,-0.576771032,-4.440889,25.3064174,True,True
NGC 6624,-972.9,274.733772,-31.7138972,7.16298277,1.10618535,-7.62496728,-1.02610595,0.137056144,-0.947809031,1.03521872,1.40357393,33.1521291,102.756412,-49.2825598,-0.513978801,-4.47975423,25.0454522,True,True
NGC 6624,-973,274.649947,-31.7711008,7.15877333,1.02192921,-7.58782664,-1.02945627,0.126554119,-0.942642237,1.03720594,1.40156004,32.3646959,102.617065,-51.7580901,-0.451485954,-4.51912043,24.7696235,True,True
NGC 6624,-973.1,274.563786,-31.827257,7.15462876,0.937699343,-7.54853067,-1.03272558,0.116067106,-0.937222379,1.03922745,1.39942112,31.5677268,102.462853,-54.2314253,-0.389301161,-4.55898953,24.4785531,True,True
NGC 6624,-973.2,274.475296,-31.8823477,7.15055059,0.853511189,-7.50707746,-1.03591288,0.105596624,-0.931549686,1.04128101,1.39715818,30.7611047,102.293802,-56.7025071,-0.327433406,-4.5993633,24.1718608,True,True
NGC 6624,-973.3,274.384481,-31.9363545,7.1465404,0.769380227,-7.46346528,-1.0390172,0.095144188,-0.92562439,1.04336434,1.39477226,29.9447117,102.109941,-59.1712734,-0.265891996,-4.64024339,23.8491647,True,True
NGC 6624,-973.4,274.291345,-31.9892591,7.14259978,0.685321988,-7.4176926,-1.04203751,0.0847113122,-0.919446731,1.0454751,1.39226451,29.1184284,101.911291,-61.6376577,-0.204686572,-4.68163124,23.510081,True,True
NGC 6624,-973.5,274.195893,-32.041043,7.13873038,0.601352053,-7.36975811,-1.04497281,0.0742995078,-0.913016958,1.0476109,1.38963612,28.2821344,101.697876,-64.1015894,-0.143827117,-4.72352814,23.1542243,True,True
NGC 6624,-973.6,274.098132,-32.0916876,7.13493385,0.517486051,-7.3196607,-1.04782206,0.0639102838,-0.906335323,1.04976931,1.38688836,27.4357082,101.469715,-66.5629924,-0.0833239686,-4.76593516,22.7812071,True,True
NGC 6624,-973.7,273.998068,-32.1411744,7.13121191,0.433739662,-7.26739951,-1.05058423,0.0535451475,-0.89940209,1.05194786,1.38402255,26.5790268,101.226825,-69.0217855,-0.0231878284,-4.80885316,22.3906405,True,True
NGC 6624,-973.8,273.895709,-32.1894846,7.12756629,0.350128613,-7.2129739,-1.05325825,0.0432056043,-0.892217531,1.05414404,1.38104011,25.7119665,100.969221,-71.4778817,0.0365702252,-4.85228277,21.9821339,True,True
NGC 6624,-973.9,273.791061,-32.2365994,7.12399875,0.266668682,-7.15638348,-1.05584306,0.0328931584,-0.884781926,1.0563553,1.37794252,24.8344022,100.696917,-73.9311874,0.0959387263,-4.89622435,21.5552951,True,True
NGC 6624,-974,273.684133,-32.2825,7.12051109,0.183375696,-7.09762815,-1.05833757,0.0226093126,-0.877095565,1.05857905,1.37473133,23.9462076,100.409924,-76.3816022,0.154905809,-4.94067803,21.1097303,True,True
NGC 6624,-974.1,273.574933,-32.3271675,7.11710516,0.100265529,-7.03670804,-1.06074071,0.0123555687,-0.869158749,1.06081266,1.37140819,23.0472556,100.108251,-78.8290183,0.213459194,-4.9856436,20.6450445,True,True
NGC 6624,-974.2,273.463471,-32.3705831,7.11378283,0.0173541053,-6.9736236,-1.06305135,0.00213342757,-0.860971792,1.06305349,1.36797483,22.1374179,99.7919048,-81.2733196,0.271586174,-5.03112056,20.1608413,True,True
NGC 6624,-974.3,273.349757,-32.4127276,7.11054599,-0.0653426044,-6.90837556,-1.06526837,-0.00805561034,-0.852535017,1.06529883,1.36443305,21.2165651,99.4608909,-83.7143814,0.3292736,-5.07710808,19.6567231,True,True
NGC 6624,-974.4,273.233801,-32.4535822,7.10739659,-0.147808581,-6.84096497,-1.06739065,-0.0182100452,-0.843848764,1.06754598,1.36078475,20.2845671,99.1152126,-86.1520694,0.386507864,-5.12360497,19.1322913,True,True
NGC 6624,-974.5,273.115615,-32.4931279,7.1043366,-0.23002776,-6.7713932,-1.06941704,-0.0283283772,-0.834913383,1.06979218,1.35703193,19.3412927,98.7548715,-88.5862389,0.443274885,-5.17060964,18.5871464,True,True
NGC 6624,-974.6,272.995211,-32.5313456,7.10136803,-0.311984031,-6.69966198,-1.07134638,-0.038409107,-0.825729244,1.07203467,1.35317667,18.38661,98.3798676,-91.0167341,0.499560089,-5.21812011,18.0208882,True,True
NGC 6624,-974.7,272.8726,-32.5682163,7.09849292,-0.393661237,-6.62577339,-1.07317749,-0.0484507347,-0.81629673,1.07427064,1.34922116,17.4203863,97.9901989,-93.4433871,0.555348391,-5.26613394,17.4331159,True,True
NGC 6624,-974.8,272.747798,-32.6037212,7.09571334,-0.475043179,-6.54972987,-1.07490919,-0.0584517605,-0.806616243,1.07649727,1.3451677,16.4424884,97.5858623,-95.8660168,0.610624173,-5.31464824,16.8234287,True,True
NGC 6624,-974.9,272.620818,-32.6378412,7.0930314,-0.556113615,-6.47153428,-1.07654027,-0.0684106841,-0.796688205,1.07871172,1.34101867,15.4527824,97.1668529,-98.2844278,0.665371265,-5.3636596,16.1914255,True,True
NGC 6624,-975,272.491675,-32.6705575,7.09044925,-0.636856263,-6.39118989,-1.07806953,-0.0783260046,-0.786513058,1.08091113,1.3367766,14.4511343,96.7331648,-100.698409,0.719572917,-5.41316409,15.5367054,True,True
NGC 6624,-975.1,272.360385,-32.7018513,7.08796907,-0.717254798,-6.30870039,-1.07949573,-0.0881962204,-0.776091266,1.08309261,1.33244409,13.4374096,96.2847907,-103.107734,0.773211775,-5.4631572,14.8588682,True,True
NGC 6624,-975.2,272.226964,-32.7317038,7.08559306,-0.79729286,-6.22406992,-1.08081764,-0.0980198291,-0.765423319,1.08525327,1.32802391,12.4114739,95.8217223,-105.512155,0.826269853,-5.5136338,14.1575145,True,True
NGC 6624,-975.3,272.091431,-32.7600965,7.08332348,-0.87695405,-6.13730314,-1.08203399,-0.107795327,-0.75450973,1.08739017,1.32351891,11.3731929,95.3439505,-107.911407,0.878728503,-5.56458813,13.432246,True,True
NGC 6624,-975.4,271.953803,-32.7870108,7.0811626,-0.956221936,-6.04840516,-1.08314351,-0.117521211,-0.743351043,1.08950039,1.3189321,10.3224325,94.8514652,-110.305202,0.930568381,-5.61601372,12.6826663,True,True
NGC 6624,-975.5,271.8141,-32.8124285,7.07911274,-1.03508006,-5.95738165,-1.08414493,-0.127195975,-0.731947832,1.09158099,1.31426659,9.25905956,94.3442563,-112.69323,0.981769406,-5.66790333,11.9083809,True,True
NGC 6624,-975.6,271.672342,-32.8363312,7.07717625,-1.11351191,-5.86423883,-1.08503695,-0.136818113,-0.720300704,1.09362899,1.30952567,8.18294141,93.8223128,-115.075154,1.03231073,-5.72024897,11.108998,True,True
NGC 6624,-975.7,271.528551,-32.8587011,7.07535549,-1.19150099,-5.7689835,-1.08581825,-0.146386116,-0.7084103,1.09564144,1.30471274,7.09394673,93.2856241,-117.450609,1.08217067,-5.77304175,10.284129,True,True
NGC 6624,-975.8,271.382748,-32.8795203,7.0736529,-1.26903075,-5.67162309,-1.08648752,-0.155898478,-0.696277304,1.09761535,1.29983135,5.99194566,92.7341796,-119.8192,1.13132671,-5.82627188,9.43338919,True,True
NGC 6624,-975.9,271.234958,-32.8987713,7.0720709,-1.34608462,-5.57216566,-1.08704341,-0.165353688,-0.683902438,1.09954773,1.29488523,4.8768102,92.1679691,-122.180498,1.17975536,-5.87992861,8.5563981,True,True
NGC 6624,-976,271.085205,-32.9164369,7.07061198,-1.42264602,-5.47061998,-1.08748458,-0.174750235,-0.671286472,1.10143559,1.28987824,3.74841466,91.5869834,-124.534038,1.2274322,-5.93400011,7.65278063,True,True
NGC 6624,-976.1,270.933513,-32.9325001,7.06927865,-1.49869836,-5.36699552,-1.08780966,-0.184086608,-0.658430225,1.10327591,1.28481442,2.60663611,90.9912144,-126.879315,1.27433173,-5.98847343,6.72216773,True,True
NGC 6624,-976.2,270.779911,-32.9469444,7.06807343,-1.57422504,-5.26130254,-1.08801729,-0.193361295,-0.645334568,1.1050657,1.27969798,1.45135488,90.3806553,-129.215778,1.32042732,-6.04333442,5.76419733,True,True
NGC 6624,-976.3,270.624425,-32.9597533,7.06699889,-1.64920946,-5.15355209,-1.08810606,-0.202572783,-0.632000435,1.10680194,1.27453328,0.282455185,89.7553016,-131.54283,1.36569115,-6.09856759,4.77851535,True,True
NGC 6624,-976.4,270.467086,-32.9709113,7.06605764,-1.72363502,-5.0437561,-1.08807459,-0.211719558,-0.618428821,1.10848162,1.2693249,-0.900174297,89.1151509,-133.859821,1.4100941,-6.15415608,3.76477682,True,True
NGC 6624,-976.5,270.307923,-32.9804028,7.06525229,-1.79748512,-4.93192742,-1.08792147,-0.220800108,-0.604620789,1.11010171,1.26407757,-2.09663968,88.4602041,-136.166041,1.45360561,-6.21008148,2.72264713,True,True
NGC 6624,-976.6,270.146968,-32.988213,7.0645855,-1.87074318,-4.81807982,-1.08764527,-0.22981292,-0.590577481,1.11165921,1.25879624,-3.30704112,87.7904653,-138.460717,1.49619363,-6.26632375,1.65180337,True,True
NGC 6624,-976.7,269.984255,-32.9943277,7.06405992,-1.94339266,-4.70222817,-1.08724456,-0.23875648,-0.57630012,1.11315111,1.25348603,-4.53147188,87.1059427,-140.743002,1.53782444,-6.32286109,0.551935865,True,True
NGC 6624,-976.8,269.819817,-32.998733,7.06367827,-2.01541701,-4.5843884,-1.08671791,-0.247629277,-0.561790019,1.11457439,1.24815227,-5.77001746,86.4066495,-143.011974,1.5784625,-6.37966974,-0.577250118,True,True
NGC 6624,-976.9,269.653692,-33.0014161,7.06344327,-2.08679976,-4.46457761,-1.08606386,-0.256429803,-0.547048591,1.11592605,1.24280051,-7.02275445,85.6926043,-145.266621,1.61807031,-6.43672387,-1.73603256,True,True
NGC 6624,-977,269.485917,-33.0023645,7.06335765,-2.15752445,-4.34281419,-1.08528097,-0.265156549,-0.532077357,1.11720311,1.2374365,-8.28974943,84.9638321,-147.505835,1.65660818,-6.49399538,-2.92467063,True,True
NGC 6624,-977.1,269.316531,-33.0015668,7.06342417,-2.22757471,-4.21911784,-1.08436777,-0.273808011,-0.516877956,1.11840256,1.23206619,-9.57105763,84.2203649,-149.728402,1.69403407,-6.55145367,-4.14340238,True,True
NGC 6624,-977.2,269.145575,-32.9990124,7.0636456,-2.29693421,-4.09350972,-1.08332279,-0.282382688,-0.501452158,1.11952144,1.22669577,-10.8667215,83.4622431,-151.932986,1.73030328,-6.60906545,-5.39244223,True,True
NGC 6624,-977.3,268.973093,-32.9946915,7.06402474,-2.36558671,-3.96601254,-1.08214457,-0.290879083,-0.485801876,1.12055679,1.22133164,-12.1767693,82.6895162,-154.11812,1.76536822,-6.66679446,-6.67197815,True,True
NGC 6624,-977.4,268.79913,-32.9885955,7.06456438,-2.43351607,-3.83665068,-1.08083164,-0.299295707,-0.46992918,1.12150566,1.21598042,-13.5012129,81.9022442,-156.282188,1.79917808,-6.72460122,-7.9821685,True,True
NGC 6624,-977.5,268.623731,-32.9807169,7.06526733,-2.50070624,-3.70545032,-1.07938251,-0.307631074,-0.453836316,1.12236513,1.21064895,-14.8400466,81.1004987,-158.423409,1.83167848,-6.78244264,-9.32313858,True,True
NGC 6624,-977.6,268.446946,-32.9710494,7.0661364,-2.56714132,-3.57243959,-1.07779573,-0.31588371,-0.437525717,1.12313229,1.20534431,-16.1932443,80.2843642,-160.539815,1.86281104,-6.84027177,-10.6949768,True,True
NGC 6624,-977.7,268.268827,-32.9595882,7.06717439,-2.6328055,-3.43764871,-1.07606982,-0.324052146,-0.421000031,1.12380427,1.20007378,-17.5607577,79.4539398,-162.629234,1.89251298,-6.89803733,-12.0977301,True,True
NGC 6624,-977.8,268.089427,-32.9463299,7.06838412,-2.69768318,-3.30111022,-1.07420332,-0.332134929,-0.404262139,1.12437822,1.19484487,-18.9425137,78.6093404,-164.68926,1.92071656,-6.95568327,-13.5313997,True,True
NGC 6624,-977.9,267.908803,-32.9312726,7.06976837,-2.7617589,-3.16285915,-1.07219479,-0.340130613,-0.387315182,1.12485132,1.18966531,-20.3384113,77.750699,-166.71723,1.94734855,-7.01314834,-14.9959348,True,True
NGC 6624,-978,267.727014,-32.9144165,7.07132994,-2.8250174,-3.02293321,-1.07004278,-0.348037772,-0.370162585,1.12522079,1.18454302,-21.7483191,76.878168,-168.71019,1.97232952,-7.07036546,-16.4912274,True,True
NGC 6624,-978.1,267.544121,-32.8957635,7.07307157,-2.88744367,-2.8813731,-1.06774586,-0.355854993,-0.352808094,1.1254839,1.17948614,-23.1720716,75.9919216,-170.664862,1.99557324,-7.12726121,-18.0171051,True,True
NGC 6624,-978.2,267.360191,-32.8753178,7.07499601,-2.9490229,-2.73822275,-1.06530264,-0.363580884,-0.335255807,1.12563794,1.17450297,-24.6094661,75.0921575,-172.577609,2.01698581,-7.18375509,-19.5733234,True,True
NGC 6624,-978.3,267.175291,-32.853086,7.07710595,-3.00974059,-2.59352963,-1.06271172,-0.371214073,-0.317510216,1.12568028,1.169602,-26.0602583,74.1790998,-174.444391,2.03646487,-7.23975889,-21.159558,True,True
NGC 6624,-978.4,266.989496,-32.8290771,7.07940404,-3.06958252,-2.44734509,-1.05997176,-0.378753213,-0.299576247,1.12560834,1.16479185,-27.5241588,73.2530007,-176.260725,2.05389873,-7.29517584,-22.7753942,True,True
NGC 6624,-978.5,266.802881,-32.8033031,7.08189289,-3.12853482,-2.29972472,-1.05708143,-0.386196985,-0.281459308,1.12541959,1.16008129,-29.0008283,72.3141437,-178.021639,2.06916546,-7.34989996,-24.4203177,True,True
NGC 6624,-978.6,266.615527,-32.7757793,7.08457502,-3.18658397,-2.15072877,-1.05403944,-0.3935441,-0.263165344,1.12511159,1.15547916,-30.4898732,71.3628456,-179.721631,2.08213211,-7.40381518,-26.0937018,True,True
NGC 6624,-978.7,266.42752,-32.7465241,7.08745291,-3.24371686,-2.00042256,-1.05084455,-0.400793303,-0.244700891,1.12468197,1.15099438,-31.9908411,70.3994597,-181.354624,2.09265389,-7.45679469,-27.7947957,True,True
NGC 6624,-978.8,266.238951,-32.7155598,7.09052891,-3.29992082,-1.84887697,-1.04749557,-0.407943378,-0.226073138,1.12412845,1.14663587,-33.5032152,69.4243782,-182.913941,2.10057373,-7.50870033,-29.5227096,False,False
NGC 6624,-978.9,266.049917,-32.6829129,7.09380531,-3.35518366,-1.69616888,-1.04399135,-0.41499315,-0.207289988,1.12344882,1.14241253,-35.0264105,68.4380353,-184.392281,2.10572213,-7.55938223,-31.2764006,False,False
NGC 6624,-979,265.860521,-32.648614,7.09728424,-3.40949373,-1.54238168,-1.04033083,-0.421941492,-0.188360123,1.12264102,1.13833317,-36.5597685,67.4409093,-185.781726,2.10791759,-7.60867885,-33.0546566,False,False
NGC 6624,-979.1,265.670869,-32.6126988,7.10096771,-3.46283994,-1.38760571,-1.03651301,-0.428787328,-0.169293062,1.12170307,1.13440642,-38.1025532,66.4335253,-187.073777,2.10696791,-7.65641748,-34.8560807,False,False
NGC 6624,-979.2,265.481079,-32.5752078,7.10485758,-3.51521182,-1.23193863,-1.03253695,-0.435529637,-0.150099223,1.12063313,1.1306407,-39.6539481,65.4164567,-188.25944,2.1026726,-7.70241557,-36.6790761,False,False
NGC 6624,-979.3,265.291271,-32.5361869,7.10895553,-3.56659956,-1.07548579,-1.02840183,-0.44216746,-0.130789964,1.11942949,1.1270441,-41.2130539,64.3903272,-189.329359,2.09482671,-7.74648298,-38.5218329,False,False
NGC 6624,-979.4,265.101576,-32.4956873,7.11326302,-3.6169941,-0.918360316,-1.0241069,-0.448699905,-0.111377606,1.11809058,1.12362428,-42.7788882,63.3558105,-190.274035,2.08322636,-7.78842546,-40.3823187,False,False
NGC 6624,-979.5,264.912127,-32.4537661,7.11778132,-3.6663871,-0.760683069,-1.01965154,-0.45512615,-0.0918754391,1.11661501,1.1203884,-44.3503872,62.31363,-191.084106,2.06767606,-7.8280493,-42.2582741,False,False
NGC 6624,-979.6,264.723066,-32.4104855,7.12251142,-3.71477107,-0.602582331,-1.01503521,-0.461445452,-0.0722976895,1.11500152,1.11734298,-45.9264103,61.2645565,-191.750708,2.04799776,-7.86516742,-44.1472174,False,False
NGC 6624,-979.7,264.534541,-32.3659131,7.12745408,-3.76213937,-0.444193136,-1.01025753,-0.467657145,-0.0526594459,1.11324906,1.11449383,-47.505748,60.2094045,-192.26589,2.02404107,-7.89960631,-46.0464584,False,False
NGC 6624,-979.8,264.346702,-32.3201211,7.13260975,-3.80848624,-0.28565626,-1.0053182,-0.473760651,-0.0329765457,1.11135676,1.1118459,-49.0871322,59.1490261,-192.623051,1.99569388,-7.93121352,-47.9531248,False,False
NGC 6624,-979.9,264.159703,-32.2731859,7.13797857,-3.85380688,-0.127116849,-1.0002171,-0.479755482,-0.0132654131,1.10932392,1.10940324,-50.6692509,58.084304,-192.817352,1.96289205,-7.95986492,-49.8642007,False,False
NGC 6624,-980,263.973699,-32.2251868,7.1435604,-3.89809743,0.0312772392,-0.994954211,-0.485641239,0.00645713629,1.10715008,1.10716891,-52.2507648,57.0161418,-192.846047,1.92562699,-7.98547067,-51.7765761,False,False
NGC 6624,-980.1,263.788844,-32.1762057,7.14935475,-3.941355,0.189377328,-0.989529667,-0.491417617,0.0261741228,1.10483494,1.10514493,-53.8303261,55.9454536,-192.708682,1.88394962,-8.00797919,-53.687105,False,False
NGC 6624,-980.2,263.60529,-32.1263252,7.15536081,-3.98357767,0.347035896,-0.983943737,-0.497084403,0.0458686393,1.10237842,1.10333228,-55.406597,54.8731524,-192.40713,1.83797026,-8.02737845,-55.5926671,False,False
NGC 6624,-980.3,263.423182,-32.0756282,7.16157748,-4.02476452,0.504108497,-0.978196824,-0.50264148,0.0655240844,1.09978065,1.10173086,-56.9782694,53.8001391,-191.945455,1.7878541,-8.04369455,-57.4902268,False,False
NGC 6624,-980.4,263.242662,-32.0241963,7.16800333,-4.06491554,0.660455497,-0.972289463,-0.50808882,0.0851243727,1.09704195,1.10033959,-58.5440804,52.7272914,-191.329624,1.73381318,-8.05698767,-59.3768873,False,False
NGC 6624,-980.5,263.06386,-31.9721095,7.17463667,-4.10403167,0.81594352,-0.966222316,-0.513426483,0.10465411,1.09416284,1.0991564,-60.1028271,51.6554545,-190.567128,1.67609588,-8.06734639,-61.2499326,False,False
NGC 6624,-980.6,262.886901,-31.9194451,7.18147552,-4.14211475,0.970446535,-0.959996164,-0.518654615,0.124098728,1.09114401,1.09817837,-61.6533769,50.5854331,-189.66654,1.6149754,-8.07488099,-63.1068582,False,False
NGC 6624,-980.7,262.711898,-31.8662774,7.18851768,-4.17916744,1.1238466,-0.9536119,-0.523773439,0.143444573,1.08798634,1.09740176,-63.1946751,49.5179855,-188.637095,1.55073869,-8.07971668,-64.945389,False,False
NGC 6624,-980.8,262.538955,-31.8126773,7.19576071,-4.21519321,1.27603422,-0.94707052,-0.528783256,0.16267895,1.08469088,1.09682211,-64.7257486,48.4538191,-187.488304,1.48367645,-8.08198746,-66.7634857,False,False
NGC 6624,-980.9,262.368168,-31.7587121,7.203202,-4.25019628,1.42690846,-0.940373117,-0.533684435,0.181790141,1.08125884,1.09643437,-66.2457075,47.3935886,-186.229634,1.41407517,-8.08183084,-68.5593427,False,False
NGC 6624,-981,262.199621,-31.7044453,7.21083875,-4.28418158,1.5763768,-0.933520868,-0.53847741,0.200767381,1.07769158,1.09623295,-67.7537441,46.3378943,-184.870274,1.34221107,-8.07938381,-70.3313787,False,False
NGC 6624,-981.1,262.033389,-31.649937,7.21866803,-4.31715465,1.7243548,-0.926515032,-0.543162674,0.219600823,1.07399059,1.0962118,-69.2491304,45.2872832,-183.418961,1.26834592,-8.07477983,-72.0782231,False,False
NGC 6624,-981.2,261.869542,-31.5952439,7.22668676,-4.34912166,1.8707657,-0.919356936,-0.547740772,0.238281486,1.07015753,1.09636454,-70.7312141,44.2422497,-181.883881,1.19272457,-8.06814684,-73.7987002,False,False
NGC 6624,-981.3,261.708137,-31.5404192,7.23489179,-4.38008929,2.0155399,-0.912047971,-0.552212297,0.256801197,1.06619413,1.09668445,-72.1994146,43.203238,-180.272608,1.11557372,-8.05960609,-75.4918119,False,False
NGC 6624,-981.4,261.549229,-31.4855133,7.24327984,-4.41006472,2.15861445,-0.904589583,-0.556577886,0.275152524,1.06210228,1.0971646,-73.6532172,42.1706444,-178.592091,1.03710162,-8.04927149,-77.1567204,False,False
NGC 6624,-981.5,261.392861,-31.4305733,7.25184758,-4.43905559,2.29993254,-0.896983269,-0.560838214,0.293328714,1.05788397,1.0977979,-75.0921691,41.1448202,-176.848665,0.95749851,-8.03724953,-78.7927323,False,False
NGC 6624,-981.6,261.239074,-31.375644,7.26059161,-4.46706992,2.43944292,-0.889230568,-0.564993989,0.311323632,1.05354127,1.09857709,-76.5158733,40.1260745,-175.04807,0.876937409,-8.02363937,-80.3992824,False,False
NGC 6624,-981.7,261.087901,-31.3207674,7.2695085,-4.4941161,2.5770995,-0.881333058,-0.569045949,0.329131701,1.04907638,1.09949485,-77.9239843,39.1146778,-173.195497,0.79557523,-8.00853318,-81.9759201,False,False
NGC 6624,-981.8,260.939372,-31.2659833,7.27859475,-4.52020284,2.71286084,-0.873292349,-0.572994859,0.346747848,1.04449157,1.10054382,-79.3162033,38.1108643,-171.295623,0.713553971,-7.99201658,-83.5222963,False,False
NGC 6624,-981.9,260.793511,-31.2113293,7.28784688,-4.54533913,2.84668973,-0.865110079,-0.576841504,0.364167456,1.03978919,1.10171662,-80.6922735,37.1148355,-169.35266,0.631001959,-7.97416913,-85.0381518,False,False
NGC 6624,-982,260.650338,-31.156841,7.29726134,-4.56953422,2.97855285,-0.856787913,-0.580586689,0.381386314,1.03497171,1.10300587,-82.0519764,36.1267626,-167.370397,0.54803507,-7.95506484,-86.5233067,False,False
NGC 6624,-982.1,260.509869,-31.1025522,7.30683461,-4.59279757,3.10842037,-0.848327533,-0.584231236,0.398400581,1.03004162,1.10440426,-83.3951276,35.1467895,-165.352238,0.464757884,-7.9347726,-87.9776514,False,False
NGC 6624,-982.2,260.372117,-31.0484949,7.31656316,-4.61513886,3.23626566,-0.83973064,-0.587775979,0.415206744,1.02500154,1.10590451,-84.7215735,34.1750349,-163.301248,0.381264773,-7.91335672,-89.4011385,False,False
NGC 6624,-982.3,260.237094,-30.9946995,7.32644344,-4.63656791,3.362065,-0.83099895,-0.591221764,0.43180159,1.01985412,1.10749945,-86.0311879,33.2115954,-161.220179,0.297640888,-7.89087727,-90.7937748,False,False
NGC 6624,-982.4,260.104804,-30.9411949,7.33647193,-4.65709469,3.48579735,-0.822134189,-0.594569445,0.448182172,1.01460211,1.109182,-87.3238692,32.2565468,-159.111514,0.213963068,-7.86739056,-92.1556155,False,False
NGC 6624,-982.5,259.975255,-30.8880087,7.34664512,-4.67672931,3.60744404,-0.813138093,-0.597819885,0.464345782,1.00924832,1.11094517,-88.5995376,31.3099468,-156.977484,0.130300656,-7.84294939,-93.4867578,False,False
NGC 6624,-982.6,259.848448,-30.835167,7.35695951,-4.69548197,3.72698868,-0.804012406,-0.600973948,0.480289932,1.00379561,1.11278212,-89.8581326,30.3718367,-154.820104,0.0467162343,-7.81760346,-94.7873361,False,False
NGC 6624,-982.7,259.724383,-30.7826947,7.36741164,-4.71336296,3.84441686,-0.794758875,-0.604032504,0.496012329,0.998246932,1.11468613,-91.099611,29.4422429,-152.641189,-0.0367337165,-7.79139958,-96.0575175,False,False
NGC 6624,-982.8,259.603059,-30.7306156,7.37799803,-4.73038263,3.95971604,-0.785379254,-0.606996426,0.511510855,0.992605276,1.11665061,-92.3239445,28.5211785,-150.44238,-0.119998227,-7.76438195,-97.2974971,False,False
NGC 6624,-982.9,259.484473,-30.6789524,7.38871528,-4.74655139,4.07287539,-0.775875296,-0.609866586,0.526783552,0.986873715,1.11866914,-93.5311181,27.6086452,-148.22516,-0.203031313,-7.73659238,-98.507495,False,False
NGC 6624,-983,259.36862,-30.6277267,7.39955998,-4.76187969,4.18388563,-0.766248757,-0.612643856,0.541828608,0.981055377,1.12073542,-94.7211286,26.7046339,-145.99087,-0.285791501,-7.7080705,-99.6877527,False,False
NGC 6624,-983.1,259.255495,-30.5769591,7.41052876,-4.77637802,4.29273894,-0.756501391,-0.615329107,0.556644339,0.975153457,1.12284335,-95.8939825,25.8091262,-143.740724,-0.368241411,-7.67885389,-100.83853,False,False
NGC 6624,-983.2,259.145091,-30.5266693,7.42161829,-4.79005686,4.39942879,-0.746634953,-0.617923207,0.571229182,0.969171214,1.12498694,-97.0496952,24.9220957,-141.475822,-0.450347376,-7.6489783,-101.960104,False,False
NGC 6624,-983.3,259.037398,-30.4768761,7.43282528,-4.80292672,4.50394989,-0.736651194,-0.620427021,0.585581679,0.963111972,1.1271604,-98.1882894,24.0435084,-139.197164,-0.532079108,-7.61847774,-103.052763,False,False
NGC 6624,-983.4,258.932407,-30.4275975,7.44414645,-4.8149981,4.60629808,-0.726551864,-0.622841411,0.59970047,0.956979119,1.12935809,-99.3097941,23.1733242,-136.905653,-0.613409391,-7.5873846,-104.116809,False,False
NGC 6624,-983.5,258.830109,-30.3788505,7.45557858,-4.82628148,4.70647022,-0.716338708,-0.625167234,0.613584284,0.950776112,1.13157452,-100.414244,22.3114973,-134.602113,-0.694313816,-7.5557298,-105.152552,False,False
NGC 6624,-983.6,258.730491,-30.3306516,7.46711848,-4.83678732,4.80446414,-0.70601347,-0.627405342,0.62723193,0.944506476,1.13380438,-101.501677,21.4579768,-132.28729,-0.77477053,-7.52354288,-106.160311,False,False
NGC 6624,-983.7,258.633544,-30.2830164,7.47876298,-4.84652607,4.90027853,-0.695577887,-0.629556582,0.640642287,0.938173804,1.13604253,-102.572135,20.6127079,-129.961864,-0.85476002,-7.49085205,-107.140412,False,False
NGC 6624,-983.8,258.539252,-30.2359599,7.49050899,-4.85550813,4.99391294,-0.685033693,-0.631621795,0.653814305,0.931781762,1.13828397,-103.625664,19.7756318,-127.626453,-0.934264915,-7.4576843,-108.093184,False,False
NGC 6624,-983.9,258.447605,-30.1894961,7.50235341,-4.86374387,5.08536763,-0.674382617,-0.633601815,0.666746991,0.925334088,1.14052388,-104.66231,18.9466868,-125.281616,-1.01326981,-7.42406549,-109.018961,False,False
NGC 6624,-984,258.358587,-30.1436389,7.51429322,-4.87124361,5.17464358,-0.663626383,-0.635497471,0.679439408,0.918834595,1.1427576,-105.682122,18.1258083,-122.927866,-1.09176108,-7.39002038,-109.91808,False,False
NGC 6624,-984.1,258.272186,-30.0984011,7.52632541,-4.87801763,5.26174242,-0.652766711,-0.637309585,0.691890668,0.912287173,1.1449806,-106.685147,17.3129297,-120.565668,-1.16972678,-7.35557271,-110.79088,False,False
NGC 6624,-984.2,258.188385,-30.0537952,7.53844703,-4.88407615,5.34666637,-0.641805314,-0.63903897,0.704099929,0.905695792,1.14718855,-107.671436,16.5079823,-118.195443,-1.24715648,-7.32074525,-111.6377,False,False
NGC 6624,-984.3,258.107172,-30.0098329,7.55065516,-4.88942933,5.42941819,-0.630743903,-0.640686436,0.716066391,0.899064502,1.14937725,-108.641038,15.7108959,-115.817577,-1.32404112,-7.28555984,-112.458879,False,False
NGC 6624,-984.4,258.028529,-29.9665255,7.56294691,-4.89408728,5.51000119,-0.61958418,-0.642252781,0.72778929,0.892397439,1.15154263,-109.594,14.9215991,-113.432419,-1.40037295,-7.25003746,-113.254755,False,False
NGC 6624,-984.5,257.952442,-29.9238839,7.57531945,-4.89806003,5.5884191,-0.608327845,-0.643738799,0.739267896,0.885698825,1.15368082,-110.530371,14.1400195,-111.040286,-1.47614541,-7.21419826,-114.025666,False,False
NGC 6624,-984.6,257.878895,-29.8819182,7.58776997,-4.90135757,5.66467613,-0.596976593,-0.645145275,0.750501512,0.878972968,1.15578804,-111.450196,13.366084,-108.641469,-1.55135302,-7.17806159,-114.771947,False,False
NGC 6624,-984.7,257.807873,-29.8406381,7.60029572,-4.90398979,5.73877686,-0.585532113,-0.646472988,0.761489468,0.872224272,1.1578607,-112.353519,12.599719,-106.236228,-1.6259913,-7.14164605,-115.49393,False,False
NGC 6624,-984.8,257.739358,-29.8000531,7.61289395,-4.90596653,5.81072626,-0.573996092,-0.647722708,0.772231118,0.865457232,1.15989531,-113.240384,11.8408506,-103.824801,-1.70005673,-7.1049695,-116.191946,False,False
NGC 6624,-984.9,257.673335,-29.7601719,7.625562,-4.90729755,5.88052964,-0.562370209,-0.648895198,0.782725842,0.858676441,1.16188854,-114.11083,11.0894046,-101.407404,-1.77354662,-7.06804915,-116.866321,False,False
NGC 6624,-985,257.609787,-29.7210029,7.63829721,-4.90799254,5.94819261,-0.550656143,-0.649991212,0.792973038,0.851886591,1.16383719,-114.964893,10.3453071,-98.9842316,-1.84645909,-7.03090151,-117.517376,False,False
NGC 6624,-985.1,257.548698,-29.6825541,7.65109696,-4.9080611,6.01372109,-0.538855567,-0.6510115,0.802972126,0.845092478,1.16573819,-115.802611,9.60848397,-96.5554598,-1.91879298,-6.99354247,-118.145432,False,False
NGC 6624,-985.2,257.490051,-29.6448332,7.66395869,-4.90751276,6.07712125,-0.526970152,-0.651956801,0.812722542,0.838298998,1.1675886,-116.624013,8.87886162,-94.1212474,-1.99054782,-6.95598734,-118.750801,False,False
NGC 6624,-985.3,257.43383,-29.6078474,7.67687985,-4.90635698,6.13839951,-0.515001563,-0.652827847,0.822223735,0.831511159,1.1693856,-117.429129,8.15636671,-91.6817376,-2.06172375,-6.91825082,-119.333793,False,False
NGC 6624,-985.4,257.380018,-29.5716034,7.68985793,-4.90460312,6.1975625,-0.502951466,-0.653625364,0.831475171,0.824734075,1.17112649,-118.217984,7.44092635,-89.237059,-2.13232151,-6.88034707,-119.894712,False,False
NGC 6624,-985.5,257.328598,-29.5361078,7.70289048,-4.90226047,6.25461708,-0.490821523,-0.65435007,0.840476328,0.817972971,1.1728087,-118.9906,6.73246817,-86.7873266,-2.20234234,-6.8422897,-120.433857,False,False
NGC 6624,-985.6,257.279555,-29.5013667,7.71597505,-4.89933825,6.30957026,-0.478613392,-0.655002675,0.849226693,0.811233187,1.17442976,-119.746995,6.0309204,-84.3326434,-2.271788,-6.80409183,-120.951521,False,False
NGC 6624,-985.7,257.232871,-29.4673859,7.72910924,-4.89584556,6.36242924,-0.466328734,-0.655583882,0.857725766,0.804520177,1.17598733,-120.487185,5.3362119,-81.8731013,-2.34066069,-6.76576607,-121.447993,False,False
NGC 6624,-985.8,257.188531,-29.4341709,7.74229069,-4.89179146,6.41320135,-0.453969203,-0.656094388,0.865973054,0.797839509,1.17747918,-121.211179,4.64827223,-79.4087816,-2.40896303,-6.72732457,-121.923556,False,False
NGC 6624,-985.9,257.146517,-29.4017269,7.75551706,-4.8871849,6.46189409,-0.441536456,-0.65653488,0.873968071,0.791196872,1.17890317,-121.918984,3.96703167,-76.9397563,-2.47669804,-6.68877901,-122.378484,False,False
NGC 6624,-986,257.106813,-29.3700588,7.76878605,-4.88203475,6.50851503,-0.429032149,-0.65690604,0.88171034,0.784598069,1.18025728,-122.610604,3.29242128,-74.4660888,-2.54386907,-6.65014065,-122.81305,False,False
NGC 6624,-986.1,257.069403,-29.3391712,7.78209539,-4.87634979,6.5530719,-0.416457936,-0.657208543,0.88919939,0.778049023,1.1815396,-123.286037,2.62437289,-71.9878345,-2.61047982,-6.61142034,-123.227517,False,False
NGC 6624,-986.2,257.034272,-29.3090684,7.79544282,-4.87013873,6.59557249,-0.403815475,-0.657443057,0.896434752,0.771555773,1.18274831,-123.945276,1.96281912,-69.5050416,-2.67653427,-6.57262849,-123.622143,False,False
NGC 6624,-986.3,257.001402,-29.2797545,7.80882615,-4.86341018,6.63602469,-0.39110642,-0.657610242,0.903415967,0.765124475,1.1838817,-124.588313,1.30769342,-67.0177518,-2.7420367,-6.53377517,-123.99718,False,False
NGC 6624,-986.4,256.970779,-29.2512333,7.82224319,-4.85617267,6.67443644,-0.378332431,-0.657710753,0.910142574,0.7587614,1.18493813,-125.215132,0.658930054,-64.5260005,-2.8069916,-6.49487006,-124.352874,False,False
NGC 6624,-986.5,256.942385,-29.2235083,7.83569179,-4.84843464,6.71081578,-0.365495166,-0.657745236,0.916614121,0.752472931,1.18591608,-125.825715,0.016464121,-62.0298181,-2.87140374,-6.45592247,-124.689463,False,False
NGC 6624,-986.6,256.916207,-29.196583,7.84916981,-4.84020445,6.74517075,-0.352596288,-0.657714333,0.922830154,0.74626556,1.18681413,-126.420038,-0.619768472,-59.5292298,-2.93527806,-6.41694139,-125.007182,False,False
NGC 6624,-986.7,256.892228,-29.1704603,7.86267516,-4.83149037,6.77750948,-0.339637459,-0.657618677,0.928790225,0.740145883,1.18763092,-126.998074,-1.249831,-57.0242564,-2.99861972,-6.37793548,-125.306255,False,False
NGC 6624,-986.8,256.870433,-29.1451431,7.87620577,-4.8223006,6.80784011,-0.326620349,-0.657458898,0.934493885,0.734120599,1.18836521,-127.559789,-1.87378594,-54.5149149,-3.06143403,-6.33891308,-125.586902,False,False
NGC 6624,-986.9,256.850807,-29.1206342,7.88975959,-4.81264322,6.83617081,-0.313546627,-0.657235615,0.93994069,0.728196499,1.18901583,-128.105147,-2.49169496,-52.0012185,-3.12372648,-6.29988223,-125.849337,False,False
NGC 6624,-987,256.833335,-29.096936,7.90333459,-4.80252626,6.86250977,-0.300417969,-0.656949444,0.945130193,0.72238046,1.1895817,-128.634105,-3.10361898,-49.4831777,-3.18550267,-6.26085068,-126.093766,False,False
NGC 6624,-987.1,256.818002,-29.0740508,7.91692878,-4.79195764,6.88686518,-0.287236055,-0.656600995,0.950061951,0.716679439,1.19006182,-129.146617,-3.70961814,-46.9607998,-3.24676836,-6.22182592,-126.32039,False,False
NGC 6624,-987.2,256.804793,-29.0519805,7.93054019,-4.7809452,6.90924524,-0.274002569,-0.65619087,0.954735521,0.711100461,1.19045528,-129.642631,-4.30975187,-44.4340902,-3.30752939,-6.18281516,-126.529401,False,False
NGC 6624,-987.3,256.793695,-29.0307272,7.94416685,-4.76949671,6.92965817,-0.2607192,-0.655719666,0.959150461,0.705650609,1.19076126,-130.12209,-4.90407888,-41.9030521,-3.36779173,-6.14382537,-126.720987,False,False
NGC 6624,-987.4,256.784692,-29.0102925,7.95780684,-4.75761983,6.94811215,-0.247387646,-0.655187974,0.963306326,0.70033701,1.19097901,-130.584933,-5.4926572,-39.367687,-3.42756142,-6.10486327,-126.895328,False,False
NGC 6624,-987.5,256.777771,-28.990678,7.97145825,-4.74532216,6.96461536,-0.234009609,-0.654596378,0.967202676,0.695166826,1.19110786,-131.031093,-6.0755442,-36.8279954,-3.48684457,-6.06593535,-127.052597,False,False
NGC 6624,-987.6,256.772918,-28.971885,7.9851192,-4.73261119,6.97917597,-0.220586799,-0.653945459,0.970839067,0.69014723,1.19114722,-131.4605,-6.65279664,-34.2839765,-3.54564737,-6.0270479,-127.192963,False,False
NGC 6624,-987.7,256.770119,-28.9539148,7.9987878,-4.71949434,6.99180211,-0.207120932,-0.653235789,0.974215056,0.685285398,1.19109658,-131.873077,-7.22447071,-31.735629,-3.60397606,-5.98820699,-127.316585,False,False
NGC 6624,-987.8,256.769361,-28.9367683,8.01246222,-4.70597894,7.0025019,-0.193613735,-0.652467937,0.977330202,0.680588486,1.1909555,-132.268743,-7.79062201,-29.1829511,-3.66183691,-5.94941848,-127.423618,False,False
NGC 6624,-987.9,256.77063,-28.9204466,8.02614063,-4.69207225,7.01128342,-0.180066941,-0.651642463,0.98018406,0.676063609,1.19072364,-132.647411,-8.35130564,-26.6259411,-3.71923625,-5.91068806,-127.51421,False,False
NGC 6624,-988,256.773914,-28.9049503,8.0398212,-4.67778143,7.01815471,-0.166482293,-0.650759925,0.982776189,0.671717823,1.19040072,-133.008991,-8.90657624,-24.0645973,-3.77618043,-5.87202125,-127.588501,False,False
NGC 6624,-988.1,256.779199,-28.8902801,8.05350214,-4.66311355,7.0231238,-0.152861545,-0.649820873,0.985106144,0.667558101,1.18998653,-133.353385,-9.45648799,-21.4989187,-3.83267579,-5.83342338,-127.646628,False,False
NGC 6624,-988.2,256.786473,-28.8764365,8.06718168,-4.64807561,7.02619864,-0.139206457,-0.648825853,0.987173482,0.663591308,1.18948094,-133.680492,-10.0010947,-18.9289049,-3.88872873,-5.79489963,-127.688717,False,False
NGC 6624,-988.3,256.795724,-28.8634198,8.08085804,-4.63267453,7.02738717,-0.125518804,-0.647775404,0.98897776,0.659824176,1.18888391,-133.990206,-10.5404497,-16.3545567,-3.94434562,-5.75645505,-127.714892,False,False
NGC 6624,-988.4,256.806938,-28.8512302,8.09452949,-4.61691712,7.02669726,-0.111800371,-0.646670061,0.990518535,0.656263278,1.18819546,-134.282414,-11.0746062,-13.7758759,-3.99953283,-5.71809453,-127.725268,False,False
NGC 6624,-988.5,256.820105,-28.8398679,8.10819427,-4.60081014,7.02413676,-0.0980529535,-0.645510352,0.991795364,0.652914999,1.1874157,-134.557,-11.6036171,-11.1928662,-4.05429673,-5.67982282,-127.719954,False,False
NGC 6624,-988.6,256.835211,-28.8293327,8.12185069,-4.58436024,7.01971343,-0.0842783598,-0.644296802,0.992807804,0.649785512,1.18654479,-134.813842,-12.1275349,-8.60553301,-4.10864366,-5.64164459,-127.699054,False,False
NGC 6624,-988.7,256.852246,-28.8196245,8.13549701,-4.567574,7.01343502,-0.0704784114,-0.643029928,0.993555413,0.646880743,1.185583,-135.052813,-12.6464122,-6.01388389,-4.16257995,-5.60356435,-127.662665,False,False
NGC 6624,-988.8,256.871199,-28.8107431,8.14913155,-4.55045791,7.00530921,-0.0566549427,-0.641710244,0.994037751,0.644206349,1.18453065,-135.273779,-13.1603012,-3.41792876,-4.21611189,-5.56558653,-127.610877,False,False
NGC 6624,-988.9,256.892057,-28.8026881,8.16275262,-4.53301839,6.99534362,-0.0428098019,-0.640338257,0.994254378,0.641767685,1.18338816,-135.476605,-13.6692541,-0.817680197,-4.26924575,-5.52771547,-127.543775,False,False
NGC 6624,-989,256.91481,-28.7954589,8.17635856,-4.51526175,6.98354583,-0.0289448516,-0.638914468,0.994204856,0.639569779,1.182156,-135.661147,-14.1733233,1.78684628,-4.32198774,-5.4899554,-127.461439,False,False
NGC 6624,-989.1,256.939447,-28.7890551,8.18994768,-4.49719424,6.96992335,-0.0150619692,-0.637439375,0.993888747,0.637617299,1.18083473,-135.827257,-14.6725609,4.39563193,-4.37434403,-5.4523105,-127.36394,False,False
NGC 6624,-989.2,256.965958,-28.7834757,8.20351835,-4.47882202,6.95448364,-0.0011630476,-0.63591347,0.993305618,0.635914533,1.17942501,-135.974782,-15.1670193,7.00865455,-4.42632075,-5.41478485,-127.251345,False,False
NGC 6624,-989.3,256.994331,-28.7787202,8.21706892,-4.46015117,6.93723411,0.0127500046,-0.634337237,0.992455037,0.63446536,1.17792754,-136.103565,-15.6567508,9.62588811,-4.47792396,-5.37738249,-127.123716,False,False
NGC 6624,-989.4,257.024557,-28.7747874,8.23059774,-4.44118767,6.91818211,0.0266752623,-0.632711159,0.991336573,0.633273227,1.17634314,-136.213443,-16.1418082,12.2473025,-4.52915966,-5.34010739,-126.981106,False,False
NGC 6624,-989.5,257.056626,-28.7716764,8.24410319,-4.42193744,6.89733494,0.0406107834,-0.63103571,0.989949802,0.632341129,1.17467268,-136.304246,-16.6222442,14.8728634,-4.58003379,-5.30296349,-126.823566,False,False
NGC 6624,-989.6,257.090528,-28.769386,8.25758365,-4.40240629,6.87469983,0.0545546083,-0.629311361,0.988294302,0.631671587,1.17291714,-136.375803,-17.0981119,17.5025316,-4.6305522,-5.26595466,-126.651139,False,False
NGC 6624,-989.7,257.126253,-28.7679151,8.2710375,-4.38259997,6.85028398,0.0685047597,-0.627538575,0.986369653,0.631266635,1.17107756,-136.427934,-17.5694649,20.1362629,-4.68072069,-5.22908478,-126.463863,False,False
NGC 6624,-989.8,257.163792,-28.7672622,8.28446314,-4.36252414,6.82409451,0.0824592415,-0.625717812,0.984175445,0.631127805,1.16915508,-136.460457,-18.036357,22.7740079,-4.73054496,-5.19235768,-126.26177,False,False
NGC 6624,-989.9,257.203135,-28.767426,8.29785895,-4.34218436,6.79613852,0.0964160387,-0.623849525,0.981711267,0.631256114,1.16715093,-136.473183,-18.4988425,25.4157115,-4.78003061,-5.15577718,-126.044887,False,False
NGC 6624,-990,257.244274,-28.7684049,8.31122334,-4.32158613,6.76642303,0.110373117,-0.621934162,0.97897672,0.631652061,1.16506641,-136.46592,-18.9569763,28.0613126,-4.82918318,-5.1193471,-125.813236,False,False
NGC 6624,-990.1,257.287199,-28.7701973,8.32455471,-4.30073484,6.73495504,0.124328422,-0.619972165,0.975971408,0.632315619,1.16290293,-136.43847,-19.4108137,30.7107438,-4.87800808,-5.08307126,-125.566833,False,False
NGC 6624,-990.2,257.331903,-28.7728014,8.33785147,-4.27963581,6.70174146,0.138279878,-0.617963971,0.972694942,0.633246235,1.16066199,-136.390629,-19.8604107,33.3639307,-4.92651065,-5.04695347,-125.305688,False,False
NGC 6624,-990.3,257.378376,-28.7762154,8.35111203,-4.25829427,6.66678921,0.152225391,-0.615910011,0.969146944,0.634442835,1.15834516,-136.322191,-20.3058241,36.0207922,-4.97469607,-5.01099758,-125.029809,False,False
NGC 6624,-990.4,257.42661,-28.7804374,8.3643348,-4.23671537,6.63010512,0.166162842,-0.613810709,0.96532704,0.635903827,1.15595414,-136.232944,-20.7471113,38.6812393,-5.02256946,-4.97520745,-124.739194,False,False
NGC 6624,-990.5,257.476597,-28.7854654,8.37751821,-4.21490416,6.59169601,0.180090092,-0.611666485,0.96123487,0.637627109,1.1534907,-136.122671,-21.1843306,41.3451753,-5.07013579,-4.939587,-124.433842,False,False
NGC 6624,-990.6,257.528328,-28.7912971,8.39066065,-4.19286563,6.55156866,0.19400498,-0.609477751,0.956870081,0.639610086,1.15095674,-135.991152,-21.6175409,44.012495,-5.11739991,-4.90414014,-124.113743,False,False
NGC 6624,-990.7,257.581797,-28.7979304,8.40376056,-4.17060464,6.50972981,0.207905321,-0.607244915,0.952232335,0.641849678,1.14835423,-135.838162,-22.0468023,46.6830846,-5.16436652,-4.86887088,-123.778883,False,False
NGC 6624,-990.8,257.636996,-28.8053628,8.41681634,-4.14812601,6.46618617,0.221788908,-0.604968377,0.947321301,0.644342345,1.14568526,-135.66347,-22.4721758,49.3568208,-5.21104021,-4.83378327,-123.429244,False,False
NGC 6624,-990.9,257.693916,-28.8135921,8.42982642,-4.12543443,6.42094443,0.23565351,-0.602648532,0.942136667,0.647084098,1.14295202,-135.466845,-22.8937234,52.0335706,-5.25742541,-4.79888141,-123.064805,False,False
NGC 6624,-991,257.752551,-28.8226155,8.44278921,-4.10253453,6.37401125,0.24949687,-0.600285768,0.93667813,0.650070528,1.14015684,-135.248049,-23.3115081,54.7131906,-5.30352637,-4.76416949,-122.685539,False,False
NGC 6624,-991.1,257.812893,-28.8324304,8.45570313,-4.07943084,6.32539328,0.26331671,-0.597880466,0.930945404,0.653296825,1.13730211,-135.00684,-23.7255942,57.3955266,-5.34934722,-4.72965179,-122.291416,False,False
NGC 6624,-991.2,257.874935,-28.843034,8.46856658,-4.05612779,6.27509715,0.277110725,-0.595433001,0.924938222,0.656757804,1.13439038,-134.742975,-24.136047,60.0804131,-5.3948919,-4.69533267,-121.8824,False,False
NGC 6624,-991.3,257.938671,-28.8544234,8.48137799,-4.03262974,6.2231295,0.290876586,-0.592943742,0.91865633,0.66044793,1.13142429,-134.456206,-24.5429333,62.7676725,-5.44016416,-4.6612166,-121.458454,False,False
NGC 6624,-991.4,258.004093,-28.8665956,8.49413575,-4.00894094,6.16949693,0.304611936,-0.590413049,0.912099496,0.664361347,1.12840662,-134.146281,-24.946321,65.4571144,-5.48516757,-4.62730815,-121.019536,False,False
NGC 6624,-991.5,258.071195,-28.8795475,8.50683829,-3.98506556,6.11420608,0.318314394,-0.587841277,0.905267506,0.6684919,1.12534025,-133.812947,-25.3462794,68.1485354,-5.52990551,-4.59361203,-120.565602,False,False
NGC 6624,-991.6,258.139971,-28.8932758,8.51948399,-3.96100766,6.05726357,0.331981555,-0.585228774,0.898160169,0.672833167,1.12222821,-133.455947,-25.7428794,70.8417177,-5.57438113,-4.56013307,-120.096602,False,False
NGC 6624,-991.7,258.210413,-28.907777,8.53207125,-3.93677124,5.99867607,0.345610983,-0.582575878,0.890777317,0.67737848,1.11907365,-133.075023,-26.1361932,73.5364292,-5.61859738,-4.52687624,-119.612488,False,False
NGC 6624,-991.8,258.282516,-28.9230476,8.54459849,-3.91236015,5.93845023,0.359200219,-0.579882923,0.883118805,0.682120958,1.11587984,-132.669913,-26.5262944,76.2324217,-5.66255696,-4.49384666,-119.113204,False,False
NGC 6624,-991.9,258.356274,-28.939084,8.55706408,-3.88777821,5.87659277,0.372746776,-0.577150232,0.875184517,0.687053528,1.11265021,-132.240355,-26.9132583,78.9294309,-5.70626233,-4.46104964,-118.598696,False,False
NGC 6624,-992,258.43168,-28.9558824,8.56946641,-3.86302908,5.81311042,0.386248141,-0.574378124,0.866974363,0.69216895,1.1093883,-131.786085,-27.2971619,81.6271753,-5.74971569,-4.42849062,-118.068905,False,False
NGC 6624,-992.1,258.508727,-28.9734388,8.58180386,-3.83811637,5.74800998,0.399701771,-0.571566906,0.858488281,0.697459844,1.10609781,-131.306837,-27.6780837,84.3253551,-5.79291896,-4.39617526,-117.523772,False,False
NGC 6624,-992.2,258.587411,-28.991749,8.59407482,-3.81304357,5.68129827,0.4131051,-0.56871688,0.849726246,0.70291871,1.10278257,-130.802346,-28.0561038,87.023651,-5.83587377,-4.36410942,-116.963237,False,False
NGC 6624,-992.3,258.667726,-29.0108089,8.60627766,-3.78781407,5.61298221,0.426455532,-0.565828338,0.84068826,0.708537952,1.09944658,-130.272345,-28.4313042,89.7217238,-5.87858143,-4.33229916,-116.387237,False,False
NGC 6624,-992.4,258.749665,-29.030614,8.61841073,-3.76243115,5.54306877,0.439750444,-0.562901565,0.831374366,0.714309894,1.09609396,-129.716569,-28.8037687,92.4192126,-5.92104293,-4.30075077,-115.79571,False,False
NGC 6624,-992.5,258.833222,-29.0511596,8.63047242,-3.73689802,5.47156502,0.452987187,-0.559936836,0.821784642,0.720226805,1.09272899,-129.134753,-29.1735826,95.1157338,-5.96325891,-4.2694708,-115.188593,False,False
NGC 6624,-992.6,258.918392,-29.0724411,8.64246106,-3.71121776,5.39847812,0.466163084,-0.556934417,0.811919209,0.726280914,1.08935612,-128.526633,-29.5408332,97.81088,-6.00522962,-4.23846603,-114.565823,False,False
NGC 6624,-992.7,259.00517,-29.0944534,8.65437502,-3.68539334,5.32381535,0.479275431,-0.553894566,0.801778228,0.732464422,1.08597995,-127.891948,-29.9056097,100.504218,-6.04695492,-4.20774353,-113.927339,False,False
NGC 6624,-992.8,259.093548,-29.1171914,8.66621265,-3.65942765,5.24758411,0.492321499,-0.550817532,0.791361908,0.738769526,1.08260523,-127.230438,-30.2680029,103.195288,-6.08843424,-4.17731068,-113.273079,False,False
NGC 6624,-992.9,259.183522,-29.1406497,8.67797227,-3.63332345,5.16979191,0.505298531,-0.547703554,0.780670506,0.745188425,1.07923687,-126.541847,-30.6281056,105.883602,-6.12966655,-4.14717513,-112.602985,False,False
NGC 6624,-993,259.275086,-29.1648227,8.68965224,-3.60708341,5.09044647,0.518203745,-0.54455286,0.76970433,0.751713335,1.07587996,-125.825923,-30.9860124,108.56864,-6.17065035,-4.11734489,-111.916998,False,False
NGC 6624,-993.1,259.368234,-29.1897048,8.70125088,-3.58071007,5.00955562,0.531034332,-0.541365671,0.758463743,0.758336502,1.07253974,-125.08242,-31.3418199,111.249852,-6.21138358,-4.08782833,-111.215066,False,False
NGC 6624,-993.2,259.46296,-29.2152898,8.71276651,-3.55420588,4.9271274,0.543787459,-0.538142196,0.746949166,0.76505021,1.06922162,-124.311094,-31.6956261,113.926651,-6.25186364,-4.05863418,-110.497136,False,False
NGC 6624,-993.3,259.559258,-29.2415715,8.72419747,-3.52757316,4.84317007,0.556460269,-0.534882635,0.735161081,0.771846788,1.06593118,-123.511711,-32.0475312,116.598415,-6.29208732,-4.02977157,-109.763161,False,False
NGC 6624,-993.4,259.657122,-29.2685434,8.73554207,-3.50081414,4.7576921,0.56904988,-0.531587177,0.723100036,0.778718623,1.06267415,-122.684042,-32.3976371,119.264484,-6.33205075,-4.00125008,-109.0131,False,False
NGC 6624,-993.5,259.756546,-29.2961988,8.74679864,-3.47393091,4.67070221,0.581553389,-0.528256001,0.710766651,0.785658162,1.05945645,-121.827868,-32.7460471,121.924153,-6.37174934,-3.97307973,-108.246916,False,False
NGC 6624,-993.6,259.857523,-29.3245305,8.75796547,-3.44692546,4.58220939,0.59396787,-0.524889275,0.698161617,0.792657922,1.05628416,-120.942979,-33.0928667,124.576673,-6.41117775,-3.94527104,-107.464578,False,False
NGC 6624,-993.7,259.960047,-29.3535313,8.76904088,-3.41979966,4.49222293,0.606290375,-0.521487156,0.685285706,0.799710493,1.05316351,-120.029176,-33.4382024,127.221249,-6.45032981,-3.91783506,-106.666063,False,False
NGC 6624,-993.8,260.064112,-29.3831935,8.7800232,-3.39255526,4.40075245,0.618517938,-0.518049791,0.672139773,0.806808543,1.0501009,-119.08627,-33.7821625,129.857031,-6.48919844,-3.89078342,-105.851354,False,False
NGC 6624,-993.9,260.16971,-29.4135092,8.79091071,-3.36519389,4.30780793,0.630647572,-0.514577314,0.658724764,0.813944821,1.0471029,-118.114087,-34.1248568,132.483116,-6.52777557,-3.86412833,-105.020446,False,False
NGC 6624,-994,260.276834,-29.4444699,8.80170174,-3.33771706,4.21339973,0.642676277,-0.511069849,0.645041718,0.821112165,1.04417623,-117.112467,-34.4663962,135.098538,-6.56605209,-3.83788269,-104.173342,False,False
NGC 6624,-994.1,260.385477,-29.4760672,8.81239459,-3.31012617,4.11753862,0.654601033,-0.507527509,0.631091778,0.828303498,1.04132777,-116.081267,-34.8068927,137.702268,-6.6040177,-3.81206009,-103.310056,False,False
NGC 6624,-994.2,260.49563,-29.5082918,8.82298758,-3.28242248,4.02023588,0.666418809,-0.503950394,0.616876196,0.835511836,1.03856452,-115.02036,-35.1464594,140.293205,-6.64166082,-3.78667491,-102.430614,False,False
NGC 6624,-994.3,260.607286,-29.5411344,8.83347903,-3.25460713,3.92150325,0.678126561,-0.500338594,0.602396341,0.84273029,1.03589367,-113.92964,-35.48521,142.870171,-6.67896848,-3.76174236,-101.535055,False,False
NGC 6624,-994.4,260.720437,-29.5745851,8.84386725,-3.22668114,3.82135306,0.689721235,-0.496692187,0.587653703,0.849952064,1.0333225,-112.809021,-35.8232588,145.431905,-6.71592617,-3.73727856,-100.623432,False,False
NGC 6624,-994.5,260.835072,-29.6086336,8.85415059,-3.19864542,3.71979823,0.701199771,-0.493011238,0.572649911,0.857170461,1.03085844,-111.658442,-36.1607206,147.977054,-6.75251769,-3.71330062,-99.6958153,False,False
NGC 6624,-994.6,260.951182,-29.6432689,8.86432736,-3.17050072,3.61685233,0.712559102,-0.489295801,0.557386732,0.864378884,1.02850903,-110.477863,-36.49771,150.504166,-6.78872496,-3.68982675,-98.7522893,False,False
NGC 6624,-994.7,261.068757,-29.6784798,8.87439593,-3.1422477,3.51252969,0.723796159,-0.48554592,0.54186609,0.871570835,1.02628192,-109.267277,-36.8343412,153.011678,-6.82452783,-3.66687633,-97.7929582,False,False
NGC 6624,-994.8,261.187786,-29.7142544,8.88435465,-3.11388686,3.40684542,0.734907874,-0.481761624,0.526090076,0.878739919,1.02418485,-108.026702,-37.1707281,155.497905,-6.85990388,-3.64447006,-96.817945,False,False
NGC 6624,-994.9,261.308258,-29.7505803,8.8942019,-3.08541861,3.29981549,0.745891183,-0.477942933,0.510060958,0.885879847,1.02222565,-106.75619,-37.5069831,157.961033,-6.89482813,-3.6226301,-95.8273938,False,False
NGC 6624,-995,261.430158,-29.7874442,8.90393605,-3.0568432,3.19145686,0.756743027,-0.474089855,0.493781197,0.892984434,1.02041221,-105.455828,-37.8432173,160.399095,-6.92927279,-3.60138017,-94.8214706,False,False
NGC 6624,-995.1,261.553475,-29.8248324,8.91355552,-3.02816078,3.08178751,0.767460361,-0.470202386,0.477253463,0.900047604,1.01875245,-104.125739,-38.1795395,162.809966,-6.96320691,-3.58074577,-93.8003654,False,False
NGC 6624,-995.2,261.678193,-29.8627304,8.92305874,-2.99937136,2.97082663,0.778040151,-0.466280512,0.460480655,0.90706339,1.01725436,-102.766087,-38.516056,165.191338,-6.99659602,-3.56075436,-92.7642928,False,False
NGC 6624,-995.3,261.804296,-29.9011228,8.93244414,-2.97047483,2.85859464,0.788479385,-0.462324208,0.443465916,0.914025938,1.0159259,-101.377079,-38.8528695,167.540699,-7.02940174,-3.54143555,-91.7134941,False,False
NGC 6624,-995.4,261.931768,-29.9399935,8.94171022,-2.94147096,2.7451134,0.798775074,-0.458333438,0.426212657,0.920929508,1.01477504,-99.9589697,-39.1900789,169.855316,-7.06158127,-3.5228214,-90.6482381,False,False
NGC 6624,-995.5,262.060589,-29.9793253,8.95085547,-2.91235941,2.63040634,0.808924254,-0.454308157,0.408724583,0.927768479,1.01380971,-98.5120621,-39.5277778,172.132202,-7.0930869,-3.50494665,-89.5688225,False,False
NGC 6624,-995.6,262.19074,-30.0191002,8.95987843,-2.88313971,2.51449859,0.818924001,-0.450248311,0.391005715,0.934537351,1.01303777,-97.0367133,-39.866054,174.368093,-7.12386537,-3.48784907,-88.4755752,False,False
NGC 6624,-995.7,262.322198,-30.0592989,8.96877767,-2.85381127,2.39741722,0.828771424,-0.446153835,0.373060427,0.941230747,1.01246699,-95.5333376,-40.2049884,176.559409,-7.15385727,-3.47156975,-87.3688547,False,False
NGC 6624,-995.8,262.454939,-30.099901,8.9775518,-2.8243734,2.27919142,0.838463683,-0.44202466,0.354893477,0.947843419,1.012105,-94.0024103,-40.5446536,178.702222,-7.18299621,-3.45615358,-86.2490512,False,False
NGC 6624,-995.9,262.588937,-30.1408847,8.98619947,-2.79482531,2.15985273,0.847997985,-0.437860706,0.33651004,0.954370254,1.01195928,-92.4444718,-40.885113,180.792212,-7.21120805,-3.44164958,-85.1165869,False,False
NGC 6624,-996,262.724162,-30.1822269,8.99471936,-2.76516609,2.03943532,0.8573716,-0.43366189,0.317915759,0.960806274,1.01203712,-90.8601318,-41.2264187,182.824628,-7.23841006,-3.42811139,-83.9719154,False,False
NGC 6624,-996.1,262.860583,-30.2239029,9.00311023,-2.73539477,1.91797627,0.866581861,-0.429428124,0.299116786,0.967146646,1.01234554,-89.2500738,-41.5686106,184.794237,-7.26450989,-3.41559775,-82.8155215,False,False
NGC 6624,-996.2,262.998164,-30.2658861,9.01137086,-2.70551026,1.79551589,0.875626176,-0.425159315,0.280119834,0.973386687,1.01289129,-87.6150592,-41.9117145,186.695278,-7.28940467,-3.40417297,-81.64792,False,False
NGC 6624,-996.3,263.136866,-30.3081483,9.01950009,-2.6755114,1.67209805,0.884502036,-0.420855368,0.260932235,0.97952187,1.01368078,-85.9559319,-42.2557398,188.521419,-7.31298002,-3.39390735,-80.4696532,False,False
NGC 6624,-996.4,263.276646,-30.3506589,9.02749683,-2.64539697,1.54777059,0.893207021,-0.416516192,0.241561996,0.985547828,1.01472002,-84.2736228,-42.6006782,190.265712,-7.33510927,-3.38487755,-79.2812884,False,False
NGC 6624,-996.5,263.417458,-30.3933853,9.03536003,-2.6151657,1.42258569,0.901738812,-0.412141692,0.22201787,0.991460367,1.01601456,-82.5691536,-42.9465013,191.92057,-7.35565288,-3.37716676,-78.0834128,False,False
NGC 6624,-996.6,263.559248,-30.4362925,9.04308871,-2.58481625,1.29660035,0.910095199,-0.407731781,0.202309423,0.997255472,1.01756945,-80.8436409,-43.2931587,193.477752,-7.3744581,-3.37086469,-76.8766292,False,False
NGC 6624,-996.7,263.701961,-30.4793426,9.05068195,-2.55434728,1.1698767,0.918274091,-0.403286378,0.182447091,1.00292931,1.01938911,-79.0982993,-43.640576,194.928392,-7.39135949,-3.36606704,-75.6615488,False,False
NGC 6624,-996.8,263.845531,-30.5224952,9.05813889,-2.5237574,1.04248243,0.926273527,-0.398805409,0.162442248,1.00847826,1.0214773,-77.3344436,-43.9886529,196.263064,-7.40618018,-3.36287454,-74.4387834,False,False
NGC 6624,-996.9,263.989891,-30.5657069,9.06545872,-2.49304525,0.914491116,0.934091684,-0.394288814,0.142307255,1.01389888,1.02383705,-75.55349,-44.3372622,197.471911,-7.41873433,-3.36139117,-73.208937,False,False
NGC 6624,-997,264.134964,-30.6089313,9.07264072,-2.46220946,0.785982398,0.94172689,-0.389736545,0.122055496,1.01918797,1.02647048,-73.7569546,-44.6862484,198.544857,-7.42883118,-3.36172146,-71.9725968,False,False
NGC 6624,-997.1,264.280669,-30.6521193,9.07968419,-2.43124872,0.657042042,0.949177634,-0.385148573,0.101701382,1.02434252,1.02937883,-71.9464505,-45.035428,199.4719,-7.43628083,-3.36396677,-70.730324,False,False
NGC 6624,-997.2,264.426917,-30.6952186,9.0865885,-2.40016176,0.527761772,0.956442574,-0.380524889,0.0812603281,1.0293598,1.03256226,-70.1236807,-45.3845904,200.243507,-7.44090186,-3.36822049,-69.4826469,False,False
NGC 6624,-997.3,264.573614,-30.7381749,9.09335309,-2.36894737,0.398238803,0.963520545,-0.375865507,0.0607486815,1.03423726,1.03601985,-68.290428,-45.7334997,200.851079,-7.4425305,-3.3745624,-68.2300561,False,False
NGC 6624,-997.4,264.720661,-30.7809315,9.09997741,-2.33760443,0.268575085,0.97041057,-0.371170465,0.0401835976,1.03897266,1.03974945,-66.4485408,-46.0818982,201.287473,-7.44103072,-3.38305263,-66.9730037,False,False
NGC 6624,-997.5,264.867953,-30.8234304,9.10646098,-2.30613193,0.138876208,0.977111861,-0.36643983,0.0195828666,1.04356396,1.04374768,-64.5999139,-46.4295114,201.547499,-7.43630408,-3.39372588,-65.7119071,False,False
NGC 6624,-997.6,265.015385,-30.8656132,9.11280335,-2.27452894,0.00925002212,0.983623829,-0.361673697,-0.00103530719,1.0480094,1.04800991,-62.7464666,-46.7760532,201.62835,-7.42829811,-3.40658676,-64.4471566,False,False
NGC 6624,-997.7,265.162849,-30.9074213,9.11900411,-2.24279467,-0.120194998,0.989946077,-0.356872189,-0.0216525697,1.05230746,1.0525302,-60.8901176,-47.1212327,201.529872,-7.41701166,-3.42160714,-63.1791272,False,False
NGC 6624,-997.8,265.310236,-30.9487976,9.12506288,-2.21092844,-0.249351443,0.996078407,-0.352035461,-0.042250689,1.05645689,1.05730141,-59.0327584,-47.4647611,201.254638,-7.40249635,-3.43872601,-61.9081911,False,False
NGC 6624,-997.9,265.457443,-30.9896871,9.13097932,-2.17892969,-0.378114667,1.00202081,-0.347163697,-0.0628118305,1.06045666,1.06231524,-57.176228,-47.8063574,200.807801,-7.38485379,-3.45785193,-60.6347303,False,False
NGC 6624,-998,265.604368,-31.0300372,9.13675313,-2.14679797,-0.506384307,1.00777346,-0.342257108,-0.0833188049,1.06430601,1.06756232,-55.3222886,-48.1457547,200.19676,-7.36422899,-3.47886786,-59.359145,False,False
NGC 6624,-998.1,265.750914,-31.0697992,9.14238406,-2.11453296,-0.634065549,1.01333671,-0.337315931,-0.103755276,1.06800437,1.07303238,-53.4726064,-48.4827038,199.430678,-7.34080115,-3.50163738,-58.081859,False,False
NGC 6624,-998.2,265.89699,-31.1089282,9.14787188,-2.08213442,-0.761070023,1.01871108,-0.332340429,-0.12410591,1.07155141,1.07871437,-51.6287354,-48.8169768,198.519956,-7.31477317,-3.52601161,-56.8033197,False,False
NGC 6624,-998.3,266.042513,-31.1473833,9.15321643,-2.04960223,-0.88731641,1.02389722,-0.327330886,-0.144356478,1.07494699,1.08459662,-49.7921075,-49.1483685,197.475694,-7.28636131,-3.55183586,-55.5239936,False,False
NGC 6624,-998.4,266.187404,-31.185128,9.15841759,-2.01693633,-1.01273068,1.02889597,-0.322287606,-0.164493903,1.07819118,1.09066698,-47.9640262,-49.4766967,196.309225,-7.25578607,-3.57895537,-54.2443604,False,False
NGC 6624,-998.5,266.331594,-31.22213,9.16347527,-1.98413677,-1.13724608,1.03370823,-0.317210912,-0.18450626,1.08128418,1.09691296,-46.1456651,-49.8018023,195.031734,-7.22326466,-3.6072199,-52.9649039,False,False
NGC 6624,-998.6,266.475019,-31.258361,9.16838946,-1.95120362,-1.26080292,1.03833508,-0.312101139,-0.204382751,1.08422639,1.10332188,-44.3380696,-50.1235474,193.653973,-7.1890056,-3.63648697,-51.6861038,False,False
NGC 6624,-998.7,266.617622,-31.2937963,9.17316017,-1.91813705,-1.38334816,1.04277765,-0.306958638,-0.224113643,1.08701832,1.10988097,-42.5421615,-50.4418143,192.186073,-7.15320495,-3.66662399,-50.4084273,False,False
NGC 6624,-998.8,266.759351,-31.328415,9.17778748,-1.88493726,-1.50483499,1.04703718,-0.30178377,-0.243690206,1.08966064,1.11657746,-40.758745,-50.7565037,190.637432,-7.11604422,-3.69750935,-49.1323227,False,False
NGC 6624,-998.9,266.90016,-31.3621992,9.18227149,-1.85160451,-1.6252223,1.05111499,-0.296576904,-0.263104629,1.0921541,1.1233987,-38.9885139,-51.0675325,189.016666,-7.07768939,-3.72903277,-47.8582139,False,False
NGC 6624,-999,267.040009,-31.3951338,9.18661237,-1.81813909,-1.74447414,1.05501246,-0.29133842,-0.282349944,1.09449959,1.13033219,-37.2320605,-51.3748323,187.3316,-7.03829083,-3.76109518,-46.5864969,False,False
NGC 6624,-999.1,267.178862,-31.4272064,9.1908103,-1.7845413,-1.86255922,1.05873102,-0.2860687,-0.30141994,1.09669807,1.13736566,-35.4898833,-51.6783474,185.5893,-6.99798386,-3.79360814,-45.3175369,False,False
NGC 6624,-999.2,267.316686,-31.4584068,9.19486551,-1.75081151,-1.97945044,1.06227215,-0.280768135,-0.320309097,1.09875059,1.14448712,-33.7623955,-51.9780336,183.796108,-6.95688953,-3.82649318,-44.0516679,False,False
NGC 6624,-999.3,267.453453,-31.4887271,9.19877827,-1.71695008,-2.09512437,1.06563737,-0.275437118,-0.339012503,1.10065826,1.15168489,-32.0499334,-52.2738563,181.957701,-6.91511576,-3.85968092,-42.7891919,True,True
NGC 6624,-999.4,267.589138,-31.5181607,9.20254887,-1.68295742,-2.20956091,1.06882824,-0.270076046,-0.357525799,1.10242228,1.15894761,-30.352764,-52.5657898,180.079146,-6.87275849,-3.89311025,-41.5303796,True,True
NGC 6624,-999.5,267.723718,-31.5467029,9.20617761,-1.64883392,-2.32274285,1.07184633,-0.264685317,-0.375845115,1.10404387,1.1662643,-28.6710923,-52.8538156,178.164958,-6.82990278,-3.9267275,-40.2754716,True,True
NGC 6624,-999.6,267.857174,-31.5743503,9.20966485,-1.61458001,-2.43465556,1.07469323,-0.259265332,-0.393967016,1.10552433,1.17362432,-27.0050677,-53.1379217,176.219158,-6.78662395,-3.9604856,-39.02468,True,True
NGC 6624,-999.7,267.989489,-31.6011008,9.21301094,-1.58019614,-2.54528667,1.07737055,-0.253816491,-0.411888455,1.10686499,1.18101744,-25.3547911,-53.4181018,174.245323,-6.74298864,-3.99434339,-37.77819,True,True
NGC 6624,-999.8,268.120646,-31.6269533,9.21621625,-1.54568275,-2.65462582,1.0798799,-0.248339197,-0.429606732,1.10806721,1.1884338,-23.7203195,-53.6943543,172.246634,-6.69905575,-4.02826493,-36.5361616,True,True
NGC 6624,-999.9,268.250633,-31.6519073,9.21928119,-1.51104029,-2.76266441,1.0822229,-0.242833851,-0.447119451,1.1091324,1.19586391,-22.1016721,-53.966682,170.225924,-6.65487728,-4.06221892,-35.298732,True,True
NGC 6624,-1000,268.379437,-31.6759637,9.22220616,-1.47626924,-2.86939535,1.08440117,-0.237300854,-0.464424492,1.11006197,1.20329867,-20.4988345,-54.235091,168.18571,-6.61049915,-4.0961781,-34.0660174,True,True
